6190,441.047
1,0.4405243487153936,0.25400232771143655,5.702387199637777,1
2,0.04824497561498477,0.04472918738009931,3.7441332883647194,0
3,0.5689202669101888,0.5718736496499393,4.395260725697481,1
4,0.3870060719906262,0.5059116585742385,1.589878969835773,1
5,0.6520002857518169,0.596027056912233,6.102212286500963,1
6,0.4947450884539188,0.48230631161461635,4.606786959342253,1
7,0.43108498801880757,0.21845220514137395,5.832392602933431,0
8,0.5920850832355209,0.4384383604622727,6.135139685650863,1
9,0.5842729414285711,0.40977670619085427,4.861677351176743,1
10,0.49136113670451753,0.31145605065088156,0.7706042366957182,1
11,0.5736156871654574,0.7131020243648157,5.782330658789937,1
12,0.4729768161723097,0.29667577683043383,4.811373776548628,0
13,0.5641202209002253,0.26743779505156845,0.3875508284219877,1
14,0.6552955326054416,0.3387469507889127,3.2819291463005427,1
15,0.5243875469427628,0.46367539786782636,4.971378923614883,1
16,0.7027507786531512,0.4975031962551363,0.15489304701423098,0
17,0.5077214964309863,0.6791957775167774,0.6557692821687493,1
18,0.4279784385454333,0.2922267729294547,3.5503033490743845,1
19,0.49547627482729434,0.30920949213143,3.582470577182872,1
20,0.6085038411166387,0.3730940988908988,0.20353908160387454,1
21,0.5856212053383293,0.47635257422198235,4.88249217420658,1
22,0.06254290930734144,0.9758073320017235,6.176738173390632,0
23,0.35054830407454307,0.383988867452974,4.091689145744913,1
24,0.5522451400288132,0.2860261626484798,6.076364598792411,1
25,0.3901451774247963,0.6928681111416816,3.1342945234940256,0
26,0.355974901641304,0.6405319664121009,4.522189578120072,1
27,0.3542528500414088,0.5614192038255139,1.943270226784601,1
28,0.7192893209906654,0.4361428526205323,0.6078011481531626,1
29,0.3120364996959058,0.5615356083326943,2.9281399529155627,0
30,0.02885788215884343,0.8410380374010077,4.7919977974775065,0
31,0.6573791683996896,0.5008791696635647,1.588119620388202,1
32,0.5738370688229889,0.49734307886797235,3.7042913795770565,1
33,0.4770544950452247,0.2866135686261594,6.024516970574458,1
34,0.6961287054870134,0.34728896805733434,1.8511119732940489,1
35,0.40874756254207656,0.457911977762593,2.0000425517522924,1
36,0.3739606795151483,0.27017136590149515,2.3666627725913556,1
37,0.6498095106105582,0.34013064146481664,4.967806335768875,0
38,0.4672944758809948,0.3669390570882656,4.023794030614734,1
39,0.35247204445704383,0.4678842023055778,1.6965061255974967,1
40,0.3951532632985619,0.31969980554403843,2.0279023116394335,1
41,0.9090991600576904,0.9957220172145576,2.609492378766552,0
42,0.5481870562831036,0.6374794370506018,5.633877209328789,1
43,0.3681821978217333,0.4865120084829926,3.079924016667005,1
44,0.41765407093725937,0.6846236918024732,2.254432231223458,0
45,0.5959020099354371,0.5921251907356679,3.6935232412744328,1
46,0.4845479726531968,0.2300202598215395,4.116435887398161,0
47,0.36895156233138554,0.5923707241013377,0.9291067820108434,1
48,0.6916173466379865,0.4041561579008415,4.341910041683291,1
49,0.48821331937355106,0.2591001065197997,3.3487922948159223,1
50,0.0450187169146274,0.9164460740742211,0.7475749509020916,0
51,0.778681728648408,0.506290535772536,0.3940425886155999,0
52,0.4089005123101357,0.4502436968534325,0.44516176232777266,1
53,0.584376980952235,0.3452825661504391,6.1078098998071315,1
54,0.6094231927617296,0.32306334676991216,1.308135589879064,1
55,0.5710063629010882,0.6884943379713419,4.347625062896771,1
56,0.47455304489400396,0.6022970433535665,1.415621239560951,1
57,0.7613946213999349,0.4633477666075133,5.259854876782024,0
58,0.31277299612063836,0.3297106983778916,3.15956324653214,0
59,0.3999685563644862,0.27303708004051935,3.7406499809579112,0
60,0.6933166995286237,0.39128209783946283,0.5088971046692491,1
61,0.5818005777378009,0.5945393075583348,4.521736510621394,1
62,0.3294507613642713,0.4396957544527129,1.8362924684611364,1
63,0.686531950144878,0.48344864816280425,6.196315319567793,1
64,0.31253363467829215,0.37178311279677373,4.106318972996444,0
65,0.4470716151645468,0.23865578023568731,5.416203167378327,0
66,0.28807102914517624,0.453097194056691,2.5561286323869057,1
67,0.5073121657663121,0.6294934280356249,0.806232541672931,1
68,0.2740877818553677,0.445708057285341,1.6306270803670648,1
69,0.38942247659651874,0.32159388119291554,4.957452895161615,1
70,0.774827433846508,0.4696276864023798,5.092162483395448,0
71,0.38480129682833714,0.47145746352092843,1.913351275935128,1
72,0.3847178120836972,0.4037086497100722,4.044047742176616,1
73,0.6018585262635623,0.2719745604382581,5.78414733899564,0
74,0.3512209272689364,0.3396899001948978,3.9034989139879657,0
75,0.6887384518835415,0.628311668975939,0.9349663284794931,0
76,0.4307754788967884,0.6860056861089633,2.217049863800627,0
77,0.6427510809769885,0.4775300072907376,2.453576947333582,1
78,0.6335450096117136,0.3736693218295634,3.5763215235503973,1
79,0.6241327528242405,0.4325494710826923,4.143280046935652,1
80,0.4209094316076725,0.6588280487120357,2.627077777986928,0
81,0.27155480171410645,0.37290656139688694,3.691220475572891,0
82,0.309915597654505,0.5037242703153908,1.5127644214373528,1
83,0.46988916733589314,0.2779247819585964,6.006020695874032,1
84,0.46279624102509276,0.3401462894421772,2.43106935352523,1
85,0.4915658195299387,0.692416588051311,1.0876415967987707,0
86,0.437508151155177,0.6353792710250062,2.7056214812896435,1
87,0.47003875648646753,0.5552753482382156,5.965893297606384,1
88,0.6359369320519609,0.5684308885419305,0.8508826548426894,1
89,0.7590616867364429,0.4184719126930057,6.225564305579537,0
90,0.2821611070031301,0.3897316556632631,4.621839038096996,0
91,0.7567564296832054,0.6266450432132229,4.606250530535107,1
92,0.618651440005907,0.6939796888192125,0.7769385748555068,0
93,0.6411301090438688,0.29639753379281225,5.29375837681153,0
94,0.37683293875709545,0.4682694979092298,6.099552413594863,1
95,0.5702350197088207,0.3071550824627317,1.4965387282931972,1
96,0.4903514612679109,0.6403478747699538,5.759916172317527,1
97,0.5759707711990993,0.3853496154920859,5.071663248875452,1
98,0.6811626184550919,0.4568213264671252,5.686948544040256,1
99,0.36961287677424426,0.26982168494568814,5.393216783876563,1
100,0.6553752374920038,0.697379101054396,6.1382556913424136,0
101,0.4210389173537905,0.294530843566194,6.159918276146655,1
102,0.6871229237488463,0.6349826943841395,2.596930776088242,1
103,0.4129556727949312,0.2852532321464688,4.799516528204983,0
104,0.6644183498783548,0.3763686902305095,1.5508243962358788,1
105,0.7295462623460688,0.36300316931211174,5.822442992533555,0
106,0.37862963711288405,0.3320877150959776,4.358693361732266,0
107,0.7185144909030866,0.5761818389012379,4.859212920853692,1
108,0.29284530828235156,0.377573629059925,2.0541726205828663,1
109,0.45455434579041937,0.41070657050639536,5.424478287081978,1
110,0.6619521321136214,0.40514360555165035,2.3282433132525227,1
111,0.40455317941719016,0.6311043457064583,6.0190372778310985,1
112,0.3475241518547379,0.3480862140828815,4.14679312124629,0
113,0.7502869179119626,0.5410818138489366,2.3846000499942703,1
114,0.7536049310907821,0.5010560013645559,5.933213530077578,0
115,0.324273439447501,0.3901547458627344,2.7519001960189233,1
116,0.5681389064647215,0.722122121739084,3.6648135698974285,1
117,0.44024376614871275,0.6147690104693477,5.315296365764435,1
118,0.7098947801381118,0.5174284418749945,6.085786057966367,0
119,0.47668753908255074,0.3833453374364256,2.978118756995367,1
120,0.640643759645321,0.6870040071449215,5.502709596389906,1
121,0.32388206014657495,0.3672240036668866,4.4781280206433935,0
122,0.48605306018804406,0.614614170084063,0.016737478177221377,1
123,0.3638503990793551,0.2522717203271469,4.512197087305165,0
124,0.6594267242574765,0.3306386162508213,4.741025380439903,0
125,0.48586482369066686,0.3522050351809645,1.6904774256775872,1
126,0.4852119978670723,0.37677212827274226,1.5850185273595936,1
127,0.3726177618396072,0.6308075655684163,0.23226625619333108,1
128,0.6054473026729273,0.7248332025101843,1.5879371429054818,0
129,0.5837903472256779,0.5728886914506467,2.3762081538324904,1
130,0.6586956454131505,0.6488429616096724,5.795392090581126,1
131,0.6067861077871143,0.413410887944526,1.5487591124950497,1
132,0.4906995441764821,0.5148858043609421,2.3359273798289406,1
133,0.691195094916549,0.4271315320625376,5.950067239691341,0
134,0.4513833910121934,0.6631251699004728,1.2067945420531876,1
135,0.36402438197540266,0.4999474757252416,4.298887913191309,1
136,0.6347489853233516,0.4261538387365823,0.2191386961089272,1
137,0.6899208501095715,0.4689865555601094,1.5980460891336141,1
138,0.6107882732790956,0.537612563994473,1.987812244771042,1
139,0.6309203598296733,0.6643743485416759,1.2430047131772222,1
140,0.5473105167369866,0.6998892763150342,1.2552610716382842,0
141,0.621415469624364,0.6771431163544521,1.67714204693694,0
142,0.4923536818035527,0.6902627240235685,1.149879644389975,0
143,0.5296491784366598,0.4194086574666655,3.454579277938582,1
144,0.6882349172892639,0.40683870754685697,5.916787977792968,0
145,0.3320230368962087,0.5869207931718887,3.217339358336785,0
146,0.6463096459467155,0.3446686303850598,1.4936737494291061,1
147,0.5027954876606457,0.6288956002249215,1.5218371159972879,1
148,0.31302546731253333,0.48293035423659325,1.2894341614824647,1
149,0.28694842419300853,0.5528093621413785,4.249207509136426,1
150,0.47077636705869536,0.265866490170624,5.067779593448035,0
151,0.3790741811708066,0.3203322120650961,2.703241779803823,1
152,0.3174743534429353,0.3953966000121515,2.4883013844388246,1
153,0.711140092703429,0.410861029632815,5.154667098720456,0
154,0.6926697981768576,0.5905936999481116,4.929314932779015,1
155,0.3856576421547988,0.3946100492642449,2.050971707275659,1
156,0.6380259855054362,0.35194237013775986,2.448015784534324,1
157,0.691460269712947,0.5047749941311238,6.124404950059398,0
158,0.5831899136476867,0.6451574769855738,2.2559852313164113,1
159,0.29094176123522447,0.4558043041447897,3.5229953007280086,1
160,0.42164914497755435,0.47822117478834847,1.9210052061952203,1
161,0.6756631719472241,0.5610342205543912,6.074108406009973,0
162,0.6094863395530391,0.34421866524080347,0.045826687023679646,1
163,0.4072466177086422,0.6017377109326036,2.26116716133098,0
164,0.4276887290262255,0.5504582281436718,2.0246784203205204,1
165,0.6523703990435717,0.6259352510941586,2.5543121503373163,1
166,0.4076039504643595,0.3975402196216535,4.635289350794733,1
167,0.7533565517286523,0.44111493927103623,3.165202588064767,1
168,0.36151398213171143,0.5727052280829762,4.919765504323842,1
169,0.6995891339125407,0.5773277654816037,0.8957350322997683,0
170,0.7102294817841408,0.39805485525832257,0.9183015710553981,1
171,0.3473927425607723,0.4828819706962434,3.2273864090338558,1
172,0.4125956231822065,0.3166648214299733,3.4175916713119174,1
173,0.5906488302889972,0.6297438924975521,0.17854427495031366,1
174,0.4756464186410783,0.5583406867147297,5.323064804989121,1
175,0.5705261062014996,0.6913757158461755,2.829141991598228,1
176,0.6058424761629341,0.41147535914984923,2.714042189954643,1
177,0.5495222579432408,0.637295522141752,0.18724598076824905,1
178,0.44149915605148354,0.6424575556087441,3.8185806402776197,1
179,0.6696448806664606,0.5333536029107157,0.9323263801924249,1
180,0.6211611852389964,0.5300521812160781,2.7583297166288023,1
181,0.28450790415168864,0.44178859910847496,3.468199529531236,0
182,0.3562893737720716,0.5709838429148224,1.3936921312736146,1
183,0.5383981579020731,0.4295435469336662,2.601982397717974,1
184,0.5149223162942406,0.6559008473921785,4.0444005931330125,1
185,0.3551452752704481,0.4656824870935464,1.112699369276132,1
186,0.362892767079763,0.3441203992293705,4.043595817268232,0
187,0.5462661150660637,0.7291463156040409,1.555026580556731,0
188,0.7532165425845154,0.5305196606877789,0.9342051418901811,0
189,0.7076031762054672,0.44550446868327137,2.385876173554146,1
190,0.6606223295257356,0.49728017937968916,1.3312865223670016,1
191,0.026981476278178203,0.941644281860268,0.05746935177635869,0
192,0.9055485158879494,0.9066485128281625,3.8093233107176188,0
193,0.35004534576094654,0.3001217630787883,4.445066601976158,0
194,0.6640291832350912,0.42047012882606977,5.343291944464889,1
195,0.2891448599879384,0.41952788647756467,4.478452967459145,1
196,0.5533120059300177,0.682431592807392,1.8906357171492978,0
197,0.5151993951292724,0.7356753714275244,2.8310956794337265,0
198,0.6545207516490373,0.6475368981180047,4.380630666122588,1
199,0.48938375322241956,0.5465306218678289,3.9132205196376098,1
200,0.2805833454906519,0.4320851963361447,3.3006538455381356,0
201,0.4226324334955517,0.29260530794739437,3.4470371342663593,1
202,0.7381072400868126,0.42337641883344557,2.5044210590711504,1
203,0.4286577960511035,0.6180196761821763,4.8137392421016285,1
204,0.7445807468207719,0.5525973482347385,2.5151905210635244,1
205,0.37570880975296855,0.2751529434978934,4.782148893081299,0
206,0.28427100596862614,0.45038265412317835,4.7770896300005985,1
207,0.522526870305104,0.725554123008127,1.561312655480341,0
208,0.30673647172115753,0.5484562272018795,1.8659510014883032,0
209,0.38031753643871025,0.6806685631711513,1.4688417665637348,0
210,0.4862716140651202,0.4913806687473081,4.388487178443429,1
211,0.45477187363721844,0.2882873924749632,5.238899347085011,1
212,0.7846736484173473,0.5156032514143049,5.0707891191879995,0
213,0.47034240742552946,0.32765817082067605,1.9858258314242199,1
214,0.3266031158926997,0.37586648795244737,3.7909259471256385,0
215,0.3074749923930907,0.5288052898037846,4.953156332559492,1
216,0.7000044208989002,0.4594270764611512,3.441204091676617,1
217,0.3207132414880774,0.7334142611123573,1.5143999863767204,0
218,0.9813976889598256,0.8565067849393473,5.416238744736774,0
219,0.44592235365497357,0.7205051994450802,0.5051748126848292,1
220,0.62490172855959,0.36877923889997,0.21014623556318648,1
221,0.6889614875729042,0.46361097043311206,1.908602975978801,1
222,0.04175252141336904,0.9832737826140632,3.0867518267832823,0
223,0.42021038648638803,0.26926076784142,4.445271260043472,0
224,0.4867643635147658,0.4684965350262745,0.5385142809269796,1
225,0.46991817165186023,0.24268030278507352,1.929609312491608,1
226,0.9632857403767662,0.03546529831919801,5.735314785230863,0
227,0.9171167035349859,0.9727254571332735,2.769762601013286,0
228,0.6862947968445523,0.4025895159783735,1.2633270758126813,1
229,0.44479006999460174,0.5835084817759042,1.5935855245336155,1
230,0.7307294796970444,0.49894556235149334,1.668095299902463,1
231,0.5135950171183191,0.32300483267607766,1.8687516978412428,1
232,0.350932635658718,0.5399195103789375,5.925971760926638,1
233,0.5494829974032852,0.7302394029063015,0.1288608216110907,1
234,0.5713853303781101,0.2707296302543984,2.113630697806116,1
235,0.590462094819251,0.24869191608747418,4.248320017542012,0
236,0.5492424423939809,0.7286728913071806,0.3830278377265993,1
237,0.3635029638408291,0.31163420618545695,3.5469785235012457,0
238,0.48089115250045394,0.5015142066759448,5.837070380196246,1
239,0.03420161575724,0.051381119953285315,2.341563352078182,0
240,0.7114735959060888,0.4776957052825299,5.922957657745357,1
241,0.5781114823342175,0.4190267363559441,1.1376154945505825,1
242,0.5079633685166182,0.6722515547803783,4.3191987692642835,1
243,0.5435899355394119,0.2230697507036503,4.348247149702035,0
244,0.07856250389554473,0.16243437101744349,2.60560323315303,0
245,0.41065087745197476,0.5295266070296113,3.6655356674434127,1
246,0.44581975735456575,0.21926907192966916,5.827334326858276,0
247,0.6098963105994838,0.29258102602140135,0.7383428708148332,1
248,0.7479806344261647,0.4914722589097878,4.887023313525807,1
249,0.6281694932908977,0.6920675079197877,1.155713644779542,0
250,0.5897577085546549,0.30911989762975145,2.810796380895998,1
251,0.5497097860126293,0.3700877899874514,0.7298201022303246,1
252,0.41596340717012775,0.3512653149194485,3.266668664575029,1
253,0.6043544488063186,0.7024825175170788,1.7649900384238082,0
254,0.45488209688749753,0.6035591134518942,1.800418632653827,1
255,0.5482875221188133,0.2547955206385484,3.1297243904147867,1
256,0.5758309018591525,0.32865316949880014,2.7069377762395757,1
257,0.5381581052058042,0.48260171634067583,0.36574261634016647,1
258,0.7116267308916578,0.5887177641437747,5.563150458871215,1
259,0.34092081711437705,0.4053922589705268,0.8700596841524644,1
260,0.30646268032900714,0.5789821887827948,4.4892672903741655,1
261,0.42342703192934655,0.4238446144221433,0.041110421266000036,1
262,0.5770979447156432,0.7102615116338915,1.658361113250485,0
263,0.5355470560143851,0.3404576683301283,5.262587806055141,1
264,0.5967695765828285,0.48815861798163035,0.826969186551205,1
265,0.4838698009420252,0.46355646289054403,5.903016854174636,1
266,0.6568545556347422,0.5766008599570793,1.0081853361921849,1
267,0.4338637895252671,0.2464716560405881,2.716445891779768,1
268,0.3403513743253157,0.6263717366579005,3.2068772748035275,0
269,0.5247860652523053,0.4910644878262171,0.7874396659572371,1
270,0.3835741072909716,0.4991085195686468,3.49722174515191,1
271,0.6322588902175241,0.5890979690717203,1.1659374623213614,1
272,0.4516917800424517,0.2901852770727797,6.08397235405116,1
273,0.7497093572233112,0.4234028365741052,0.7301422048157109,0
274,0.2827963824344972,0.4764897974776305,1.9759482137636861,1
275,0.4670641899609786,0.7116952574043833,1.0658831392966774,0
276,0.44210374930796936,0.581362676417702,5.353714306866057,1
277,0.5351406119760216,0.412068393335052,0.18386601536457955,1
278,0.7193894502234678,0.39611705880929926,5.886203422664314,0
279,0.4404533817972804,0.6558413495828566,2.98192659590255,1
280,0.4371718668041187,0.6373080233410029,1.9045618432815006,0
281,0.558820170750667,0.23589131045992237,4.192011298948523,1
282,0.6417711639243098,0.6251640210752529,5.238247053439027,1
283,0.5263357036051838,0.22882777348080988,5.283816889744212,0
284,0.6759720097578392,0.5912369313520633,1.8747721836231854,1
285,0.30305745178619437,0.3963185360979231,2.0928729485372313,1
286,0.4288293787263005,0.7047518182460775,1.9457003302731863,0
287,0.642942636608364,0.6601712034661811,2.5671285714644885,1
288,0.6195046314452738,0.4083977355578568,0.7088998812927043,1
289,0.4364285361802838,0.5753446612775398,5.342051246952018,1
290,0.41857714068804447,0.3292032361114393,4.095930631399821,1
291,0.5485097839835517,0.6864544351728318,2.758247032466396,1
292,0.43242661374956703,0.24369806603497876,4.337068009204444,0
293,0.3436051656910562,0.4877897383544842,4.365621916420159,1
294,0.46926474336536356,0.3811820780040197,1.6317648041655681,1
295,0.7513737304381942,0.5156888938202532,0.4537365242889132,0
296,0.4998759095955049,0.44268708590746025,0.41315971539102614,1
297,0.330208216500472,0.6353603230112846,1.3618435189032843,1
298,0.6329815957090185,0.5801753040827998,3.6210884863728467,1
299,0.34639656235531757,0.6502759808814622,1.3936906551079533,0
300,0.5071104632810884,0.509889232541996,4.440133175005869,1
301,0.5855620004006129,0.4879082358216942,2.1373824727884405,1
302,0.34752785919065954,0.5317087771873471,5.713624728109236,1
303,0.7247822165336735,0.5109567157718424,1.6373380734352732,1
304,0.28895687826156624,0.4549408931445282,2.798527047256241,1
305,0.8028560184535661,0.9482856123855887,2.433433895143054,0
306,0.4813343131666118,0.24989642012907448,5.888049239162139,1
307,0.38408905256659215,0.6557193812167554,0.1783600416058772,1
308,0.45154351552043187,0.620519289126668,4.878926200570779,1
309,0.40925748929153855,0.31317274955877367,5.48135527340605,1
310,0.4305195628578942,0.5521154164620448,4.680932152125634,1
311,0.35207486709411673,0.6505726068431814,3.302989720975095,1
312,0.6124372556151705,0.5110583291095416,5.372294317743996,1
313,0.29070931831594715,0.4313547956072271,4.430637776470733,1
314,0.5231489205686217,0.34814733715024665,6.118062860365588,1
315,0.5852001723262622,0.6888686647349265,0.6845168058802649,0
316,0.4202657341998977,0.6833544750712698,4.706932983676373,1
317,0.33011779055803947,0.640107957544573,1.4655064612228974,0
318,0.4863913379519231,0.5286964592693473,4.642111943237541,1
319,0.3996814099439058,0.6102193004535988,1.9850705083543385,0
320,0.5684570521826448,0.5016516440597563,5.210724222008751,1
321,0.4520232070617236,0.28413082237551646,5.027905263625916,0
322,0.6136091037994457,0.361670633450149,2.984336343017926,1
323,0.30133098525465757,0.5726554011141167,3.5435607545159726,0
324,0.35736851858267527,0.35143211808651664,4.709563568268486,1
325,0.40393599172052874,0.5215518050227758,2.4747022641947574,1
326,0.39927814152866276,0.3058949016598819,4.8842668444192405,0
327,0.3248620496828674,0.5448759985936191,2.3974908930590155,0
328,0.37246294132092156,0.31750039499851695,3.861061754781167,0
329,0.027842976894911282,0.06182991138944612,4.1688500013181775,0
330,0.5280375128684699,0.3807066982356999,3.8741063406864042,1
331,0.4594844086653726,0.283713540502454,4.340548761656148,0
332,0.5215518182685444,0.2419051820813045,3.513600527058076,1
333,0.3149523443151908,0.4604706735251192,4.127365521153695,1
334,0.39329999013020445,0.41005233656868073,2.71886917873766,1
335,0.32770098760437866,0.27050603224971376,4.042245570447844,0
336,0.40786957173955546,0.6433767495269085,6.165809264332084,1
337,0.515544326677818,0.4922471036797559,4.985356627765076,1
338,0.6033598582153251,0.7449831230556674,0.900028664115939,0
339,0.5255736795764414,0.672420564215512,5.010785629711497,1
340,0.27675780927463534,0.415021852705648,4.773214471886068,1
341,0.7294478097924973,0.535902522387909,0.6487889547144742,0
342,0.6052184721515007,0.34266366768480094,5.781148999776039,1
343,0.5305020740722486,0.35267546145850903,1.1644127934031698,1
344,0.5253233805954901,0.7018558768950247,1.1270506295861065,0
345,0.5794297005663247,0.6700191944813093,2.3232568541006144,1
346,0.616795910056713,0.5817321543092334,0.6799394446096807,1
347,0.41369928213218093,0.7118237978776039,3.2803375226151945,0
348,0.4973661427460985,0.6518399496888303,2.7569973751731043,1
349,0.9222616643437704,0.029343362766639562,1.274742641762127,0
350,0.4795293398136248,0.3794775671916849,1.0068013198111987,1
351,0.4942538146873289,0.43691327812314656,5.11893982591295,1
352,0.38128547935203594,0.6629324308980831,1.4460143036338742,0
353,0.7070980583754486,0.6438101471506377,6.166689403842273,0
354,0.39433702884382243,0.4495476806386135,4.8753702228824105,1
355,0.39452977353480334,0.6848955911049803,1.1940347977417678,1
356,0.5858343460721258,0.624247986656707,3.799290328480792,1
357,0.45887385911333667,0.6962388920769983,2.599726631571109,0
358,0.5640449631043603,0.4106990716825566,1.4569039556159797,1
359,0.4899538800737815,0.646349544493134,1.790214599356133,1
360,0.568486167572005,0.43420337191726077,2.913259110673928,1
361,0.5856888850132531,0.3241418034383047,1.5600833264644738,1
362,0.307895823020739,0.38462697348513086,4.563610209530776,0
363,0.5062964265854163,0.5885441597433883,1.6138834273564375,1
364,0.42443449421826773,0.3238551818093494,0.09006925962884382,1
365,0.5006384227300673,0.47673779824395696,3.2416183194736488,1
366,0.6595880831143462,0.3755150703606266,4.5921463291262965,1
367,0.7427438657250341,0.5168246732169357,1.5011387462952217,1
368,0.5569447955556811,0.6316167760295821,4.474561769444582,1
369,0.6912150911238542,0.5401017529411203,4.1392806006844705,1
370,0.5734695035202935,0.2739693769409077,0.8390888273525192,1
371,0.3095036603186374,0.37219019870248227,3.2042060380530515,1
372,0.3030815205266421,0.5225757190393572,4.341959061085379,1
373,0.7638179224704231,0.4571616985254532,5.560612699787975,0
374,0.3113970910950829,0.2376058660706623,1.048129605254769,1
375,0.07316647045654978,0.9737995333128864,4.768386405267787,0
376,0.45855638299755985,0.6929240258579389,3.3822628114441473,1
377,0.6161473862963162,0.6251454944017526,0.6115072375858323,1
378,0.5925875594012436,0.5595705592168464,3.799303834243402,1
379,0.6360588972848955,0.3499247996914453,2.47678680449494,1
380,0.6345024267706277,0.676352567578074,0.16019612206170686,0
381,0.6427756296368315,0.6014526272779809,1.330780093914829,1
382,0.3990332633612355,0.3872953446724144,2.8805617385015,1
383,0.571310465055734,0.7210243934725499,3.3668583684498907,1
384,0.5681204158370717,0.6741134164044719,2.9011886899067663,1
385,0.5664396070010465,0.5999259578031829,5.938526076505129,1
386,0.43913581705097177,0.4363298053968023,1.3604642175641564,1
387,0.49855945297885956,0.39902016873984797,4.509805431766056,1
388,0.5097044314142427,0.45738618426370853,4.26654124854078,1
389,0.3656840395291074,0.6909180156606171,3.3561128577224686,0
390,0.5484291265570167,0.2919391317717448,1.2736217828089267,1
391,0.29204108012818636,0.4465561891323659,3.688106751084263,0
392,0.3391555456925289,0.5063429250371307,3.3832303956001537,1
393,0.675740127386564,0.3343011295221255,0.33681577266362106,0
394,0.3170251882146606,0.5797739581670157,0.5177131165493913,1
395,0.43287976272125406,0.3289073198504788,1.429261520153074,1
396,0.5300904278857875,0.6421972201924366,1.6537186864523723,1
397,0.48248943742949535,0.5447590039487559,2.5737851386687742,1
398,0.5919142990015188,0.3512008147936315,1.3126696974986747,1
399,0.5563743959996689,0.43294393443457385,2.8552479084077085,1
400,0.5242470162065034,0.3382484985175738,2.2678052637612565,1
401,0.4333457792713375,0.6290532993220178,2.298121363442574,1
402,0.5244994815387756,0.22036015126719435,3.7060899898603443,0
403,0.469681563433468,0.5467094465684081,2.743636232625593,1
404,0.4994526935347408,0.6202521776617538,4.955888955413051,1
405,0.2863864494609483,0.40305853400932684,3.901520779885268,0
406,0.6270203526825132,0.5464789367257433,0.2289969615790933,1
407,0.6599444030168963,0.5528069812257062,2.557109081571472,1
408,0.8751692344054711,0.006801409402271327,4.427547446963878,0
409,0.73415940464813,0.49616271825054103,6.276895760238303,0
410,0.5716968087855413,0.5707114360583444,1.8282722966824039,1
411,0.4579422770847722,0.6300160661461791,2.7607002115339188,1
412,0.6923825498267443,0.391144804769202,0.4028733943348748,1
413,0.42795502874716207,0.214648138820334,6.18958307565979,1
414,0.5382875013775569,0.48514467706139636,1.1675986226792927,1
415,0.4335521068897152,0.3002985609213362,0.5650829825243211,1
416,0.3329287059187088,0.5167362725322493,3.9123144304281476,1
417,0.3477882285754698,0.6448644040492469,3.631300971545785,1
418,0.4730220295856763,0.2295088536715029,5.239903056004099,0
419,0.6243636020247241,0.5108422754657368,2.926545336584569,1
420,0.43008428722029535,0.5501204522878664,3.397155507864233,1
421,0.7076606141713031,0.4150972920245031,5.864589945427909,0
422,0.2930930833097414,0.5315198967511555,3.1155537642308393,0
423,0.5225012633268482,0.6211512184595679,2.324621113291408,1
424,0.4075932634658455,0.23851621999221082,3.015964600115901,1
425,0.4767426563475244,0.7070697735513898,2.6244859702721386,1
426,0.5245457381606753,0.33284273101402856,1.891230144056123,1
427,0.9496142802082933,0.004530365102570223,2.0268391702655055,0
428,0.6383597465921399,0.6603372878302336,6.21428066643209,1
429,0.61871766945971,0.3625656433579167,5.287685089239758,0
430,0.5060211991280226,0.6865861151514805,1.4947322595478143,0
431,0.3797436581437273,0.32111053065874273,0.09459069183469852,1
432,0.30637634366704847,0.3738851862006328,3.7576443065962413,0
433,0.7141469935060559,0.5506845018751659,5.936496717448235,0
434,0.3270430682670852,0.38070575638065113,4.753138327615293,1
435,0.3180347629913068,0.5605173364596904,0.0020448618864401524,1
436,0.5426133638642102,0.36629969102794135,3.6228858280903107,1
437,0.7151779047941639,0.47258540952507433,1.7154996502508364,1
438,0.3551591821550196,0.47494573351337116,5.82826554205152,1
439,0.6807352207681225,0.48992781807843566,2.480764340664533,1
440,0.42493271202492505,0.3915619489158851,3.2675444879878865,1
441,0.5159897350773891,0.5773842888111493,4.197665101218998,1
442,0.6384018207071395,0.66629545695562,6.090105260959814,1
443,0.5844101301713054,0.48632843797763897,1.0882337309077734,1
444,0.42931554207348294,0.5785210568726175,3.7497913411545927,1
445,0.5460838755771773,0.7411545937134018,1.4920483498600565,0
446,0.47434585223493164,0.4570541891917534,0.881914365450461,1
447,0.34023972624692633,0.5276681147589953,3.6235220049851917,1
448,0.5359433361734416,0.403960797285959,1.7464270222814224,1
449,0.5161608363993219,0.40072071213879185,2.3541173083864937,1
450,0.6036795611269345,0.6831159610235539,1.669661822024105,0
451,0.35416652058819265,0.47789466402887415,4.385661772707077,1
452,0.4897745962193682,0.6466529189155119,1.5657741016748417,1
453,0.3802918527133664,0.3838901465713094,0.12804079456866724,1
454,0.3530881011999957,0.5765587587650293,5.882981427956061,1
455,0.7294918676814597,0.43548498553301884,0.6830211747257311,0
456,0.3545486830751487,0.3629321257988474,3.249833789000451,0
457,0.6515728957606122,0.5851371924380788,4.727204123169348,1
458,0.5307740506148568,0.47993377553592687,0.6743809250618579,1
459,0.6010807913987727,0.7223333208965016,0.5818751533235538,0
460,0.6179295805630214,0.6898702456565943,1.4337501232510197,0
461,0.2948858220373607,0.5090042874420293,2.753468993946475,0
462,0.7695418923316346,0.5127551002712929,1.0354251638923058,0
463,0.6022891925457238,0.6525473887200718,6.117611775057539,1
464,0.5149233981945215,0.662090961016682,3.4408788066321288,1
465,0.5395120715020116,0.24518079021554218,4.845795437580316,0
466,0.31474806836799196,0.43198634516943574,3.020889621503311,0
467,0.716657932928603,0.45777479119355174,5.931920640170825,0
468,0.028684121490310188,0.12630175922433656,2.0946426602133705,0
469,0.2971507543686762,0.4913167054937503,1.4499941142873731,1
470,0.7032154784667672,0.4460775422339686,0.11794487709609176,1
471,0.6880204384841535,0.3215404288935731,4.046192171179899,1
472,0.506486442340454,0.6718140440193561,0.49909857769094823,1
473,0.5483940623528754,0.5540518394043423,1.610964839369056,1
474,0.5856899227295937,0.4579375566129459,5.0831610692275575,1
475,0.7226864561929598,0.5581389915142798,1.1267532750730112,0
476,0.07769029649391469,0.1526558070157414,4.373794982965875,0
477,0.36442494559429234,0.33975362507673834,2.9574990788717006,1
478,0.6003144639837573,0.25647830539972927,4.834909212406091,0
479,0.3218274794167888,0.450298980389235,4.391570431160835,1
480,0.3859122322173716,0.6552916709408158,1.7886985566159295,0
481,0.5558597688443636,0.4085612572652969,3.6209043550507864,1
482,0.3496517575981616,0.37066598774658005,4.099209258450929,0
483,0.7168803202107291,0.4695755381329994,0.6017421319016376,1
484,0.4959878134405638,0.5073687896310289,2.266104087748036,1
485,0.33819579939180106,0.3703432238486998,3.2722925486761536,0
486,0.4972671879334519,0.4354025694115868,0.5880929838847491,1
487,0.6643341900913231,0.6526066508294234,0.24955635073382815,0
488,0.35169632642139226,0.604229815193127,2.7324076422191523,0
489,0.5802391658953547,0.3671312767332068,0.9414258268979525,1
490,0.4628065238212689,0.6350475147913619,1.1754299720779144,1
491,0.6874519922100186,0.4059746286204693,4.556765909843631,1
492,0.35209317663226825,0.5032346856989022,2.7135087944342957,1
493,0.48197667045742715,0.3422052541935464,4.08050101887975,1
494,0.6209385212009485,0.4069755790783652,4.648720348478533,1
495,0.6430130672313863,0.3726965450395797,5.093364799477068,0
496,0.6250774593675966,0.3863351067472053,2.9261482934672367,1
497,0.4690199646305403,0.7093627239806501,5.449362174263495,1
498,0.5374962630325301,0.6743178483317027,0.5064310388417842,1
499,0.4002541493879427,0.6282567081995192,2.5758586574416844,0
500,0.28329520158665017,0.463825345888875,4.147105120499194,1
501,0.619535724442773,0.4068348271480525,3.9013193413927887,1
502,0.388821510018454,0.5686010545779275,1.9122398155793052,1
503,0.5084515083691957,0.2241645053308178,3.6845587429022326,0
504,0.6004362726920498,0.26704663313845617,3.517580258430291,1
505,0.30989163046129925,0.37216832639793845,4.15278828023279,0
506,0.6748638856910262,0.41241120075737836,0.7266421454215853,1
507,0.7117524587850995,0.47204429926151864,2.5576766285352113,1
508,0.6516170700081643,0.4343427470084845,5.049885451316484,1
509,0.4377536296953537,0.7045223123694274,0.995563383299247,1
510,0.7677135965869267,0.4864754208892179,0.19876948345823908,0
511,0.3258198684356922,0.4688027561461566,1.1776145704986691,1
512,0.3709284689539885,0.27791728507361835,2.6983842011152714,1
513,0.5424031233092229,0.4036049167714601,2.7779937488816557,1
514,0.710303297913487,0.584564272932248,6.102490958963711,0
515,0.425423307813992,0.2844345996178204,5.132092676248601,0
516,0.5059589165341772,0.657898548345168,3.184195820345257,1
517,0.6707401656707132,0.5662281999773119,4.719896810234265,1
518,0.05769616742875281,0.025843378257429384,2.3529582336984407,0
519,0.6403716574328694,0.45044808878009923,2.6159041576391076,1
520,0.39635845727158125,0.5804961326022581,5.615352619360536,1
521,0.42309859446220915,0.2151537441679504,4.886354469602276,0
522,0.4637252202860803,0.70390388447496,0.4332135706699303,1
523,0.27997588789148614,0.5060042050234295,4.03450581489899,0
524,0.5879296659127533,0.24709945553937446,3.4033542213739345,1
525,0.4971319576669759,0.3762167751370337,3.6459025594844086,1
526,0.5557274733639432,0.71538438930821,0.9189749070767846,0
527,0.2944486405523996,0.5133675261757752,4.895890267060302,1
528,0.5968939265406713,0.4991200143436773,1.1754558204976242,1
529,0.7171273328301438,0.4930950338755911,5.532785502548876E-5,1
530,0.44968802249879203,0.666795547215104,0.13047500486505748,1
531,0.4190324224350425,0.3100608705540378,4.176083386530466,0
532,0.6018142577071443,0.29838483400982163,3.277313746332166,1
533,0.36525986385193415,0.5079313416604786,2.704751788594389,1
534,0.4615277072991539,0.4025541226571773,5.629393195428534,1
535,0.3775391439140369,0.3206189613236646,3.139631987806752,1
536,0.41576076349683294,0.6022424130779647,2.8257738983430523,1
537,0.3337788644554147,0.3360214698314963,2.4450489289829234,1
538,0.30381862612161736,0.5707773938300175,1.6155626925554247,1
539,0.45204905470120027,0.31393146654576565,2.1396322428010297,1
540,0.029647202856562763,0.16906570022660936,5.471012919471333,0
541,0.3849035933851713,0.4277764852574877,3.888722647919119,1
542,0.3501005007646254,0.6142282760019815,3.429491244347996,0
543,0.5122540586129897,0.5681127151193036,0.3231836581977306,1
544,0.6009171843588618,0.5559866966369471,1.1355330272999618,1
545,0.5959220558391712,0.25204935854988125,1.4714831958103578,1
546,0.4991739335031618,0.6671067088081033,4.057834892428495,1
547,0.34904850735619053,0.3533564875524275,4.361324668803405,0
548,0.017748734031297727,0.9914832782691071,1.5469309267523697,0
549,0.43406186704854866,0.3937107597159867,1.1120659852471078,1
550,0.3885488402786251,0.5352511167762403,5.55717604386729,1
551,0.3978062048107947,0.6864747667031001,0.8870648443134196,1
552,0.35543158627621946,0.629834246781355,2.1605589169688826,1
553,0.6644860179482448,0.4215794160903365,4.22703235867007,1
554,0.3390305944502768,0.5341307915238438,2.989686628617143,0
555,0.5863517157113437,0.2616256690416869,4.267492099512759,0
556,0.5909557945376871,0.40090893025760915,2.1491631358286725,1
557,0.5665085559509999,0.22244491675292574,4.781677994644443,0
558,0.625403728384206,0.29189879154127196,5.688495152766692,0
559,0.717952413326885,0.6025012389801443,2.6907243579761775,1
560,0.4467038678582795,0.6723053363930999,4.001823236632061,1
561,0.44013803902544346,0.40533567666463943,3.0262336246498074,1
562,0.43354286551288473,0.3994888364749393,4.1260386337889186,1
563,0.7467244689961139,0.4580410725634753,0.06162214792619558,0
564,0.7404438220742955,0.46422250231114665,6.153015100663336,0
565,0.45109317828717166,0.5795533785656445,1.5746261349471693,1
566,0.4100777055761665,0.6979354341230181,0.6255530229621534,1
567,0.4167156167550577,0.6875714967144158,3.033194612364094,0
568,0.550029094368377,0.48632555429720237,3.5700220531668916,1
569,0.4980817314763083,0.3437858212831951,4.663300734048398,1
570,0.5416069923902749,0.3288470605496024,4.6522267765711485,0
571,0.7185429763933285,0.44700354396822417,5.938896481403749,1
572,0.5662165292396591,0.26008912776306303,4.565276226405187,0
573,0.6975796203988471,0.5525566788275319,4.415874134096564,1
574,0.35539919941541337,0.6219522844073798,3.6086417863267903,1
575,0.5289490833501093,0.7276287869182951,1.332908743751324,0
576,0.7370847859186337,0.4192805199065494,5.419756270944415,0
577,0.5882818148603174,0.7016994841458438,0.5706943027677653,0
578,0.6872612253637271,0.43632172205794795,1.9329949258593224,1
579,0.5344953111388414,0.530763936405599,5.175306549524101,1
580,0.39445393015548746,0.28015679569731067,2.043702548518716,1
581,0.5039845228338575,0.5680569332547494,1.5473836961566856,1
582,0.5447696973429818,0.5731792605137809,5.731238452721073,1
583,0.5842268931016512,0.3663038072455462,5.634787892884581,1
584,0.39368501592336685,0.4732422454235325,2.628408871758788,1
585,0.41411490868397743,0.2578818588694104,2.8597698760498225,1
586,0.35075747955370185,0.2693427213606568,4.211146746966631,0
587,0.5375987925622295,0.4419229131620677,4.722046723908009,1
588,0.6866774930492823,0.5903970669790559,6.090395011810718,0
589,0.7177911602765644,0.4480063669232517,3.3463664458555096,1
590,0.5119109715690245,0.4947204161274011,2.0273902354958264,1
591,0.6464381460420612,0.48232135214012856,5.260144568667185,1
592,0.7161017065990642,0.41650053421280664,4.48752298185511,1
593,0.4658094372871162,0.27101389855485886,4.190110381840898,0
594,0.6855396260610668,0.35793020177008583,5.599342789792355,0
595,0.5719799521665129,0.6340889106117226,4.340062073059273,1
596,0.5705482549187508,0.5203182014112467,3.3559408337602163,1
597,0.2896912425441999,0.5079836258469539,3.4383541962655153,0
598,0.6386746210172297,0.36432790927581354,3.842079373086178,1
599,0.447793261465414,0.6820945304582183,2.988764958090579,1
600,0.353039524403945,0.387746921912601,1.7335909301548202,1
601,0.8660616342789116,0.980860618438838,3.8408170908200883,0
602,0.4489777729251935,0.6911188445638873,3.0062031569227154,1
603,0.6895874501305325,0.37055798660471734,0.7045764066902359,1
604,0.46914851806106256,0.43603444772736205,4.1180023833564485,1
605,0.3313194389412205,0.40337196280002174,3.0078237761404294,1
606,0.4737387059790042,0.7151406080467143,3.427223232534767,1
607,0.6000592420424541,0.7002879592559363,1.6194491536718343,0
608,0.2880515723907939,0.5118307848179865,4.3016594468637335,1
609,0.7171212606058607,0.49597254138018154,1.8199094544689025,1
610,0.4931283764180589,0.5351882566338795,5.392773165817642,1
611,0.3558384401068924,0.6382470707032835,2.8566459083993463,0
612,0.7034206891421562,0.47483332671708633,0.7549267644769978,1
613,0.30681745650070924,0.5660503939319902,1.224779409948278,1
614,0.33393243952204604,0.5087450323746128,5.253770890565951,1
615,0.3040454402603161,0.5348717642547053,1.9707660170302965,0
616,0.6465673595232807,0.3378493391037764,1.4029095816335222,1
617,0.9498251562398308,0.04890697912641567,5.926780722086877,0
618,0.39133402599090344,0.29413385535232744,2.030243376173271,1
619,0.3658359149207036,0.6513028427702191,4.205335480540902,1
620,0.4371586112467659,0.7060481577393029,2.144680242173018,0
621,0.2833361638188297,0.4020803468343102,2.1150377624704038,1
622,0.5573715737521752,0.6624265893459864,6.212409134585961,1
623,0.6617096477903258,0.357621800485774,4.137365179415042,1
624,0.6192517461248824,0.3491281373081981,0.6718194789351561,1
625,0.44696661623243233,0.4329983795062132,3.0810704152411,1
626,0.6628029051211001,0.4559955700334815,0.06930181468333196,1
627,0.3961830397847605,0.2519965339037642,1.7440920790311971,1
628,0.2870659503262844,0.5542584749601761,2.637267668554572,0
629,0.6083949856371036,0.3825626419737346,6.018591109475921,1
630,0.6531460498778722,0.47661610882152394,2.301158474294062,1
631,0.45803692827374837,0.6924267296898188,5.865177627873139,1
632,0.5041540204368476,0.4165006764501463,2.0491474808139394,1
633,0.4295410654288855,0.6998534981350784,2.3999985622528492,0
634,0.6514008344282464,0.32304818839027605,5.109276385783034,0
635,0.511205794708381,0.4947047252889356,1.2847225407539984,1
636,0.4804837588153179,0.6787476273576732,1.8434230461425742,0
637,0.520409368964544,0.5379696217232092,1.303033202993819,1
638,0.5135564134465102,0.30478463858352906,3.740364741183852,1
639,0.5254401219638803,0.32008945721826293,5.437092307498802,1
640,0.4698169446325306,0.3863295432957132,1.3831655119740442,1
641,0.3057060021152154,0.41424236674438686,1.8835763017616762,1
642,0.5243790542820488,0.22740560821647876,4.484514093242308,0
643,0.7420098983420175,0.5217696812802314,5.959119484977067,0
644,0.484353751750416,0.4943017209500097,2.763980172001132,1
645,0.3570683744518255,0.28561020994155656,4.192302192803512,0
646,0.286671451821845,0.47823763038625366,1.8300905739626903,1
647,0.3064172039527856,0.5624976082190348,1.3469051954509006,1
648,0.7136516161809902,0.4298824268977811,5.3454973080587065,0
649,0.539195768071407,0.5092474419092822,1.8757858212872047,1
650,0.5485747026061752,0.23087463602031363,3.7604504274211656,0
651,0.5414253522158885,0.5820893271752773,2.026800148369517,1
652,0.2832982693461068,0.4510134143998561,3.412012880816691,0
653,0.4717097376877326,0.2801140547521806,5.3668126264898515,0
654,0.5350334124794147,0.7471430415251515,0.5307346458665304,0
655,0.042705988751191255,0.8444884208801773,0.6034221582509043,0
656,0.4398586993661279,0.6261286081589492,2.2822274993784823,1
657,0.6813286412421096,0.6257632422781375,2.1647621680696987,1
658,0.498621507172628,0.5127730344281299,2.613078381725377,1
659,0.30428048403002633,0.41336099230769463,4.013595066197207,0
660,0.4944111218140105,0.7207954672095941,1.1531524769959256,0
661,0.6200863956935826,0.6926005753121482,2.7564848644242708,1
662,0.5765939779083291,0.45658065875604587,4.423275981005076,1
663,0.561535601320133,0.714144561320803,2.4117724601295376,1
664,0.7405247620731098,0.41862177251904914,4.895332445977486,0
665,0.3491901124698336,0.5677746386684627,2.887703718779819,1
666,0.6774450892362437,0.30349862059902233,0.29482074217568205,0
667,0.34367485745098536,0.2912274429116944,3.4136514959567976,0
668,0.6830574604470228,0.5878489294149325,0.012417691210213203,0
669,0.5977272568124233,0.4074218013278466,3.8141686417986573,1
670,0.31984652213965986,0.625899737023405,1.6204697992743589,0
671,0.34933531743358776,0.33121145920441536,0.5201894732269532,1
672,0.4097662792947226,0.28106690339204615,2.518357117919405,1
673,0.532104717147432,0.5668824572514265,2.248051721102496,1
674,0.5255242544110897,0.30795899014249334,5.872161962451753,1
675,0.30466977556742136,0.4417424281765006,1.8649883932180416,1
676,0.01073435507621165,0.004572823842348332,3.9394545694974337,0
677,0.6888097847545955,0.5239550186533747,1.8898738185067967,1
678,0.2823064304628838,0.44198194289187154,5.5219174196351135,1
679,0.5256419888212656,0.33651449570084263,6.101683888626171,1
680,0.47681276973066,0.44165224353850135,5.237672208037662,1
681,0.6670867469458418,0.5383503877167323,4.979807694341739,1
682,0.7035781421873616,0.5184162486912359,4.129396575627522,1
683,0.41547305751122793,0.708458523439972,3.2196604989881004,1
684,0.40074320969862115,0.6626759312728275,2.8024747863031143,0
685,0.3467926070440756,0.5668215619012604,3.0091970247711672,0
686,0.7024970669766761,0.6314703588480616,5.720497692622144,0
687,0.577382579500766,0.7003176089964833,2.0202541602866444,0
688,0.4451827011884058,0.24223673794159084,6.11726048826819,1
689,0.3499634885570019,0.5978177673317991,3.6521110104508185,1
690,0.34247087052809655,0.32487146716634224,2.0412427242601097,1
691,0.6630487930299931,0.6477973541685208,0.6974915177957861,0
692,0.6263753538760705,0.5919920010272991,0.9023313314747206,1
693,0.28837737889786635,0.47239788046311604,3.0670986408518264,1
694,0.45471875388363003,0.44001631221879267,3.918103293548657,1
695,0.5217056445676898,0.729434729593204,1.5224592507509085,0
696,0.28729211209556366,0.47489040898869384,2.21583144357273,1
697,0.601421023341332,0.6333145989400032,4.357240363545372,1
698,0.5360588075965306,0.6032662366376952,2.1922537578808226,1
699,0.32098239638358184,0.39459769913494336,3.8179201167045287,0
700,0.7210517459401123,0.5072935473452926,5.46304026261746,1
701,0.6828495851879544,0.6175594914029652,1.1335764155987822,0
702,0.7485783192919508,0.5585038405671073,2.325707349508636,1
703,0.7625171190803888,0.4717438437715457,4.4698840235534165,1
704,0.3073518533674906,0.4081325325506913,4.43539634890694,1
705,0.42403596934773846,0.5717976042975564,5.207194419214297,1
706,0.3549638344305926,0.6291452125718942,4.166424085810819,1
707,0.37079441961375864,0.31758641923273895,5.6148186062560566,1
708,0.44270795883998604,0.28909973224888197,3.37211126088123,1
709,0.2873886103382188,0.4691800450992592,2.9450888358590546,0
710,0.6654831262885981,0.5175192430350253,0.9822704565444302,1
711,0.876831329442266,0.03177868785576888,3.2873726191352484,0
712,0.3769186356179968,0.6137177814439859,5.922434026746773,1
713,0.6397908252983352,0.6025841248970006,1.5129752777187546,1
714,0.351056021479035,0.6636615886140222,0.9147657935059962,1
715,0.3326012745608707,0.5309783388839853,6.066866849857244,1
716,0.584919345544442,0.4578063449793345,2.1740397342912567,1
717,0.4068560359885835,0.2361451871089903,2.7833244194443765,1
718,0.737623396823817,0.44045866931709543,1.7038554607921672,1
719,0.5173526011987851,0.32857442646820484,3.9204754043034975,1
720,0.46501890431371423,0.35117339063915864,5.907268924705235,1
721,0.711089361991954,0.5927308715306969,0.901551179481782,0
722,0.6141640809509885,0.6284367180368423,0.3446429400539692,1
723,0.5605629948863031,0.32275705631166945,0.9299600197492843,1
724,0.7406055094638677,0.5830504388591168,5.855265930718145,0
725,0.41344549240548706,0.6645151842172741,4.933448705455814,1
726,0.7330922822634772,0.5773666808261552,0.4775419574196655,0
727,0.6194164018974622,0.48283242336597354,5.404055208216728,1
728,0.7406941961169,0.5300125463412395,0.4369527864916377,0
729,0.4432181377749264,0.2524078006648518,4.9326181545874705,0
730,0.6146700253199975,0.7192881126860597,1.486373351485861,0
731,0.6412041351292598,0.6149953676636793,5.006757693091813,1
732,0.7139282718041389,0.4377826959686909,2.1722648629386976,1
733,0.661898958754324,0.4380945657007874,0.6044736833610533,1
734,0.7214932793317496,0.5014998966809028,5.169195250251395,1
735,0.31665828110940863,0.45044646376501224,3.732998277749643,1
736,0.6218147916452926,0.4484892247099791,2.822215352229423,1
737,0.3097386964532932,0.406799990100182,3.8810091003559766,0
738,0.5940763682046661,0.38307054279178265,1.3029950343657142,1
739,0.6516006287738249,0.6582967549255363,1.8957806539000033,1
740,0.5640424996392899,0.44558086843044387,1.8841777471196497,1
741,0.5721130953388762,0.6225548439772428,5.4980948035252375,1
742,0.7015867373091953,0.45338132923581087,5.817804742314401,0
743,0.6236674787347256,0.4272936609870419,5.590712015147522,1
744,0.42678234977698054,0.35162458185048356,0.881650123395828,1
745,0.6425829466101709,0.4648809318743504,2.6757021387730786,1
746,0.4603204064983386,0.7421206153574099,2.814943759564574,0
747,0.6657521309793932,0.6251755313952382,2.171047307961203,1
748,0.5132282197260911,0.30112612877879075,1.6781101486284347,1
749,0.37298339406530273,0.3399481916552255,1.8886949341020485,1
750,0.4566079440720233,0.5305524651987825,3.10935050170532,1
751,0.38362282407984344,0.4523814229010193,5.724032824132055,1
752,0.750992644470281,0.5290301213103105,0.9267315805531932,0
753,0.5121770381307192,0.26070117008349286,3.229496902344085,1
754,0.4253491913783176,0.31077474910542796,4.914665288382543,1
755,0.2914643904096767,0.42403500730201477,4.183948085790134,1
756,0.35358985483603067,0.6250456175770905,3.221678386281474,0
757,0.6346563780554143,0.6627004318619782,5.988375096179684,1
758,0.6442982814440483,0.6678181091521642,0.23400726388397294,0
759,0.6228211984461832,0.6670940291264805,1.7013563995015275,0
760,0.6504776088808628,0.6961906326637557,5.723279008747519,1
761,0.34302383953275334,0.5278196802821177,1.9176803241668225,1
762,0.42800932354291116,0.5882902878527113,0.9738984658326197,1
763,0.2861959452114235,0.4660434920725406,2.7410324983393335,1
764,0.5986319334183919,0.2691823131398113,5.278319526763015,0
765,0.46692710088290657,0.460101860868954,3.779886836862309,1
766,0.5767146835452311,0.25513793621179726,0.1965659417990716,1
767,0.4748027785676452,0.5150120038817673,2.6605748840731525,1
768,0.7008153465469374,0.6292653525981069,0.6947167683936057,0
769,0.5255393982235771,0.32460332246521234,4.042092751433207,1
770,0.511930861204574,0.23898333126094892,5.788079005584062,0
771,0.5744825247746086,0.5804321523271645,5.069813063121098,1
772,0.5276821390058118,0.3294310793357959,1.48027143091293,1
773,0.5731288612183516,0.6610577346110402,3.162995575891891,1
774,0.5960388609129229,0.5005380773861521,4.391532979271829,1
775,0.41960133535194316,0.37445043881404416,0.2748755566304474,1
776,0.291419771969087,0.4770528693527475,2.86361430379234,1
777,0.7527105450481211,0.5502493768178603,0.411246896434344,0
778,0.4639157144993616,0.38832256250052255,3.712500755318272,1
779,0.4417900592474545,0.29318043466885296,5.1182770913081805,1
780,0.7151809060206855,0.3955428385413429,5.830505637561669,0
781,0.7161054780203001,0.43585037640006474,3.4309712736832583,1
782,0.5816399610213079,0.36290176897668247,5.694792626803905,1
783,0.2793964927883004,0.3692452283955903,4.162480999195016,0
784,0.4842527210374868,0.2836653490616706,5.675049556567873,1
785,0.32224654908382194,0.47799519301065396,0.6180046869271834,1
786,0.31859421107241903,0.4099922680734112,1.033899912175744,1
787,0.446566743526545,0.5284980109205607,0.3528137407882163,1
788,0.4474464777271051,0.7152223940306214,3.1407989633936504,1
789,0.427033051069364,0.613804353428564,3.1729175478875367,1
790,0.7211286474750228,0.4904364835862717,6.221918466652794,1
791,0.7261247694002275,0.5934076145571597,0.13916484747720487,0
792,0.5706301766217289,0.3388030709668855,0.21642828932643512,1
793,0.2887519471080886,0.5440335000679621,1.143958456075321,1
794,0.37155122453702616,0.4894701881846836,3.2944914848185944,1
795,0.6003565125059549,0.6774590945872808,1.8576608454690844,1
796,0.37941539479997066,0.6583736918882153,2.652594837113222,0
797,0.46067009933113606,0.6934244499407646,2.534689285995469,1
798,0.5518177696826937,0.5465759282096477,2.968634449045044,1
799,0.7061992739650972,0.5812711877313694,0.04703337539114397,0
800,0.25327812735339095,0.4453258462126092,1.9874390080048638,0
801,0.5062430922037192,0.5795214486695098,0.860741134992626,1
802,0.5465182700064962,0.32843914675313357,4.442979143254777,1
803,0.6246805001714021,0.27824325434007563,0.505865494045325,1
804,0.7466103745240749,0.36510510812391056,1.325193766895368,1
805,0.7263685509871909,0.4493920686054602,3.913843170528104,1
806,0.4940594335799222,0.34009703925979395,1.0236364471756156,1
807,0.7244127918488776,0.5668672961920931,1.3857057779667856,1
808,0.3498118412831658,0.5841384923189895,4.289881107276939,1
809,0.28698678199469463,0.4297016960828105,2.6241865476919495,0
810,0.5777596429221803,0.6873516215509702,0.765595132685702,0
811,0.40175105985664944,0.6745176027366798,3.696564021692198,1
812,0.5089910656502025,0.7204933893951515,2.0886208277735467,0
813,0.8379175529598589,0.046364654009206654,1.2394528620470902,0
814,0.2862642964081728,0.42414998092623607,4.002509002771386,0
815,0.641825900478552,0.3778634112271534,4.35422689024634,1
816,0.4083384087360241,0.5943249247214414,5.176311263437626,1
817,0.6036404857302649,0.37479965031042833,3.318364988400697,1
818,0.37445138016206714,0.47781325465895674,4.517153434678289,1
819,0.41403704303672323,0.5354967446972986,0.7499785500587781,1
820,0.5981627516056737,0.6411620862675979,4.074149040862019,1
821,0.5767355220818531,0.2875438116901115,3.4206807004747737,1
822,0.4810096072165133,0.6116553228218907,2.2932369917502187,1
823,0.6601707495779338,0.32255231186773176,0.4887764075279508,1
824,0.5199686363876492,0.5879590733457568,1.0226600327380722,1
825,0.7711243519564706,0.5278213826210878,2.2773675693050723,1
826,0.18609466621468246,0.03548912441902465,3.392429782438954,0
827,0.5980108446514938,0.7309023434240133,2.5045297553961503,0
828,0.13738575358666547,0.8899815195584965,1.0412015225848317,0
829,0.7124421116547618,0.43466685738110167,3.7699478864014995,1
830,0.5950154196396684,0.6553744551466206,3.2389396278130604,1
831,0.6655255560840894,0.658610839588876,0.6736521287053554,0
832,0.2827982395289407,0.4997627673220472,2.3319370713187193,0
833,0.609078063377091,0.4085693345162415,3.5452054890995983,1
834,0.6418107239447393,0.7068197849012589,5.626072126343908,1
835,0.45250670320003406,0.6744523218727548,2.5048643727229813,1
836,0.5686448670876209,0.31825292112887976,0.7934384096269268,1
837,0.31235207559589145,0.3848507612766911,5.304298280788094,1
838,0.8345080853800164,0.010795879871007366,3.1507860660267224,0
839,0.6614065576430037,0.4931134798172145,2.520901658352594,1
840,0.33894398028935446,0.5961028777251567,3.5631833079876887,0
841,0.512720986749524,0.3986154930392529,6.1621206595492,1
842,0.32136454497016076,0.35942069953074524,5.946341550754912,1
843,0.34376691096273,0.5302416410263117,2.217991887642956,1
844,0.3700096424019419,0.2914553268371958,4.892220537086605,0
845,0.6055679892911207,0.2864266674304294,0.5638151322059014,1
846,0.4443759165735602,0.39193709389457004,0.0025615080099434806,1
847,0.6848416690609083,0.2966905883778392,5.03308136387382,0
848,0.42665881221005386,0.29326625719918376,4.152418167505651,0
849,0.31316797401588264,0.542804875946933,2.2156865512112263,0
850,0.6028413831216987,0.37544346293325453,1.0696389142976708,1
851,0.5670235487078116,0.3326457422509204,1.6582971274546932,1
852,0.48443971184676654,0.6850924728282193,1.0945248946971267,0
853,0.6457364902877173,0.3571812505660012,6.055863628952678,0
854,0.527889547132787,0.6587254786464625,0.8087840983290793,1
855,0.38855383162233753,0.6875225413098578,2.4897919409688023,0
856,0.5944216168822952,0.29897829342611515,1.3691257250382618,1
857,0.5827123231783246,0.2501166910444635,6.224747948473772,0
858,0.9102061806782538,0.07795376752372082,2.0699604609905653,0
859,0.4162147992075649,0.6251112687793033,3.43707497330694,1
860,0.5516849371514781,0.5041022702734929,2.6177328145932615,1
861,0.5056492816739487,0.6891517643228986,2.573343557524515,1
862,0.6824376829696307,0.5574143755019527,5.1324387989670575,1
863,0.5835781273421791,0.4546893528440373,5.302711115825423,1
864,0.47947066797351234,0.5774132074177197,2.6217944558557673,1
865,0.7397969165292926,0.5412540143675807,2.569139395462026,1
866,0.4021302557764487,0.28416778381808677,5.92407096301984,1
867,0.35257981523162146,0.5710557021218036,2.1808678354937934,0
868,0.6821080246186266,0.610365428801661,4.727101766032842,1
869,0.5862692977088796,0.7008975944822964,1.544193202370555,0
870,0.7084797085367722,0.4726822284144575,5.300718034499155,1
871,0.6220392573983227,0.6775554230197238,0.6977109591868723,1
872,0.7093345400776416,0.3264969474818956,4.476746430913333,0
873,0.43667168783338345,0.2518417311484941,3.9223430584294063,0
874,0.2880101843209406,0.4689017787626824,4.07555060071199,1
875,0.7010273021916681,0.6513097485696826,0.0615309390162959,0
876,0.5628214235705634,0.3368595082870541,6.226330579831429,1
877,0.5886741411282985,0.5270153960424074,5.186606624968656,1
878,0.7277541256936761,0.5671094211416338,0.3449174988736375,0
879,0.40125380534276384,0.4382195544479953,2.1369389416132827,1
880,0.6385765485450793,0.6679251700753812,1.4155460515523481,0
881,0.30118072865937695,0.520879916248054,4.186557169967217,1
882,0.47199401498630095,0.5263669279161034,0.8873740421603217,1
883,0.6809713475050031,0.429747865829032,4.998385919006715,1
884,0.5045246416211895,0.5567003041183305,4.218229227644668,1
885,0.6136635167704515,0.35355979324728276,5.558742285417713,0
886,0.6007911182553022,0.6332231447693154,6.10159097874783,1
887,0.4758602742823822,0.6743856867913683,1.069507912111103,1
888,0.01562937182619642,0.07972744462243864,4.831166888393099,0
889,0.5822244189727867,0.24628283729222447,0.31352026771068003,1
890,0.32183481527886554,0.4521653697997433,5.550003268132221,1
891,0.6468539027841649,0.6870544200958134,1.9046635007240837,0
892,0.3114646544977509,0.4870213645186391,6.102273013092886,1
893,0.6932342771779856,0.32003536926071796,3.0727097101400345,1
894,0.2801084127870632,0.4182705034007348,1.6943878972161792,1
895,0.5689434652812052,0.6047423658438194,6.270094810096644,1
896,0.3853028199203398,0.4635212929558065,5.312501989683591,1
897,0.4628852878640834,0.23557020183946334,3.6574751227512556,0
898,8.291200305423471E-4,0.955103384876791,5.821899040950221,0
899,0.9944824157218317,0.18370343700143602,0.8484329938149396,0
900,0.33635796379029675,0.4174780690217864,1.9324150131243665,1
901,0.3272108428426266,0.5288425584291007,5.397138144283621,1
902,0.6419233377994278,0.23900350518279562,4.8059356010834495,0
903,0.7627639770658057,0.5394488203336425,2.2265289440418483,1
904,0.34366843743373715,0.34321959649359024,2.667566329321579,1
905,0.350894798822595,0.5748404138986426,2.6209715650191003,0
906,0.375662328868233,0.6643442363512445,1.2045592478197946,1
907,0.6420271999521523,0.6668298586535885,0.8406014171973619,0
908,0.5969745919554489,0.6353069510221956,5.000166092687451,1
909,0.6069952548009989,0.3961523645124251,1.2529332325392026,1
910,0.29469369221931296,0.45445676832701165,3.070941523986951,1
911,0.5708579373015549,0.5631719123181871,2.6382142183042663,1
912,0.4971228512373979,0.4338900515594266,3.342998298342645,1
913,0.5006271481355846,0.6384499510811644,1.57951697036528,1
914,0.5596602532199836,0.2362331928358724,4.726135611905508,0
915,0.4649597529470622,0.7191013815047697,0.852505762482713,0
916,0.4079604356041921,0.3215177103536874,4.797074324945496,1
917,0.5870055985222159,0.3400551938650431,0.16522232634035589,1
918,0.7509836003018321,0.53989575822186,6.135914552354668,1
919,0.6259453401202945,0.2724719973475173,0.5954306527242716,1
920,0.44122465353605655,0.23291547145501737,4.4276961070565815,0
921,0.42579474725398603,0.2322813977073364,3.7402417965958596,0
922,0.2930891692002985,0.48064911169686164,2.8643748418210437,0
923,0.7155027737718374,0.4062418265296623,5.042340705883145,0
924,0.6955015842079948,0.5362521977549064,5.359662797305629,1
925,0.9608747442581674,0.06850063258225499,1.7641164996265746,0
926,0.48658170694769914,0.6735276610154707,1.3974577447295005,0
927,0.40257436456179574,0.6994133600557517,1.2297586352132408,0
928,0.5373564849722025,0.47399952252596506,0.19623316342461478,1
929,0.6048768253583469,0.6569938015004351,5.723175478416479,1
930,0.4535300683435902,0.6538305809943943,3.771097137103643,1
931,0.525873004150508,0.302583257973536,0.033586054588610637,1
932,0.749939139525092,0.5354745100027929,0.41868310389661423,0
933,0.5485213557589561,0.4159047540557122,3.412660370319009,1
934,0.5598489428449351,0.7243916645798427,2.4011414745941595,0
935,0.598721913678382,0.38113849616904083,1.444895683653216,1
936,0.6741552711983018,0.5586346910791519,3.2126575161978117,1
937,0.42415913678051353,0.7051343627088351,2.9844244612648394,0
938,0.5101801771250921,0.7127633197966574,0.139606359255181,1
939,0.42178067892132703,0.7183995983104494,0.3982175261814923,1
940,0.45293789634076137,0.6779835577254583,3.0128151296363717,1
941,0.5840574579754166,0.5599943182379881,1.73374669075711,1
942,0.48270833360984583,0.276478431816101,3.4569248580218708,1
943,0.4921551192874682,0.6443892579329487,2.1056190923573275,1
944,0.46980340657586706,0.34442379523503636,0.033162185596483776,1
945,0.5864100450940057,0.7100169197332852,6.254277286351167,1
946,0.5808288702157276,0.5295273289800294,5.929433917039242,1
947,0.2839806243343588,0.4705703326057245,1.8706674244856105,1
948,0.6941387893211097,0.49242585799545435,2.308074783169668,1
949,0.49357897575244775,0.5333861934830506,5.897136219523058,1
950,0.5267941906446487,0.3290781515200404,4.91072711503433,1
951,0.4483615472042216,0.28209744004026954,3.991468907558959,0
952,0.5349114934600823,0.4253520972169582,3.202684425268967,1
953,0.4373779597645286,0.3177115701535785,2.7061635434011673,1
954,0.7611334456784398,0.5676925081828444,0.9942233325243541,0
955,0.5652990778963185,0.3636815829404836,3.847071218871299,1
956,0.5408645188033189,0.7147547831418901,1.761813327727168,0
957,0.7585967575812401,0.405825577748172,4.918621896806356,0
958,0.7001480736924729,0.37508421586144663,5.645645056799888,0
959,0.7604728662017742,0.5107018137164638,0.7994517455759059,0
960,0.4378135335070363,0.6958884373776308,3.0410974689836228,1
961,0.7355464388729284,0.29594767201548366,6.1363025557361155,0
962,0.5632828371685231,0.24003903762790305,5.101608213228471,0
963,0.4902625843929387,0.2855107613543516,4.925315865790026,0
964,0.3127768358565975,0.38874080616790657,2.716930688295886,0
965,0.44115471434768966,0.29829532647053447,6.039623680515878,1
966,0.6173746082933208,0.6802847092958795,0.6723268358680629,0
967,0.4837130873462583,0.38818836395849554,3.4878288899741396,1
968,0.3906007592978067,0.5221068281145845,4.463157832441113,1
969,0.5655857857254186,0.46543316487082914,2.2238638670978332,1
970,0.3036963034478757,0.47658806673352117,4.082168524825225,1
971,0.3495961803352503,0.3805410121211493,5.2086039351562405,1
972,0.46116799381374834,0.3559424327405455,0.956332164647421,1
973,0.6333567355812268,0.5722777964274952,2.597637914993591,1
974,0.69749979821055,0.634757847371999,5.267393655555892,1
975,0.7201214715343371,0.629924774441451,0.6405058743454625,0
976,0.599491203995506,0.6810001066652126,1.7261757767610626,0
977,0.3188831418466572,0.3559735353707314,3.500878200738521,0
978,0.28649472925901626,0.5226741389061703,3.0389113111647004,0
979,0.40548996568808593,0.6415968223897374,0.03988136841208144,1
980,0.5516604962020422,0.7234674023987664,6.2422522535050415,1
981,0.14882375617318777,0.17063169098685962,5.51897048548381,0
982,0.34336065879054034,0.3131295533604727,3.5657022688159627,0
983,0.355186563608884,0.3704050681833685,1.2405838218741483,1
984,0.6787027573538871,0.34364549551925316,5.727460768681223,0
985,0.5154863312300305,0.2984270736372485,6.185310907745942,1
986,0.3866714171562012,0.6816303747276152,1.7975995387571233,0
987,0.7507499575359032,0.5764197239846062,0.9965282878656219,0
988,0.7215546272316471,0.49054605889520564,0.963756480910463,1
989,0.7156503299779661,0.5672502315245064,2.081813647778705,1
990,0.6352187269957257,0.32091240676912347,4.102747489832126,1
991,0.4465907211162012,0.6021981865894211,1.7759818942267636,1
992,0.6826928193295627,0.6067081760869321,5.944677604880546,1
993,0.6655137288026282,0.6006835735686414,3.594655281580718,1
994,0.41919440493421783,0.5219942523960855,5.90565785091375,1
995,0.4211781967062292,0.31335290440098024,3.0204348256919027,1
996,0.2904094549378847,0.47065465465611395,1.4915846057779876,1
997,0.3499809014552921,0.6563852460403901,3.232895202866324,0
998,0.5596334263101499,0.3727639411201631,6.25597082804163,1
999,0.3333387090371975,0.622644974472499,3.060316576331183,0
1000,0.36472388077519174,0.648627581780094,1.7599450483731434,0
