2940,1370.035
1,0.1921106175448991,0.9767314530954285,0.1803058834937143,1
2,0.008805229768080756,0.3671364668025537,2.5976290248812752,1
3,0.46418484959178835,0.5078860106409617,3.7031335249838726,1
4,0.7132534721409952,0.3957030803951797,6.188683037848555,1
5,0.8961619006700616,0.8121655622886471,1.6551749787565342,1
6,0.18716738673833416,0.33375478603483993,0.14133725024910504,1
7,0.05157981484699691,0.9976976447875727,6.090485376381516,1
8,0.5970679338431517,0.21951065546548,0.7066088202519263,1
9,0.6665555071247468,0.5290806597938909,0.5087964726722164,1
10,0.4569160860100155,0.5093198169131953,6.068669596227546,1
11,0.32357250256204007,0.16831928073983884,3.000533717465774,1
12,0.6514557809841751,0.44176351157765287,0.7377037038355867,1
13,0.024550564234504867,0.9337979367245974,1.1411080400873608,1
14,0.9542108967383036,0.7106962124090233,4.385065225086173,1
15,0.8376613087529894,0.8921103349046413,4.693597383127977,1
16,0.827829301167877,0.9455718288814366,6.15462586607217,1
17,0.9543922251379251,0.5213476383647316,3.210262036417789,1
18,0.9722417397388202,0.37101955622349014,4.307729406532501,1
19,0.09229303818870305,0.574726180311955,2.3694217194667426,1
20,0.052967770976637255,0.15192126564950825,3.4209694760080844,1
21,0.721013210335788,0.11995352960713335,1.0509019546520242,1
22,0.6709506512559573,0.30614252230614064,3.299046005906882,1
23,0.7682351791848817,0.32143422602729493,4.2993284593364365,1
24,4.383688129672283E-5,0.0196774632733417,4.200906988303567,1
25,0.31537637293759,0.40417659162163433,0.7956935798047591,1
26,0.2623619103526385,0.6890992855896001,5.6113847088694655,1
27,0.8968787342236731,0.5643958162762437,0.675260908201025,1
28,0.5725919509156691,0.10991364571955393,4.266495337201172,1
29,0.605248786921461,0.1425582966553332,4.1077632930695716,1
30,0.9999033287600798,0.33564319857984526,0.2955172498219495,1
31,0.1422665470375156,0.9151167299637036,2.65320407368875,1
32,0.6604469943297232,0.5215638703474469,2.0302382631499842,1
33,0.039695768052798605,0.11122591122474235,6.24185883831355,1
34,0.8947298267380458,0.2827914478899793,0.2702928517415599,1
35,0.9763586513097482,0.7195643342873522,3.9498481187701278,1
36,0.22209589471298702,0.6138844412940889,2.705719726217374,1
37,0.3323305745062318,0.5421549179555263,4.232315003242562,1
38,0.5566556638662847,0.8876192051103515,2.6258224514940944,1
39,0.8280238794634001,0.14534596354694093,1.185482036307092,1
40,0.49659994108305555,0.5176724661396876,5.874870287043684,1
41,0.9682451071895014,0.8723520090801914,5.346751051636383,1
42,0.3532316834123221,0.29936591345732005,3.5542210215786474,1
43,0.41792293439424855,0.4858072076782227,3.3617498530918564,1
44,0.5129039330687204,0.21245353886545176,2.418087122890376,1
45,0.006192983972253407,0.23092771370199905,4.595566408887998,1
46,0.4056736778072001,0.155491086485407,4.945112030826242,1
47,0.8471942408245768,0.6703543699817337,5.152335800415546,1
48,0.6572655042073771,0.7021369269920109,2.746905739343847,1
49,0.7161254436650557,0.8056260624917225,1.4937012345302012,1
50,0.9990244017366235,0.40828356002938404,5.065168067005704,1
51,0.7675699729615059,0.0,5.767304275224221,1
52,0.9986886516600395,0.47875013049930193,4.1638225348091265,1
53,0.12331893190373504,0.36159852430874667,5.8795372565669,1
54,0.7190207138468413,0.2967836259360691,1.9010146702401522,1
55,0.6042436315075761,0.2822512109659024,5.813422517616847,1
56,0.9716880518379454,0.15377005711020758,2.444226680991799,1
57,0.35521600339461507,0.7624926939444431,0.33930079787724765,1
58,0.8279080342095426,0.1319393999773742,3.2182559807502127,1
59,0.5466019111363499,0.9388425037369192,0.279161933667797,1
60,0.5826642170579233,0.6085124371965506,0.7113842709419851,1
61,0.35754137165412037,0.1304937509905618,2.413982755677722,1
62,0.8411321356401462,0.46094052231053706,0.8843430704953972,1
63,0.8939515245406564,0.48731611879011044,4.854358638123909,1
64,0.5034553102501194,0.14006404451749602,3.302534523943583,1
65,0.478126961229814,0.6209418869816415,5.715552984911515,1
66,0.002944967205877963,0.4705869979506155,4.326644332873102,1
67,0.06069425062545862,0.2777104758850176,1.1388599443816259,1
68,0.5426221717038263,0.33267977177874397,4.110812587405565,1
69,0.6915158211517982,0.07485483512536953,6.098450808674264,1
70,0.8433452476830205,0.5257138778993685,5.968665544209373,1
71,0.28277464877964054,0.6016505124689928,1.1093883974549703,1
72,0.23207872666088084,1.0,1.1745049573617354,1
73,0.3364342485935409,0.3395751269002831,4.0163366862831875,1
74,0.274382881503992,1.0,0.9277744635443024,1
75,0.3354077847335909,0.40894683263091053,0.45504946809155755,1
76,0.4239081358245367,0.12982096580335084,1.7856679325783218,1
77,1.0,0.8453098358316317,6.1019963424206605,1
78,0.6760320672770616,0.08831607084870138,3.182659701981644,1
79,0.0,0.547237366640875,4.03209530377388,1
80,0.7383013917730332,0.7700093282870952,3.0267260161342415,1
81,0.8245198723145739,0.3832496698739979,1.1569876413568778,1
82,0.398558166611312,0.4353140518640594,2.3777161757897565,1
83,0.31265590375020835,0.5577282653321468,5.595616606566906,1
84,0.0,0.1962788407534184,3.3255055550355763,1
85,0.5955378939341265,0.7940625285042544,1.9415063831767232,1
86,1.0,0.9262235855320824,5.3976070462810215,1
87,0.8622374951511608,0.5243004715199436,6.065420325168015,1
88,0.1784704082845276,0.14669232579277539,2.71481321900132,1
89,0.9988753516823417,0.49675323577507396,1.0712091278859874,1
90,0.43450377172043203,0.5836421595991236,3.010997728303794,1
91,0.5748004137663218,0.775526727545551,2.812577093265298,1
92,0.13220863793344534,1.0,2.106381141803803,1
93,0.35004414148521795,0.17709960201100064,2.622522660928194,1
94,0.17353907870094779,0.160329200841581,4.543073916703506,1
95,0.8702486374195018,0.8877322846886667,0.14632822921765276,1
96,0.3722669759203711,0.4672622493202058,5.919297244971182,1
97,1.0,0.6379787208461997,0.931445360701119,1
98,0.3081018636214894,0.5474940281677072,0.4675693252944041,1
99,0.06269284811534363,0.35659413877761753,2.623541942021451,1
100,0.006674109948488518,3.8863061049678794E-4,4.049460142442098,1
101,0.9705507545143619,0.5957550290565117,5.65506611663032,1
102,0.813214300956248,7.396081721082512E-5,3.049009423507951,1
103,0.4559845104689185,0.8449409243711251,2.5684092446849327,1
104,0.8956940073766702,0.6436120956145683,4.654888957679595,1
105,0.711437168028528,0.18965203088551708,2.179576445639691,1
106,0.16063717366734298,0.8932209096683015,2.737383736007339,1
107,1.0,0.8252675167690825,0.538205386713187,1
108,0.9762259250365402,0.21380458404932073,0.24552078545443165,1
109,0.9992651818544611,0.005965757643782848,5.166930928573414,1
110,0.17961887960150752,0.16553600273843352,5.171295728023078,1
111,0.33221157511944904,0.09166434543839376,5.8351927420516665,1
112,0.3009885961109915,0.6410623947734577,0.3634159206423664,1
113,0.7031092701398866,0.4141214414979439,1.5593523650354624,1
114,0.3584429775243994,0.4633158441674237,1.287398215745727,1
115,0.23554037634071034,0.9908142153564753,5.929867087290788,1
116,0.17948216698682,0.6138757499328417,2.971828651454164,1
117,0.1646723791570929,0.3868377552042449,3.0439553265746135,1
118,0.29303679124250903,0.3762122260199083,1.8275743765257122,1
119,0.478939207693114,0.2788069498469718,2.5795597026033246,1
120,0.4931005456286548,0.527168140052906,3.8678300808627646,1
121,0.5462175603578445,0.6506968187769161,5.302296961533673,1
122,0.5327239285368144,0.8592725361564282,1.1667105393473334,1
123,0.2011717979065634,0.976074959528692,1.2658750347035217,1
124,0.5596473645122658,0.6645469969561638,0.12488455807283796,1
125,0.9546028717709318,0.38746126219955374,0.2620327004391858,1
126,0.34219532404605446,0.5019997675881683,4.024972674407086,1
127,0.06606842634196293,0.9495161236872666,0.691289104411318,1
128,0.5273724890373256,0.959864756757411,0.2751600963041439,1
129,0.6154905094204898,0.6789073990965698,0.4612108823175109,1
130,1.692125305697669E-4,0.3027567362600274,3.6044048989543533,1
131,0.14670489383143567,0.008841515446177766,3.3679634738014896,1
132,0.41083551068358204,0.25215762481683074,2.605984518185787,1
133,0.47305928988185325,0.7139895180627224,0.9144455075014428,1
134,0.0010981699936616122,0.015592041075231123,1.6922004641704256,1
135,0.14936581079136285,0.5618887563469773,1.4731691921630103,1
136,0.0,0.01156296863082624,2.2635592666935573,1
137,0.6348977428406712,0.5242733930496132,5.8250421256066565,1
138,0.4754890886115113,0.9999661353018865,0.8235707423767112,1
139,0.6988734636161458,0.6705707199177755,0.7046100637522756,1
140,0.5746459945593088,0.5407039808686763,3.3401861704439226,1
141,0.5746306393616026,0.5305952650658948,4.27608993997383,1
142,0.4828299598253475,0.8847268427926697,2.1211091700104894,1
143,0.7154961385126376,0.45170032285921624,3.0282280647765116,1
144,0.5272339559555459,0.46530502744499813,3.283155548817969,1
145,0.92956308497508,0.005204470666120645,5.987423170789158,1
146,0.49132168272432536,0.6733763075073489,0.14625180927798212,1
147,0.9995706936154524,0.01474744623068013,6.094431010325123,1
148,0.5358539968636367,0.8351314836246962,1.209485350765469,1
149,0.35038020933680475,0.23354849166247613,1.9562051256505684,1
150,0.0653183204409916,0.937444847831418,0.5571986054799954,1
151,0.0924422214908159,0.01390325460457412,4.552635238968628,1
152,0.9876449077468641,0.4129293129094366,2.7395353826211166,1
153,0.6323231611854198,0.9733616474219006,1.9622397764455413,1
154,0.4277706258764671,0.7608204977384981,6.268511856012831,1
155,0.3267471907309136,0.024724634286069972,2.384910416958586,1
156,0.4131138543201348,0.6114595200761355,3.2681740346489074,1
157,0.6716023234849828,0.08826192349276356,4.768473918421065,1
158,0.9322419390229689,0.9740021184997031,3.831024477683359,1
159,0.174802441488403,6.504585519726973E-5,5.80235008503507,1
160,0.14483849666617477,0.9861855669999179,3.162592615688824,1
161,0.9983681892940678,0.3678337715816468,0.6927029499374255,1
162,0.4400037659116981,0.546793210706934,2.856008837636063,1
163,0.9826412595668834,0.6009222037023497,5.727376896777481,1
164,4.7941408533369004E-4,0.010853154971954299,2.7610991051169194,1
165,0.043598804069632666,0.06678734478387519,0.708429980765427,1
166,0.28821591517729195,0.8226511847719632,1.4886283686407482,1
167,0.4299739191911119,0.6991041026727315,1.040849333615478,1
168,0.0,0.10848646733972984,4.064941091639561,1
169,0.0,0.9619321882609944,3.760921732020611,1
170,0.7269037636174656,0.7062071490346178,1.8354930214829337,1
171,0.7503131550932638,7.481869102984506E-4,4.093283734479074,1
172,0.9806626555815166,0.9941226711529603,3.6074333398040492,1
173,0.26214971565955253,0.18074935353604116,4.002395897322637,1
174,0.8026637813492017,0.4192275858815282,1.6438987079945564,1
175,0.7836132640407791,0.02394094042750169,4.414201656126029,1
176,0.4478095737515788,1.0,0.6112782656137957,1
177,0.029923737038597176,0.7744540841857557,1.121204668177346,1
178,0.16592246406948213,0.7218732414575499,4.3020976520248135,1
179,0.23676319295711248,0.5578663919761887,1.5997797609839195,1
180,0.8350015029492441,0.5014511919347463,0.2705583733251508,1
181,0.630245855599962,0.8966982249814898,1.8442599211485335,1
182,0.1416891196311438,0.6361705797122804,2.789162665319429,1
183,0.1999146890984603,0.3396666116450848,0.7231542895777049,1
184,0.8140023453275366,0.750287756498751,3.1452835509691246,1
185,0.7944118226745652,0.5406388569258338,5.160679616852963,1
186,0.6179330700729326,0.524364173946462,2.4899223607720593,1
187,0.1106239801431537,0.638913494774412,4.9730049248201365,1
188,0.8263791425043241,0.29113677286195033,5.244428843944962,1
189,0.9955332949055785,0.028101521468502526,1.6364857223034048,1
190,0.28244928206941844,0.4167475843121106,0.547850182106277,1
191,0.47773675848385394,0.7263126160651392,5.171065996845897,1
192,0.1350464399816853,1.0,1.7223195303734438,1
193,0.32682799746447816,0.5635122240889334,6.15499874940115,1
194,0.7326550864820482,0.6453133224802089,3.512134811230198,1
195,0.0,0.11356934281639465,3.124102630023987,1
196,0.2459638037865793,0.6087286197506296,4.028189615476502,1
197,0.38571281338193003,0.12862023526370467,3.846912897934249,1
198,0.6049486206643797,0.2624098677606028,3.213956480963364,1
199,0.6079489759917273,0.8089191709158011,6.181118494253525,1
200,0.5670657275185395,0.0,5.402436354724642,1
201,0.0019876816567996453,1.0255232836781515E-4,3.9589761186466754,1
202,0.0,0.04310295485270471,2.8534412797969746,1
203,0.6607553301782773,0.8099586813975975,0.6319174961395579,1
204,0.6539975274038676,0.4614576939075339,3.572231919264646,1
205,0.9506533286450433,0.8879341809943638,3.697265023538715,1
206,0.9336634605876677,0.404498127850798,4.701570450382994,1
207,0.2464239139298389,0.39208950542999244,2.796822468901197,1
208,0.002823611640866071,0.9997058679459389,2.0213171361829474,1
209,0.4742992159756687,0.9373002638056528,3.5985695995426648,1
210,0.934258299409293,0.98434935444059,5.441618220383374,1
211,0.27825661752192726,0.8530339764452917,1.3937686719354165,1
212,0.5121647977323244,0.4686777236683016,4.373591422463127,1
213,0.5458057965129771,0.2507236176755201,1.904732312841022,1
214,0.05927318880764983,1.0,1.9832989418363318,1
215,0.768058777120405,0.5383620023058724,0.16989109966126398,1
216,0.9481600948353266,0.9804155091015647,5.836161647451717,1
217,0.9264397207768956,0.07435756138995538,4.764367969876535,1
218,0.2947816852732212,0.6214552555506484,5.897306501568953,1
219,0.05399276242116283,0.45118411642386536,4.813118411362866,1
220,0.625261541468887,0.6932723650831469,5.13884775939699,1
221,0.0,0.6208723938129955,3.493754244621632,1
222,0.817058247376875,0.0,4.843012724931319,1
223,0.5458603015121382,0.9988676567470954,6.260942310115807,1
224,0.2505502332482235,0.7673894457372342,5.707553835319796,1
225,0.07391070819481582,0.7191042415623566,1.1291741181656083,1
226,0.9272469537275864,0.5984516750676665,4.065926185362383,1
227,0.977898070315491,0.8221869648064031,0.6828239552866893,1
228,3.6944483138250854E-4,0.9997318872269816,2.5217235338954387,1
229,0.6699566495856838,0.0049280954817749354,3.572523265244054,1
230,0.4998050830199491,0.46119195618899805,3.8757673372493477,1
231,0.05983336719803001,0.5906077110464502,6.127951426248743,1
232,0.9982712240936916,0.6200220640567526,1.0483942579501453,1
233,0.4017781036460082,0.31927986537473013,3.2965495794750814,1
234,9.28713990278334E-4,0.8475687217033993,4.561648678239709,1
235,0.5282360883713878,0.8386532822132019,5.553391677568439,1
236,0.6861895530498985,0.34488692739918697,4.488388161394895,1
237,0.12045125727635594,0.8450123066352732,3.3488112374536434,1
238,1.0,0.855133940235098,0.27336112079555636,1
239,0.5728462290592252,0.7825682756229153,2.705956251560631,1
240,1.0,0.8266266350677646,5.64482758808002,1
241,0.3142781377173814,0.8502117605207387,0.14116806789974623,1
242,0.04989421754350672,0.0,5.677445264716761,1
243,0.49534246247213887,0.8239223308229939,3.647344991779199,1
244,0.2555644493623243,0.7842072005978286,4.115990424043776,1
245,0.8200209277339576,0.4626454969347897,1.0270384724516233,1
246,0.0,0.6913127240040766,2.885859656983018,1
247,0.02640797004055751,0.8825534195560765,3.8768301847282376,1
248,0.16984691897976673,0.9199871667571923,0.39384226844990217,1
249,0.27151755405704403,0.7994079720778031,4.886196528826313,1
250,0.9689282912131266,0.5358396699269377,3.8480400047979986,1
251,0.9978610887102337,0.8372886624919316,1.7111255254995306,1
252,0.4603954765968429,0.9018232892579097,3.559499512660509,1
253,0.997028794749859,0.6237992733282998,4.652897106291851,1
254,0.2747574549165137,0.07717362868479749,5.813596934999943,1
255,0.6703456032197574,0.36420947099135587,1.5410608918216344,1
256,0.3410359978359703,0.3476366544997142,0.011985154541996224,1
257,0.5797816739066498,0.0,4.269526416523819,1
258,1.0,0.7759540553013419,6.270525862034046,1
259,0.20341041386741704,0.9601243467373513,0.22409395497514414,1
260,0.8686683024699565,0.2632788452679136,3.595810224002552,1
261,0.6058337468934523,0.9966168033106751,0.7428785218228392,1
262,0.10189862352873084,0.8620354036902382,6.213238567265518,1
263,0.6015415396067997,0.6737494510667129,0.8375066910222245,1
264,0.7118469156444613,0.9965614899172041,5.82278904878589,1
265,0.9555044567118822,0.39910222711517745,4.5253528669817165,1
266,0.0,0.4226468229708984,3.130319331432723,1
267,0.3925662770333896,0.9414698047487008,6.001389661514557,1
268,0.386992951005296,0.9987385016031882,0.9471145878610745,1
269,0.26636341186390694,0.5506666402192452,4.429272925071006,1
270,0.8846639656328967,0.8719167811496897,3.0840946834932677,1
271,0.16255539976718805,0.9358914572201776,6.0849627107939614,1
272,0.7665300265943821,0.356082582784939,5.113674552058334,1
273,0.6376203223137493,0.9998492964205732,0.42161046456635903,1
274,0.9248756223325582,0.7403960161451754,2.8717947400944572,1
275,0.31703562944632474,0.4632685715365286,1.1850546951683731,1
276,0.5461116786924609,0.9981704895818668,2.4605721158078335,1
277,0.27756077863102824,0.1511078307392262,2.824930867007149,1
278,0.49103646165140086,0.28224781390815723,3.9497455396888212,1
279,0.2334098436358383,0.34474952679373433,0.9936596168024838,1
280,0.5872766005660811,0.1394918401339676,3.9323563952895824,1
281,0.9854097649391302,0.34289931291500403,6.144046612651282,1
282,0.7860008866332568,0.8702577853152684,0.5941476736547909,1
283,0.7989429459175583,0.7029397491859991,4.33023891385615,1
284,0.8861641851288516,0.9203043640614216,1.2406999354306596,1
285,1.0,0.6036066284509034,5.094748751466378,1
286,0.8205157367848854,0.23036945148717364,1.5197896804638311,1
287,0.9967026074715843,0.8391427055652927,1.11519377551545,1
288,0.39933396835039564,0.35768387741246477,0.8849611426593026,1
289,0.2412352238803312,0.6103382469444503,1.6601550464011676,1
290,0.5018093341811094,0.6664041174249473,1.4326588571562326,1
291,1.0,0.36307230810943664,5.920353475954681,1
292,0.34432890994258325,0.7586627393252636,1.4577683524980798,1
293,0.11960749154103968,0.5433220421305915,3.1088508242416117,1
294,0.9421521325542793,0.0021287393286924736,3.137647786788855,1
295,0.841390186586316,0.3622036037068849,6.215115468022515,1
296,0.156695372989309,0.2969883442028179,1.9692597729967976,1
297,0.33194882558961475,0.500383604607673,3.8491608322557336,1
298,0.33012357322786584,0.4005570527979037,5.120424410069839,1
299,0.9323290499108808,0.469695186811479,1.9018918528109785,1
300,0.039159940391140846,0.5510204429181491,2.8093083807171535,1
301,0.7825207978367912,0.9997439879220249,0.3396084043088181,1
302,0.6461053055779168,0.0,4.878434147061266,1
303,0.28546931257394,0.1854151974163861,4.2049072099303775,1
304,0.8358579329593375,0.00452913136694516,2.7938893995980054,1
305,0.05984357135946454,0.4030689814351607,4.355760507339814,1
306,0.18623003164632898,1.0,1.9924984002077895,1
307,0.6050831713335606,0.6656535859751438,2.4046348489202196,1
308,0.43677398419015107,0.19999439797103133,1.4923576142196149,1
309,0.5341702321806989,0.2634480568196414,0.6627011558689526,1
310,0.5158376453731306,0.3898713964207118,1.4410514562640435,1
311,0.1953411360609149,0.5375149923156191,2.26686655826537,1
312,0.8144106890136941,0.8234594283429503,5.267263054641438,1
313,0.8573425260663742,0.15212928728781697,4.784382249656271,1
314,1.0,0.8641316811709928,5.2357921555141775,1
315,0.21341864838846245,0.9975726090218432,5.8257251722596015,1
316,0.9104358858419914,0.9849616117740593,0.9242557877698904,1
317,0.7827746821807408,0.16503563473721308,6.205246979158739,1
318,0.5707587328194452,0.2727007361763386,0.27069073337266597,1
319,0.7889043274987263,0.9467177716034455,5.271445383291617,1
320,0.727284934110803,0.3459164098111481,0.9562746352865271,1
321,0.07900411752482693,0.4818515790403802,0.02480610169322439,1
322,0.2496814805599645,0.02197305847512552,2.8926774397493076,1
323,0.46586921270548354,0.7492819017891728,5.714324922858403,1
324,0.10231717862039473,0.38804581892992024,1.0602750235289107,1
325,0.8224215042944091,0.9820198938285635,5.956973609291224,1
326,0.9997735116189973,0.4135863319708294,0.23241337546289031,1
327,0.3680502766605347,0.002524462138270077,5.790843977645799,1
328,0.0,0.24410325082482737,3.634086325612877,1
329,0.25278682534999425,0.9335983889363282,5.112203187479715,1
330,0.3447959079887001,0.7309763484238766,0.8532056408599102,1
331,0.7822741461590405,0.3341627739853763,1.4046947114387198,1
332,0.8089831170839784,0.315700056725701,4.671671532549474,1
333,0.3906898499037434,0.9345226287816788,0.7564355700343519,1
334,0.14142808835294565,0.013721386853120266,6.267056185681877,1
335,0.5798318007001891,0.9333193871615836,3.9540244732883503,1
336,0.6740429772069472,0.0599095818636771,3.7215428957881844,1
337,0.13730152758660535,0.31612321958412476,2.0072673291551526,1
338,0.21473705342213587,0.9824443726012844,2.1194144273631808,1
339,0.6890910005768934,0.5298334147873675,1.810646632945203,1
340,0.9034455857857657,0.08824007105323371,6.108749230953705,1
341,0.10205834127794781,0.5267398285052789,2.8087603221934017,1
342,0.20548765965254986,0.7435374823899858,0.8345819267549934,1
343,0.4371916922180816,0.6438364401320557,3.0657095235651304,1
344,0.2521494425946313,0.9624737173507492,0.9258041529882848,1
345,1.0,0.8365005804416163,5.335341641273572,1
346,0.14670060525383635,0.3273470211554929,4.382219110779705,1
347,0.6958526680884551,0.4547031911358537,6.15616437614395,1
348,0.7533701105570496,0.9826377177783,1.8019124800487862,1
349,0.0,0.584404110979363,3.135488708620424,1
350,0.6554091310468227,0.009674457899290018,5.605720845738338,1
351,0.49270069961466056,0.5029221258178225,0.01732493112612657,1
352,0.758031672761279,0.7414065705481926,3.5246460083922435,1
353,0.6298352711256043,0.3365423803667964,6.244313243346585,1
354,0.49511098751953436,0.9812896965404925,2.400680209381971,1
355,0.40906970584086905,0.08201680783996834,0.39071628104526257,1
356,0.32543767826868414,0.47025486809925393,3.8064348898352747,1
357,0.708445969701587,0.8914333056670551,0.09080775635269242,1
358,0.38197445744383296,0.963671770066447,3.1039091306223296,1
359,0.844416235795316,0.0,4.619672265903859,1
360,0.9989227167349782,0.9939645339355448,1.5871475358358813,1
361,0.8718882090691993,0.23268296254859644,0.7274170146245096,1
362,0.7841266079921608,0.9294806002376704,3.1436067016743716,1
363,0.5517327179840924,0.725527691437041,0.09300301565492741,1
364,0.7738938092842169,0.17960250872370948,3.9577281965169813,1
365,0.7599957784744512,0.905680394135644,3.774231397486529,1
366,0.47239091895004226,0.5752230163143566,4.148713169857249,1
367,0.30630405976593283,0.9860573843802182,3.1831125818980124,1
368,0.008530432090216025,0.8997578490061441,1.2621181516503492,1
369,0.0018305830405876008,0.607933853459929,1.4076705188626044,1
370,0.027199962529632166,0.35356272573721803,4.80193651549169,1
371,0.9431008274745043,0.9281500114148744,3.579502409690466,1
372,0.19483131100530654,0.0806156734615946,1.6805101860147946,1
373,0.37996049069166,0.49584045851066605,3.7275022968282086,1
374,0.18071185502280457,0.5605986557933688,5.164718843124611,1
375,0.14800708345870292,0.981519559969173,3.8945010610198785,1
376,0.9946562040409029,0.7330937260067109,5.613334627383401,1
377,0.5036491098912015,0.5256314066636855,3.2380496096231774,1
378,0.12507750373832463,0.21521902980756044,3.235598198394378,1
379,0.9614195121191523,0.763372789909813,2.046073002203961,1
380,1.0,0.9350574687100623,6.191616652515028,1
381,0.8050681665362308,8.171876041320849E-4,0.24295488181119412,1
382,0.8234177286760879,0.2953657046063636,1.7044054959761334,1
383,0.0027424338103543347,0.13521979611594684,4.307645356356088,1
384,0.7728882763165619,0.6758054859161492,5.175584879424447,1
385,0.7636779590007239,0.5039528387451636,6.168025378263668,1
386,0.17932807116102342,0.6769780669344331,5.454973471106335,1
387,0.13541554622585059,0.9004263383174044,1.7721046378243508,1
388,0.842256697254584,0.9903438205957426,0.034352279639380257,1
389,0.2455089611602521,0.0,4.823158404823119,1
390,0.2655774979869386,1.0,2.954473862954179,1
391,0.9851065340980248,0.4035040667377835,1.6798208761788946,1
392,0.9984405250750541,0.4910407932440909,4.543431652731113,1
393,0.12332540834783667,0.058640287738284294,0.7961243590646937,1
394,0.5077929819379754,0.05374728894600393,3.860680643814773,1
395,0.5360181908363288,0.511033559542422,5.0130096683148695,1
396,0.5375063404810876,0.28287291507201673,4.861781801674574,1
397,0.9258580652683188,0.9773529313253241,5.255698866331656,1
398,0.7100800193181868,0.8799577277191667,2.5882737796669852,1
399,0.6392679189790214,0.5862322536429089,3.080244242509074,1
400,0.72737145702624,0.16490829953081138,3.5985916081010396,1
401,0.7838412707630463,0.7623756384908237,3.9648692007211452,1
402,0.3388503767914997,0.6140300701674547,5.433878671777208,1
403,0.09836151516652522,0.9628836336732993,2.1804705536025226,1
404,1.0,0.29526588502909895,0.25650046735694004,1
405,0.370918530300324,0.6107550123109745,3.1674299593091835,1
406,0.7709469811980632,0.9825042677229046,4.096289383983577,1
407,1.0,0.49989777172759003,5.339909438752935,1
408,0.6419158202745044,0.02727184221013201,3.266299321216345,1
409,0.3251084519607472,0.0,5.834709854788063,1
410,0.984500509319964,0.3344449389609601,1.207884759209545,1
411,0.4948135250046332,0.7568668850595924,1.5201921473152755,1
412,0.4141639695834696,0.5926023630422002,1.6472878778708422,1
413,1.0,0.06899042005699509,5.543865377661195,1
414,0.12321413685884826,0.6615729239106176,1.0690156082707922,1
415,0.749399527596341,0.34352659803519,0.35473592544421584,1
416,0.2044653734593818,0.7145895164441672,6.153756569294078,1
417,0.6157484554132617,0.003615258451643003,3.6344742489908732,1
418,0.701031536235927,1.0,2.637539396826606,1
419,0.8567992321955041,0.22781115508104507,0.42512670915200124,1
420,0.1553660542388468,0.1735543141982612,5.162756640791268,1
421,0.1206641330205431,0.16165899043893475,5.0207367663236555,1
422,0.6372371775199787,0.31386664539332876,2.3766117018262087,1
423,0.0,0.8921752193160214,3.8130950208092234,1
424,0.32759637554723436,0.9196336917227222,0.12967319280230824,1
425,0.1189591882729265,0.30395788632067994,0.8860066257042355,1
426,0.5866809217848266,0.5702149843472772,3.6485591172946163,1
427,0.3761193281826991,0.03314676358255743,1.6185279016809964,1
428,0.4448890255826969,0.32618535469391297,6.06590108367981,1
429,0.5798213481347237,0.019549970664313014,0.9625520501658197,1
430,0.08838808704765944,0.5894618049340528,2.7027940435434763,1
431,0.3122402823223116,0.3336187092883219,6.019109546519658,1
432,0.9913527593233228,0.7675863497096894,0.7906858791003191,1
433,0.7653817158608397,0.13013086664571186,0.12927071729460404,1
434,0.6679306244863333,0.9683275662828148,3.8135924353592143,1
435,0.22904805383174592,0.9744976719892389,1.8803754828377075,1
436,0.5976492851089484,0.8249388102005459,0.7612674664003197,1
437,0.18135318814210447,0.5974199051314409,5.367021730637029,1
438,0.822703795209321,0.22515590595582102,1.5987837062220853,1
439,0.0,0.7248123191664637,3.223569942257592,1
440,0.12172907591266949,0.6338796958932303,2.585154381111748,1
441,0.3170186913683425,0.3334230854991992,2.976608141868432,1
442,0.4087607021023311,0.7806998205422142,4.777364022239223,1
443,0.08951509311632068,0.01049460221539044,6.2206324725394815,1
444,0.95769972882528,0.07635627355157314,4.643639419669093,1
445,0.9960131029055797,0.8691763119704017,4.111960826849259,1
446,0.2899006919273181,0.9267953284835243,5.801510726346047,1
447,6.58982413756794E-4,0.1513833769417329,4.294617682345488,1
448,0.8216494776474647,0.9998858439840657,3.2847764214161765,1
449,0.6477831024993679,0.4191231485778029,3.8049882353292825,1
450,0.9736982232354706,0.11136737291283894,3.157043143218523,1
451,0.5262646963449834,0.06688070173383681,4.320015123878997,1
452,0.3106500662329848,0.5428076669905598,4.088193756872097,1
453,0.40253657808588106,0.3560758835737269,2.131338955921766,1
454,0.41991196417115595,0.2695387608871467,5.248557590907076,1
455,0.7843207500163546,0.7636469694503373,1.2798163465575187,1
456,0.9541644102144669,0.20844647995302248,0.14125195130682489,1
457,0.9145617996461033,0.8352470849678604,2.116428942557146,1
458,0.4272800227986962,0.9285153658943973,3.948331242973632,1
459,0.9129647473073886,0.13207177317219318,6.076375414786499,1
460,0.9473367501660657,0.22376249269017698,0.5130514560233814,1
461,0.21275090200643645,0.7498458061543462,5.062670345503631,1
462,0.3087071715398934,0.475113885837732,3.897121705560811,1
463,0.14980764114529732,0.5008662168638777,6.119001441628377,1
464,0.25952796662122757,0.4541597147284997,1.5314846828531283,1
465,0.27735787570789183,0.7600214345939742,0.030440487909874747,1
466,0.3101479602771624,0.8403871959791747,1.3168975903522382,1
467,0.49590192935101235,0.7489539526048913,1.2198745019782868,1
468,0.6332865438019338,0.003622937546484695,5.162768409768432,1
469,0.9052125200348746,0.5927388445488365,1.4292068802817703,1
470,0.9993888504963035,0.06652503424576482,0.15530446312399726,1
471,0.42882993159976474,0.3632381088850614,3.845724640891272,1
472,0.0,0.3241542403757841,4.058162813088041,1
473,0.9669257356315314,0.34729777063179634,3.708205217608176,1
474,0.3916406382826585,0.3363761502915507,3.9677693046480975,1
475,0.44584173197090854,0.3402701798311607,0.7300877733338906,1
476,0.8614900692667097,0.9946816446030552,2.0719779629724737,1
477,0.3026525719417832,0.9726913044423361,2.109773557921578,1
478,0.6686205543794436,0.49959642413951344,4.56904752988065,1
479,0.4805193229428005,0.211585991351725,2.0755274072113306,1
480,0.011236223348016683,0.9996452681652548,1.5122748823433119,1
481,1.0,0.31094443920695003,1.0958039845305918,1
482,0.6569889127129713,0.8790410361573666,5.981982878068607,1
483,0.9966851885321039,0.6726678330227918,0.5458316131654437,1
484,1.0,0.648411737330446,0.015556069134349926,1
485,0.0019178240188163587,0.2001069170716368,1.6941815726397762,1
486,0.04268147920650517,0.18265382432323718,1.6715099240174687,1
487,0.6205739277585371,0.29273126509277975,0.11607626994933035,1
488,0.3492178369210493,0.7051067540460214,2.80265258340042,1
489,0.015323766814500494,0.6996089519544111,5.57552016309112,1
490,0.8811561474394994,0.999889831867769,0.43727689491477045,1
491,0.4281731538385003,0.1607477142676449,5.924117217165881,1
492,0.9009417096643444,0.34526025252744225,2.302513507414809,1
493,0.5796117104660189,0.9992556086107443,0.352653559822904,1
494,0.2625023644478129,0.11441597035440616,1.9106360532410402,1
495,0.6400951746740531,0.34530565456012635,0.37427025622123017,1
496,0.7090695795691787,0.5326380252670295,4.666693201660768,1
497,0.6688304143634263,0.6637901564239701,0.7347634820755036,1
498,1.0,0.01122494101368031,5.7017286795671325,1
499,0.10254519127811598,0.9217350322003613,3.57273891330187,1
500,0.41739817669072726,0.007283729499113007,6.107812640149628,1
501,0.1205409758084484,0.18500941539442617,4.9564269579594304,1
502,0.0535239697703724,0.5205365911686809,2.9789023044993024,1
503,0.49524240996847313,0.34334421115513775,0.31575839969840946,1
504,0.48526564639927733,0.41741758850877514,0.15072921715831994,1
505,0.5954802590534453,0.1845221730833535,3.9181589364230622,1
506,0.7029047731297884,0.5132874530126923,0.3761989157583109,1
507,0.6462459956577751,1.0,1.0130567671038995,1
508,0.3865551509768439,0.08266280399837239,2.212061083571149,1
509,0.15040615157596524,0.8755678963200869,2.5359668890134155,1
510,0.4518678322473277,0.9660346468456441,6.0760896061085425,1
511,0.9050594653019816,0.33062716840566714,0.4131360479760722,1
512,0.3469001148365099,0.8344590617916677,2.426455603231442,1
513,0.8186486357211007,0.6147176041470229,0.298037633682286,1
514,0.24012963906471688,0.5064719575806736,0.8913175324298319,1
515,0.13460034166246915,1.0,1.7467080975717675,1
516,0.7520712866027498,0.10315876734627352,2.6542300867422775,1
517,0.7897507115887146,0.9568141433385237,4.300890701087179,1
518,0.3301619576880577,0.9153765015501204,5.384108380940558,1
519,0.3376419113557343,0.7448286717639143,4.782354260423842,1
520,0.8818380094139624,0.7403303922193643,4.0301614148788385,1
521,0.33511713115787944,0.7336438638406468,5.718118190207771,1
522,1.0,0.6815427887753461,0.3574747725571821,1
523,0.1485247047396324,0.06143061942110929,2.8700322110841388,1
524,0.1921271585079782,0.5109545616018374,4.084541430611809,1
525,0.17748447010496865,0.3652050864888018,5.279338910915316,1
526,0.676651523397326,0.45275775478529484,0.9038290338091772,1
527,0.14260737897830789,0.8409849542455401,3.4384497007035515,1
528,0.9992574946394188,0.05634324651854183,5.774321397353804,1
529,0.836105581142064,0.0,3.733055390767467,1
530,0.7923065437131153,0.22254069582432517,3.5469294452174216,1
531,0.6003681347663892,0.05218863894151827,0.41721757087845446,1
532,0.3441862393768996,0.48151690722423107,0.04043096894591436,1
533,0.37644344166736565,0.07969187841614987,3.304689527206224,1
534,0.2374464719336904,0.6560285016929667,0.9894166571866263,1
535,4.816951686199399E-6,0.6494008224808158,3.9260234117044774,1
536,0.9337833773777845,0.0,4.255398693798396,1
537,0.826230261306821,0.8871340024469964,2.0650706728304784,1
538,0.053284649657069465,0.045633480334725106,0.9412212368711214,1
539,0.25164367536099447,0.04336810459364662,2.945715983773189,1
540,1.0,0.6392016185529318,5.12999594335349,1
541,0.5211572466876154,0.23250221681980104,4.134966864931049,1
542,0.5422214052535943,0.3086433272636221,1.917102197873114,1
543,0.6951584503418204,0.2521315043902539,3.318322254890448,1
544,0.23271633192108643,0.29425752781235925,0.9489487719148748,1
545,0.22839448208435034,0.1039517195758388,2.76732033492139,1
546,0.0,0.0,4.20839018004792,1
547,0.837177088137206,0.7562517223414223,5.424162764440664,1
548,0.8012794491560347,0.9734143830217085,5.479359334161207,1
549,0.4326878213843124,0.3016043740670231,2.4090841519415673,1
550,0.8380049472091714,0.6531031617092208,3.97026091674051,1
551,0.37761087974591334,0.27171022874952283,2.4766339166373768,1
552,0.8437257271160169,0.9974092090320537,0.17159607530416718,1
553,0.5225642065899566,0.3445096052491193,5.646834315146441,1
554,0.9121693758426995,0.9236877659335755,0.07414843020901843,1
555,0.966948740724332,0.9186239463973606,0.7690930456207221,1
556,0.003030542887044195,0.2648894782772876,2.182436911094328,1
557,0.8271748279895335,0.13950822855215178,1.7599848191200596,1
558,0.674595157502695,0.7739927715493825,3.66327657589515,1
559,0.05877796175290726,0.43612956496542027,5.021023974119309,1
560,0.8056572914730596,0.5733811740108817,2.5119442355964408,1
561,0.1294362200509594,0.4216986333307844,4.1816979418515965,1
562,0.6704710767012437,0.3783946607674524,4.150293612697767,1
563,0.7293428425139767,0.5359718072913519,0.9797720626367468,1
564,0.0568282686338142,0.4735251725881594,0.6035523417643671,1
565,0.258878971770677,0.3755693963556786,0.7466863247184106,1
566,0.5969310700224613,0.6055427290710853,4.321190210925784,1
567,0.18084772210356986,0.26281480187888523,2.7719381338661973,1
568,0.41430380023293384,0.9119450398007207,0.8042671390185528,1
569,0.0,0.0,3.7936292219214987,0
570,0.3996041519631014,0.5281000198758145,4.602322523392914,1
571,0.9894486944797113,0.6155481499987868,4.629211837786288,1
572,0.2090676928308801,0.023905901833722293,3.9739147256475738,1
573,0.19561333927816893,0.48505025234405624,4.921245816919671,1
574,0.9608951291294028,1.0,0.2441126833570278,1
575,0.5134408632640283,0.4524608865982395,0.08407173905779025,1
576,0.10303483490715305,1.0,1.9581294601198003,1
577,0.07704981937538477,0.4169023744440037,4.794476260865906,1
578,0.1685612918934275,0.03316538014535431,4.7764684663543875,1
579,0.002262810259438181,0.7048523588053214,0.8407481753117422,1
580,0.941623190436361,0.21195681587028845,4.535432028424985,1
581,0.5932250225813892,0.9367784515052024,1.615430041654847,1
582,0.709363085798223,0.7445990946408385,3.033804874769116,1
583,0.012909011954107983,0.03152326016323995,4.793090672022615,1
584,0.07612947167374132,0.40024987432196596,2.9564789480804947,1
585,0.012151383170734076,0.6696647264609612,1.4776243845969363,1
586,0.9787905501953454,0.12263041347287779,6.028775862301106,1
587,0.9998285993460047,0.6673468740398728,5.863144723526778,1
588,1.0,0.5707004024145986,6.016691906342804,1
589,0.5003450452833467,0.5691163449005666,5.554774391845725,1
590,0.8192470127515613,0.5889421729828717,5.692245364283563,1
591,0.15285119260100732,0.3337811366892744,5.6589433714006665,1
592,0.3872524039756414,0.6053108738398091,4.863619640437359,1
593,0.25419086260479473,0.4806641087121345,1.5780673906402019,1
594,1.0,0.5322550087833319,0.34057599798700344,1
595,0.498836032030733,0.1918292046045671,1.5241837985952866,1
596,0.05918997873779357,0.0,4.737914704072974,1
597,0.47564276954035223,0.11777478274427197,2.2677189504750985,1
598,0.2424101141315773,0.0,4.033740840427634,1
599,2.4038236896296796E-4,0.24401207297291375,2.761912758925284,1
600,0.1887351510413371,0.5352510053685681,5.727920606601778,1
601,0.7732413708428812,0.36292914842878043,3.8567046173592283,1
602,0.9995028245298401,0.37776883587519194,1.1298644235181874,1
603,1.0,0.2143417725700016,6.108462283388511,1
604,0.08458743082247401,0.9996813359769573,2.2871850516126746,1
605,0.7651773336300838,0.20385154431023544,1.1379437188615837,1
606,0.33782783601890815,0.1462417374943252,4.736628323835916,1
607,0.0,0.0014718091255875696,3.6562123104071937,1
608,0.43136382098375203,0.4198138734799615,1.3894000926135797,1
609,0.5915129377951575,0.3690971226896427,1.5688696895037317,1
610,0.01126257965951634,0.2599507978669574,1.5937330780855954,1
611,0.6887064317343818,0.2524867797592457,0.40111278528782873,1
612,0.8566851768369378,0.8591641392027944,1.5418983896072513,1
613,0.8661487712940864,0.7328326597673736,6.218451935554404,1
614,0.9361222850737982,0.9889681665109851,3.0853194733895553,1
615,0.14532176627342372,0.3861666296464373,4.6521867365292024,1
616,0.0021234791204556938,0.3138357861353956,5.288321231967843,1
617,0.044977914723287174,0.11740257509521418,4.629269885661506,1
618,0.14011067608969602,0.46578635939014923,2.993382714170968,1
619,0.0054071233559833485,0.5848595425003955,1.7075361368049184,1
620,0.8555887697602444,0.9889932902472875,5.586245852837752,1
621,0.05847044364692843,1.0,2.205717575817886,1
622,0.736384790833633,0.8430440916010601,0.33710242433556914,1
623,0.5316006689803437,0.5034210984020198,5.308280641527191,1
624,6.124776350665133E-4,0.9988796101124329,2.2922264989734478,1
625,0.9998398388729983,0.9600615144424001,1.4356087181057946,1
626,0.6974720127509515,0.6877659609728256,4.981631094660897,1
627,0.7482739303937583,0.7933321060776514,4.4025461214757815,1
628,0.0013740124153596195,0.7068197204913567,1.449777881575443,1
629,0.6231965061928039,0.5364389553806451,4.6412447375759225,1
630,0.9056849101069702,0.9712411683779573,4.056450474249981,1
631,0.8192979186868338,0.12998185068924395,0.8736000640695571,1
632,1.0,0.9664241089418315,4.901852165807092,1
633,0.9186200926844713,0.8750729125328717,3.6054516989502585,1
634,0.36036588491707344,0.49723379808908474,0.03594591831695482,1
635,0.6928189827114258,0.21319724854233124,1.3695406842977407,1
636,0.44255397591853124,0.48960776102068415,1.3730348486201993,1
637,0.9286933389581563,0.586821506285459,3.9678088580222246,1
638,0.11404696154999999,0.9884787288616531,0.24951370811706902,1
639,0.6796152197690952,0.4636534498328018,0.15333434039510857,1
640,0.43940295592702744,0.00231671885913044,3.636244005877256,1
641,0.6407046441489425,0.24345986506486658,1.4815319839534669,1
642,0.07378758497013875,0.5534050673492533,5.463028980382746,1
643,0.4961370255111798,0.0,5.2004718941901675,1
644,0.05690524016099478,0.7748525566778494,1.7500444380198676,1
645,0.3180869955647664,0.9007493205535188,3.685575414485034,1
646,0.8734900605266488,0.9440796523223197,2.0454175223019417,1
647,0.23360970396922326,0.7592939168953979,2.792297600022929,1
648,0.6794226490379712,0.006386394546768798,0.4236760746898883,1
649,0.44731857467937486,0.2693857526447488,1.4261191432799327,1
650,1.0,0.5573341298107088,0.4231754211645369,1
651,0.9934853427066955,0.9567322000300595,6.149409395843835,1
652,0.416618690614103,0.9853306582192674,2.0119787425343323,1
653,0.1432748336823947,0.7301583924803671,2.4005559323143006,1
654,0.584977026981625,0.9805712517151203,5.924460927823941,1
655,0.5137644972515153,0.05072839862059369,0.578475792676513,1
656,0.760028341789712,0.9042510281276589,3.8113547914458965,1
657,0.4130364448324181,0.9858729936946059,5.676693979084037,1
658,0.625641479933193,0.8554906564037887,2.7693935819963085,1
659,0.9153292393885891,0.6792440938323283,4.190369887036877,1
660,0.47035728453790976,0.9987930535676076,2.811229493433387,1
661,0.756025390245963,1.0,0.47179455527551095,1
662,0.37370337919945235,0.8804173212163181,0.5842194467675954,1
663,0.8712198820935106,0.14205142148417504,3.950961997266412,1
664,0.5205141903672416,0.8971675222963267,3.477498964353148,1
665,0.22972969948952907,0.1115473114479357,0.6616840828620731,1
666,0.7742672627588485,0.7717948767304651,2.096710961019128,1
667,0.49250501142219105,0.35010774192270927,2.00855830990218,1
668,0.8663045191663088,0.11407548014347595,4.341106527027803,1
669,0.0,0.7407601109735726,3.6911202585588603,1
670,0.4732116670127562,0.20620006969261312,0.11765037316583861,1
671,0.33109897109028136,0.6553630929838531,1.630490582050942,1
672,0.4035110620580786,0.6818230076287977,0.7868389693961911,1
673,0.31431033485038146,0.3434651033517264,5.457318077273718,1
674,0.19930604369480678,0.42990394816901034,4.614095237199978,1
675,0.8548799134846717,0.2538594827779713,4.302944130099517,1
676,0.6404342499480506,0.5291237925415518,0.09971772440710118,1
677,0.9355127353848841,0.9766391938351817,0.269148907968782,1
678,0.05203062759244533,0.7713931350955092,3.3565440790638874,1
679,0.0015038783569495116,0.556285357508643,2.1972543959162376,1
680,0.0,0.6774236857031003,2.5305050885569593,1
681,0.8854099393946577,0.1258559103182208,4.999287049096676,1
682,0.0,0.6753931223074463,2.1751746403376044,1
683,0.20976047080483373,0.06784857557752834,1.9259425214472061,1
684,0.20877741028247596,0.007105284068951096,0.19003319851158487,1
685,0.8553259893825933,0.8942675316433524,3.99153710742707,1
686,0.23365273816831758,0.9605178676228918,3.412255091297836,1
687,0.0298750369100645,0.9142656661781884,5.61887456073388,1
688,0.16247355001736566,0.18897987321216564,1.922752088330421,1
689,0.04584342625132126,0.020751035225876697,3.2549242753875345,1
690,0.9931417664168636,0.9276482439928407,5.896195566794604,1
691,0.44410936164303527,0.32999551433761354,5.868821290126045,1
692,0.6852594845472254,0.10483385438226286,4.2665996114819436,1
693,0.9170726408460699,0.0877401997451377,1.5341488334090965,1
694,0.5939398737857692,0.8558646289790237,3.4570438661091374,1
695,0.13960482502433597,0.0118885265052795,4.289085057048319,1
696,0.3961345814556307,0.0,5.189638587023653,1
697,0.06846890910855279,0.9928253760137611,5.745567951649613,1
698,0.1719238577345474,0.15701726671612432,3.010797237622129,1
699,0.29365338383361395,0.9552902509590814,3.8115690644520406,1
700,0.7511147551968644,0.7138209491561022,2.556110546108476,1
701,0.8965349999605201,0.19694527869029557,4.897005918874488,1
702,0.7669534885570417,0.33890971139535503,4.51115466317959,1
703,1.0,0.9118250565884193,5.561565493782573,1
704,0.998860146669915,1.0,0.4932704954450053,1
705,0.9747843525287855,0.4826402622646758,3.900335018570746,1
706,0.7491372858530255,0.33626893090977733,2.8538064488970196,1
707,0.9763033410208064,0.8801105794964529,5.069046787066429,1
708,1.0,0.7516266288330022,6.165109253580803,1
709,0.9023561560985618,0.8437579313961193,3.7241671435592427,1
710,0.9977745752750047,0.6155975453592629,1.1400135457824667,1
711,0.9274478287277924,0.18975467725512488,1.9157592755409802,1
712,0.28956666557169175,0.3443813917947097,0.7415352693206938,1
713,0.1079835892718425,0.22980558883438898,4.552271947326747,1
714,0.1902053617113467,0.5338879117814973,2.1287606394079734,1
715,0.3100765197206638,0.9622389410250523,0.026065014980156842,1
716,0.9554619590323739,0.06710814365185405,5.906177276943252,1
717,0.0,0.6309896961355094,3.5094710061046914,1
718,0.25077132290172555,0.6756304432096109,2.8962748918174603,1
719,0.5288341433970889,0.49168715708185834,4.633362078302541,1
720,0.9253635542707759,0.9986171469872812,2.6526794865419885,1
721,0.5056345249229519,0.9743777573506848,1.1420614329161116,1
722,0.31660555236571813,0.20950892750284394,4.805457774041732,1
723,0.9077278907459558,0.9215364970987376,1.2526667982287394,1
724,0.012311827065690352,0.4550393234031402,4.800425753370095,1
725,0.191392320373288,0.6920906831826253,3.070450117236906,1
726,0.0,0.03337460644673036,4.34068315551852,1
727,0.6221686825546179,0.0011472816797479899,5.940541132809723,1
728,0.5234238926637375,0.07039439869648198,4.44741969500221,1
729,0.13149709237946428,0.9483558521069853,1.2874558698713476,1
730,0.31429810055521595,0.8843450335981842,2.0993006821532414,1
731,0.6920392785905357,0.4098532855811306,1.9185946843122024,1
732,0.7331100615528631,0.7541919527168359,3.2401486453515638,1
733,1.0,0.7763655180869027,6.251791162121412,1
734,0.24366668879070785,0.664315603020135,2.2268499551763474,1
735,0.11743799106161415,0.7546055945296276,3.2453111566719137,1
736,0.9556217535370625,0.32187359654575687,5.609386348301408,1
737,0.6935624437742629,0.12385134691039021,5.893878092406288,1
738,0.616783595340223,0.7008771392196697,3.1602854353497833,1
739,0.463303210344514,0.5977644052656227,6.1306447335186425,1
740,0.16250328632143496,0.7039570850851505,3.5675256348348006,1
741,0.7910556251704408,0.4208648981393436,3.2596741590157943,1
742,0.9453557480820185,0.7590381932201694,2.460529800234214,1
743,0.44258548180462065,0.3819502286140665,4.098313746472784,1
744,0.7220215192676095,0.40945366251644166,5.278450064037582,1
745,0.33007078328935063,0.02317524597573313,2.662403082753136,1
746,0.47496942309369805,0.13809537654751558,5.73372293951563,1
747,0.8226664782600951,0.7905223638030466,0.8558809157234163,1
748,0.889077757562641,0.47009802124592703,3.4444031590928965,1
749,0.038040930254345406,0.30013880609978666,4.226024952937719,1
750,0.940080812733396,0.087760973271443,5.770010744632111,1
751,0.9990602366652589,0.16090410516248305,6.068662625048033,1
752,0.9868030365775695,0.22297504833724727,0.5157006929148092,1
753,0.09601395008502497,0.25643144895059145,4.462084071250707,1
754,0.5980966225206679,0.10589731213819002,2.1431235059369,1
755,0.6711785796869572,0.6985788194234821,3.0441955953232562,1
756,0.7820938941377512,0.8132134954244438,2.4140950162246075,1
757,0.1784289864160478,0.25249257155954685,5.288628056557227,1
758,0.8935603320840706,0.40430153278040415,2.675203281230108,1
759,0.046144390273262614,0.009934606057328866,0.9594479273139412,1
760,0.3361500750189763,0.7078532837290918,0.08055132242490737,1
761,0.988001393253338,0.14837374502894185,4.408981054867611,1
762,0.0014456797244178175,0.5050808477724893,4.917331150911013,1
763,0.5772345782256482,0.9945588496725435,3.7492066956714445,1
764,0.9848679729849935,4.4780898781802736E-4,5.676827666018336,1
765,0.67510217356676,0.3414532263506219,1.7960485013728795,1
766,0.47928010890543277,0.7196083452810339,3.380067378142768,1
767,0.024703964205431694,0.4485747338798893,5.764554299665209,1
768,0.9876553584730352,0.11204799724038231,4.658508176276175,1
769,0.6870168640337729,0.38316142304324785,0.28021618505709545,1
770,0.07572671281065269,0.20080145877220013,5.178729135466833,1
771,0.18390286889210392,0.268597924104188,0.2999528981525181,1
772,0.7801568778145241,0.6096795401787959,0.7182364756089745,1
773,0.055653511103159636,0.5867357013366488,4.8920847070274025,1
774,1.0,0.5443127734899847,0.47833758849679064,1
775,0.18916823125432974,0.10733999892564211,4.6520968429162926,1
776,0.0,0.20288240277881628,2.7105317647388145,1
777,0.9982181408299771,0.1608659934349096,5.78759517115496,1
778,0.28435702262871515,0.10831300527612193,5.599083563200952,1
779,0.4369947201199765,0.9770602930705767,5.392146940676224,1
780,0.0,0.438698569025161,2.780255681691976,1
781,2.6542224643243546E-4,0.13634015005885794,4.850410765454863,1
782,0.0,0.3814106093041648,2.5594983160373945,1
783,0.3813229872033405,0.4412796496390782,0.07412734461822801,1
784,0.6470564216478747,0.17358270482297403,2.513115024974182,1
785,0.43325584114903304,0.533033092442761,4.524689907016767,1
786,0.3387118054091749,0.7474912458997879,5.666998063130447,1
787,0.3151404952487042,0.35792195906424434,1.9689920060351076,1
788,0.5420675477993276,0.7541528760905541,0.5178195292507054,1
789,0.8163596520942465,0.9083019983886631,2.0338718421853237,1
790,0.6257519651434429,0.47013605369652056,4.377108936541749,1
791,0.23028440975836945,0.8759353015131629,2.59675872420001,1
792,0.02025747293761266,0.006395296344600148,0.7356444387949129,1
793,0.4018375151084709,0.9112082989359047,5.434688583740135,1
794,0.8480177180752614,0.10064301005811821,1.3886804709439713,1
795,0.46998353292564876,0.500853412643575,2.130314327186125,1
796,0.3120405476383649,1.0,1.7002187767777308,1
797,0.9489980053068591,0.18856999551675938,0.7135927996248198,1
798,1.0,0.5181105579564057,0.1813298544416606,1
799,0.7960415311397998,0.31114719024010223,2.409851349236402,1
800,0.3072816135671259,0.9790645519827866,3.6715268506257805,1
801,0.7613173512237653,0.9255665539838422,4.2983394633424545,1
802,0.2308500150317937,0.4289074799667823,2.3701504091895833,1
803,0.256215999966955,0.593424884995592,1.1252540506117796,1
804,0.9985258140766264,0.28889013235749883,4.1615227739378176,1
805,0.4654411356856998,0.9786227928333338,6.251514729087299,1
806,0.5194843684681044,0.6720357408678235,0.8099215788666856,1
807,0.8004642329784053,0.6077456226883592,4.29100669700827,1
808,0.40619551936902343,0.6549268215198316,0.13256173635279925,1
809,0.09181383635057655,0.22447863615881208,4.3482670907074805,1
810,1.0,0.9352776394895168,1.2040363220718693,1
811,0.9494487655298589,0.5284915173280623,3.833909695146772,1
812,0.7403890881237353,0.9954149595173511,1.6874479840671064,1
813,0.0,0.1336261087715003,2.5257632857530186,1
814,0.3720111003183873,0.5258003065738178,0.7604114163788653,1
815,0.3570869652181943,0.45415053761345614,5.663705918474606,1
816,0.7398385386367963,0.8746012922672551,2.447442125473188,1
817,0.31420272468667787,0.07864636432201552,1.2498847830367636,1
818,0.13584997772639945,0.46927009082682125,5.407284075259767,1
819,0.6366677801563447,0.11348440806648258,1.421402514098297,1
820,0.0021096833051183306,0.20163185237709644,4.850738657576678,1
821,0.14982841213122577,0.19245363735973361,0.3215564527977902,1
822,0.11341384279821731,0.9952459557127418,3.6166296284973236,1
823,0.35319860277170406,0.9984446681822232,0.7127676982000295,1
824,0.6763839453857832,0.9201533387528333,5.866867549065264,1
825,0.5580791637225875,0.7142705076646838,1.777898309946739,1
826,0.7426871947660578,0.17946401914167137,4.805844054543376,1
827,0.8878559481990852,0.7877061455393465,0.2968578139153167,1
828,0.4587212711313373,1.0,0.5824028863458058,1
829,0.0285944476127451,0.7522572964905655,0.19492904047404266,1
830,0.6519003609407651,0.2828987870187368,1.1391397607799514,1
831,0.7995050169177953,0.06206985857072418,4.121620076600156,1
832,0.9502249250245027,0.9952965999506996,0.11973423842567499,1
833,0.5098677423282442,0.46762219175480396,3.365561687703924,1
834,0.8161153982690488,0.17333547258154133,0.29263355461781165,1
835,0.8338281428687151,0.7603183751747786,0.2215048309668592,1
836,0.6646201541527581,0.6900602536056089,2.0291316946063724,1
837,0.4731791237092996,0.014433778270004105,3.9431636562285384,1
838,0.8150019390987258,0.31919376655817394,2.8624562707657786,1
839,0.39755911129508203,0.8498089561359412,4.35036036925938,1
840,0.06635514561474333,0.6014482936670789,3.0101299450283543,1
841,0.783689121973142,0.5582827300380246,2.463419425196813,1
842,0.8540412371553813,0.5712275828910068,4.124551669623135,1
843,0.8873405057461421,0.5181362341863971,1.0654145927929195,1
844,0.11801873838852381,1.0,0.8184316845149335,1
845,0.5224041998251339,0.938419849429129,2.8293302029532277,1
846,0.9980033521039748,0.3653969879363952,5.540063623570671,1
847,0.7357532818821954,6.441307888905468E-4,3.7480375503347005,1
848,0.9484971537613651,0.8605212364442438,2.8868017995095587,1
849,0.9999986894490872,0.5076620690428032,1.0136716107175179,1
850,0.9882369140319923,0.6386304531319105,0.4903060831329537,1
851,0.6729720047852792,1.0,0.7086549100188816,1
852,0.0888039541229712,0.71314491518087,3.7808576748929736,1
853,0.4103119917657519,0.8837571241565307,3.1070168197738965,1
854,0.13733102825497664,0.08408654928464444,0.954408778962858,1
855,0.4739684717542083,0.8897748903712311,0.9413521058362002,1
856,0.6184263451131393,0.8604714558286531,1.3140342313575843,1
857,0.3891426423793106,0.5930764181773465,5.484049420109494,1
858,0.0,0.7303239276544238,3.4135828895716145,1
859,0.5364609272072463,0.3204213567759568,3.9569416711015304,1
860,0.5771995382217218,0.0,5.217003260430088,1
861,0.17001652864652175,0.797516584517481,0.7599237499189107,1
862,0.8500681669913116,0.2558180147378063,3.745179419038858,1
863,1.0,0.9983001279856739,0.5674835825390542,1
864,0.309716157391123,0.2515121797565598,4.9649566522006925,1
865,0.6745048323669754,0.9292199433049726,5.119198363879228,1
866,0.47020368765089565,0.880937152856047,6.0121119356387425,1
867,0.42982686774867546,0.2763656959169168,5.203004123776449,1
868,0.48138704058969106,0.0,4.583836743269816,1
869,0.8493887328001721,0.7088248701590204,1.0640513012116066,1
870,0.33901714790075305,0.9738878178302384,6.078054666060999,1
871,0.05690495993371572,0.20284624198561285,3.978595296025648,1
872,0.6162248372202878,0.6549807158859505,0.9977269405872637,1
873,4.5763404240065124E-4,0.07958986153999624,4.121520698660567,1
874,0.1786380654328518,0.3190521079719101,5.890037246812804,1
875,0.3011712133902629,0.0,4.510208319082174,1
876,0.9216795750562662,0.0,4.954588603516174,1
877,0.6449247238995651,0.9899255963394927,4.26361801782719,1
878,0.7647178563104444,0.10639996233899997,0.56234576625615,1
879,0.8072438929901553,0.005677467624458031,1.2983792687551494,1
880,0.8221875456974306,0.22530373736021553,3.9176202412439576,1
881,0.7638895351657969,0.5850064258798868,1.6958730165551286,1
882,0.026599040529362097,0.712236498969707,5.1703255320509465,1
883,7.46720921272049E-4,0.5706374443276816,3.3069403602569443,1
884,0.04493709219901218,0.0,4.9425226849470105,1
885,0.3317863485668945,0.9865889439697325,5.217562467351077,1
886,0.4065983456297529,0.6852640471128715,2.8960512646458776,1
887,0.8232395389949254,0.2642642739593266,1.9211427599072308,1
888,0.29200285933143283,0.980079435806876,2.6235246447211575,1
889,1.0,0.0,5.584628176212156,1
890,0.34399003567295233,0.4556867423484813,4.628702893692643,1
891,0.7715814275350176,0.0023130527202178232,3.6288598683196294,1
892,0.5759336939432378,1.0,2.0940820500175144,1
893,0.003870786733109753,0.7861371887787368,1.1035135841657464,1
894,0.9081524388282904,0.26698235979281715,3.32149698554873,1
895,0.19834128998178152,0.9339949841960945,3.8587307895240133,1
896,0.6438602274381706,0.4423311311941303,4.756488952626157,1
897,0.24484935870757144,0.06790536135325685,3.311632465367064,1
898,0.7844168018702495,0.3684742449571003,5.515714279468256,1
899,0.21153167009816753,0.9990862549894829,2.032890146588021,1
900,0.5437240265208605,0.9096869295715555,1.7484581862734847,1
901,0.76115989186336,1.0,0.9023708558758107,1
902,0.9044195047956899,0.8017510414578066,0.9766810917776553,1
903,0.6375405402032215,0.2139550011458227,3.6959351465169252,1
904,0.3002160401929557,1.0,1.0518225299299118,1
905,0.9636660836267673,0.24851764317738864,4.897516079905508,1
906,0.9400485873980151,0.916897062950292,3.9899572680733537,1
907,0.3613977879081697,0.7984300591496185,5.188336834438222,1
908,0.5866884679048459,0.1270778370966655,3.7776760116593717,1
909,0.5520203268434992,0.7726273094292462,2.848221773795564,1
910,5.715258392600574E-4,0.00225721841014669,2.4077478929187777,1
911,0.7089623991245368,0.24976657074982056,2.087154835819951,1
912,0.5785453574781113,0.850636306409667,3.1536331050813313,1
913,0.6530471236660499,1.0,1.3309348967671333,1
914,0.0,0.0,4.186558881738346,0
915,0.42081314853671536,0.9997889234207996,2.698527592112211,1
916,1.0,0.9719764856913227,0.82146747634908,1
917,0.7785890265556755,0.9516652561088824,2.8939662537949977,1
918,0.6982345965426437,0.016846241619658444,2.836994779807646,1
919,0.019697050972396192,0.3473016780598686,1.9459949351763655,1
920,0.4321448846722116,1.0,0.3067499414305832,1
921,0.1732199441953271,0.5378058496506478,2.4150515992461306,1
922,0.08863300373323041,0.13528636343250294,3.724226912733377,1
923,0.08069442440719765,0.15527138759573011,6.076901330340389,1
924,0.38007925663665315,0.3509679216088623,1.499082221507499,1
925,0.924183062977529,0.42117952285709126,4.02811041706082,1
926,1.0,0.006962485258413253,5.592887776668833,1
927,0.5261005339954842,0.17319030479451922,0.6067357057872844,1
928,0.7816634878401958,0.1091905363174855,0.3562454419771186,1
929,0.0,0.5166061725144067,2.0016796404864907,1
930,0.6187998573172561,0.48482810533676457,2.0030555774498495,1
931,0.06526847826878238,0.2643001661638855,3.630848783096171,1
932,0.9366186687624445,1.0,1.396484432494151,1
933,0.4484873996190326,0.024244757108250324,3.9308769587815098,1
934,0.28832629088586903,0.8669174204980653,0.0983394735229044,1
935,0.6973038296994669,0.0,4.4160858455530825,1
936,0.8152162579135299,0.0,5.053021903576862,1
937,0.6003197957544333,0.8575484748800062,1.0949908921122953,1
938,0.6028051665681374,0.427500971393185,2.7094911829682182,1
939,0.5395417351197525,0.024721081536553204,5.692656023921282,1
940,0.21720938513971016,0.6939539280396417,6.184566913239912,1
941,0.48153281004437354,0.27191453817911704,3.5843579863054056,1
942,0.099574343452246,0.23102569674121262,3.3777760668902945,1
943,0.9687443383149233,0.49912298147763473,3.340501463058358,1
944,0.0,0.42924694895016235,4.0135152861982535,1
945,0.8181624410232252,0.12036183598708812,2.7357092689542726,1
946,0.4444727749279196,0.12339570997111349,1.0790411250464707,1
947,0.8691713142068207,0.4555466833680064,3.5823714018054105,1
948,0.41636181004825784,1.0,1.0644506408145205,1
949,0.8871387454699657,0.14575288274412926,4.831733220684465,1
950,0.04267849623030336,0.6401766171172488,2.9893792187755333,1
951,0.5353586791765855,0.0016711342675666955,6.118737960220868,1
952,0.2089771408058871,0.28355939709138395,2.0390788407184837,1
953,0.6693030007807436,0.476177282965553,5.56284165326398,1
954,0.9195046644617443,0.9478475308248078,5.466344964465662,1
955,0.31429854573477056,0.5394603695678484,3.0303704644988914,1
956,0.9865966669447188,0.179635997936028,5.202834136328347,1
957,0.7233071152829273,0.978329049349085,2.092215095474546,1
958,0.5011010539205079,0.3669825925893271,3.5245417158193892,1
959,0.6388043086052767,0.8541327058551731,2.4683452584515595,1
960,0.5414487094576784,0.13189711314201386,2.8767564175350318,1
961,0.42900911542514325,0.9126036854244598,5.543640655187067,1
962,0.13095130685461603,0.05976135901286343,2.8990570073343123,1
963,0.5516491700653501,0.5917140648854429,1.990221226964185,1
964,0.3284827957017687,0.2853579717080307,5.004831221584131,1
965,1.0,0.6057819743124813,6.27586883953729,1
966,0.6162496775744868,0.9017785637999316,1.1708008334045037,1
967,0.470865339135489,0.5815835845868474,4.4612022434609795,1
968,0.9536972114785556,0.26747346267235217,2.0126876936570133,1
969,0.9458515774958857,0.0,4.102562948914514,1
970,0.9451185620126898,0.8981552380220724,5.915435593259863,1
971,0.475063155628942,6.975787840887293E-4,3.084875752884584,1
972,0.20256770533381996,0.6922633498577057,1.7954052124595363,1
973,0.71539796159951,0.7124937331761998,2.6823785915209974,1
974,0.0,1.0,2.7964644662480933,0
975,0.7269793270515403,0.5300031204690903,3.8950219782132938,1
976,0.9180921309510843,0.9478545040196977,4.863607709334168,1
977,1.0,0.46756798124891025,4.988273842519268,1
978,0.81345750282336,0.396371119875087,0.779037599118138,1
979,0.0,0.9003710610852668,4.048448953436961,1
980,0.3148349686929991,0.14736777733604392,1.4696498265782383,1
981,0.6969735709990534,0.4622602429123418,6.153212754347562,1
982,0.48924056704758684,0.88462640273367,1.607210145160126,1
983,0.1975415910944376,0.9568555183619196,1.1330865098616922,1
984,0.36094636773953975,0.6913904890545931,2.6637831516937207,1
985,0.7462453865399907,0.06295124939509558,2.7314205284483437,1
986,0.6759869308356493,0.9352357427658173,5.786606714975796,1
987,0.31843804387780306,0.09387840788816981,0.08424293682094089,1
988,1.0,0.18887106475304577,0.4247354112417846,1
989,0.6870061989982711,0.09619975611453738,0.515587227909911,1
990,0.14602481464997555,0.0,4.532455979916097,1
991,0.010804447110224321,0.16045080738616735,2.3403614464468285,1
992,0.9513697378410225,0.44505631451305117,3.0620373115773716,1
993,0.4568472433928855,0.31943287887260635,5.682535175654445,1
994,0.3551971781416251,0.03709209123557012,2.5256714989796993,1
995,0.9166328944297829,0.33949730552694257,1.4006273265393459,1
996,0.8471027486745568,0.9984674689014215,2.776306971465802,1
997,0.4293132636323882,0.20070942646693196,3.3514156643513933,1
998,0.16379607556427422,0.7454318490780633,0.1906211540511191,1
999,0.13239954252305577,0.9956836950996214,2.4833532777943805,1
1000,0.1314649889184238,0.1439558346276526,6.012361418724721,1
1001,0.6156237943041808,0.4182910433813006,2.3330251327977978,1
1002,0.3259651850063893,0.19637712492776732,0.03201679193102969,1
1003,0.541048138006154,0.7064923709131173,1.7992164269054323,1
1004,0.2522734612254635,0.9799441445758098,3.9850091749138477,1
1005,0.6124230276515941,0.9480164380703926,3.844349709765992,1
1006,0.0,0.9991808476150028,2.369210744339185,1
1007,0.31880247739066664,0.8597386061210363,4.81477822574896,1
1008,0.15974899486397573,0.7408181106583993,5.54277456850342,1
1009,0.41262944877047364,0.6208881767000118,3.72122372535355,1
1010,1.0,0.974810155447114,5.983935218669233,1
1011,0.09881335417787387,0.12776314603338476,6.23284038243412,1
1012,0.4534256640112255,0.24905151584842494,3.6028058459067647,1
1013,0.9178682332789524,0.89220454628028,0.045631384890468876,1
1014,0.9990671044721883,0.25314445538436237,4.5787994842748,1
1015,0.09086276885806915,0.4241133275776766,0.5166319006677212,1
1016,0.34717720523274526,0.892618728753428,2.4009292664770037,1
1017,0.22479715964294408,0.9993384197724567,1.4133431330803454,1
1018,1.0,0.503178754002007,6.246110311553784,1
1019,0.1814829799690009,0.6945251520585916,0.6741797746234728,1
1020,0.7738243365460284,0.019167822498560805,3.2551510560392836,1
1021,0.8605912897777559,0.1262499974874594,3.465369131418889,1
1022,1.0,1.0,0.8550637229224761,1
1023,0.41639835627737937,0.2835466494381525,2.3179429920968246,1
1024,0.9982335399897113,1.0,1.9232002509869406,1
1025,0.9946275245403917,0.21807643339823998,3.915448404925003,1
1026,0.43409713000984335,0.9423629210041893,2.46077351331225,1
1027,0.7717197270737635,0.19311509504642982,2.327866410192543,1
1028,0.444440098812875,0.4045025073071721,1.5134958696935255,1
1029,1.0,0.0,5.8936871786676015,1
1030,0.466743728338018,0.37521823465673926,2.885543103469092,1
1031,0.25272053268623634,0.3569141276585964,3.4140457382168448,1
1032,0.1301733845683328,0.508960926453597,3.4518119637924185,1
1033,0.9743742109194695,0.18933636505504783,0.922041948507377,1
1034,0.7596441547243888,0.13775992313867724,1.4970872080747664,1
1035,0.33441011186786546,0.2830825397591555,4.2889846836268095,1
1036,0.3877917512189666,0.4043227895213092,0.06534403567509355,1
1037,1.0,0.22588686977811778,5.794299431210965,1
1038,0.9519677913310135,0.9788166010787459,4.593195700692521,1
1039,0.8610703777384926,0.625339216462381,5.768053847622441,1
1040,0.2535799524213801,0.9283247683855995,5.6491953848778165,1
1041,0.5245325561810658,0.0023619945640353302,5.7611557444971195,1
1042,0.20252171703032562,0.9053839842047157,2.658346286231019,1
1043,0.6447721810486776,0.9152155637226561,0.4926507370461739,1
1044,0.8860357245292027,0.6973662065892638,3.041743922513929,1
1045,0.40627702728399717,0.2800420609915294,1.820242632874286,1
1046,0.44184350312902054,0.40800256422436854,5.474611741564632,1
1047,1.0,0.17533085040264157,0.6844278095678663,1
1048,0.7884957159763981,0.23717927203821018,0.046500828766032065,1
1049,0.3162351281332888,0.3803974750245529,1.9985543258827798,1
1050,0.417394049277035,0.9991988189221442,3.260833682974739,1
1051,0.10501895580237863,0.8226609844881341,0.33145479204899586,1
1052,0.747381817420437,0.22863944672678066,0.14804814135126065,1
1053,1.0,0.41826315114794127,5.461858610106286,1
1054,0.05149608211121539,0.9532587530771434,0.9719178394534363,1
1055,1.0,0.49699550968310946,5.910093377977094,1
1056,0.5069021907970576,0.31659726866715,4.124950680819104,1
1057,0.3400089346841035,0.26347605031015736,2.998223565496362,1
1058,0.9450232684871912,0.2778593805713294,2.8652904571676947,1
1059,0.48289247813490177,0.04782488897330459,5.993914096821739,1
1060,0.5010992088321254,0.44445008666965824,0.8588891048018557,1
1061,0.2149937994511061,8.253297796134715E-4,5.512650430303268,1
1062,0.6448930450948919,0.03995179970092302,5.128235942593788,1
1063,0.7058341882523564,0.8857357086470479,0.790830210741865,1
1064,0.5384935334494815,0.5462556230449729,6.229131193171653,1
1065,0.17733368199759353,0.1493620681783973,3.340907405378752,1
1066,0.3067277630174442,0.21135199279189196,4.038205446650813,1
1067,0.3285162448907964,0.9994701650492435,2.192481837598663,1
1068,1.0,0.07717107098952403,0.8973737165442282,1
1069,0.7826273899426466,0.2531375029927849,1.4303100101465651,1
1070,1.0,0.8865287111416664,5.8147079747976305,1
1071,0.4715784616188626,0.27265538029712266,0.05675781792726209,1
1072,0.7762137210783608,0.7861685161295711,1.1083108030447295,1
1073,0.47532675478485364,0.9929171076793839,0.06504076451066047,1
1074,0.8519591614618609,0.8292635811967417,3.869496752099459,1
1075,0.31325037406288153,0.9439272995220437,2.34896494703657,1
1076,0.21160459660986558,0.38031457631328863,3.8736687194145722,1
1077,0.6161897787451104,0.04480906400229081,3.021486177247665,1
1078,0.16972158090210868,7.116918066750109E-4,5.319912543430002,1
1079,0.6591015022638338,0.13509221479848432,0.220510089943484,1
1080,1.0814850878586795E-5,1.0,1.7609107817782768,1
1081,0.8147677815089066,0.9466067586594016,0.10324780518247394,1
1082,1.0,0.9963028583040567,6.175757593415928,1
1083,0.8409008520709684,0.4120260031431039,2.511832482979358,1
1084,0.4783803924817939,0.5476533673151845,4.3750148872892085,1
1085,0.4743077303526708,0.27002978291690993,0.5160083704643857,1
1086,1.0,0.07858678242094519,6.092717938446729,1
1087,0.21531723909998934,0.7869355060771189,0.4094639277638536,1
1088,0.980186756666221,0.6695938939885742,1.7475181042869927,1
1089,0.1262070125984732,0.0,5.450823443565106,1
1090,0.4986370959646337,0.26409353614673814,4.840089824408265,1
1091,0.19299153311159886,0.9868762659366913,5.744870909822647,1
1092,0.4305426575241854,0.20148352681703452,5.71618279947569,1
1093,1.0,0.0,5.762081120532024,1
1094,0.35562342066807523,0.6255406477615414,5.032867261311049,1
1095,0.9790143594901569,0.7523241807253792,0.6568844525519443,1
1096,0.7425969083276255,0.381117684517886,0.5684731772464229,1
1097,0.8634196489693291,0.04810093942970854,3.628167950493688,1
1098,0.0,0.3856641998450242,3.583103381822918,1
1099,1.0,1.0,0.8498051020735994,1
1100,0.3749487370379193,0.22286092285883669,2.0714710064589346,1
1101,0.8785398336618355,0.5118775339130087,5.120413148654238,1
1102,0.8701535535209313,0.5134790227803858,6.121712977169982,1
1103,0.0,0.0,4.080860014590629,1
1104,0.8276800939987744,0.32242486979203167,0.5542889034734046,1
1105,0.9042649147699325,0.6808592587815213,1.3681858794878046,1
1106,0.769944098197618,0.10987908650374191,5.139953876510073,1
1107,0.08228895164337408,0.21330180836940882,6.234791184236767,1
1108,0.8245763354212868,0.053719739917154646,5.1243852783532295,1
1109,0.38011120111292634,0.04054010351975438,1.339639095707741,1
1110,0.5038782084928747,0.7639827125633258,4.646977479592118,1
1111,0.7770639255989449,0.7611092266755023,4.277682057170195,1
1112,0.659922942331673,0.20530228530614902,2.080217348593914,1
1113,0.9425769619908654,0.0,3.660605848251552,1
1114,0.8614791355666063,0.44641579372154927,5.864110950864504,1
1115,0.7236943311616201,0.7794677778651535,5.539249814367915,1
1116,0.5548225641542781,0.8098720173626348,0.4257943529493124,1
1117,0.17882757878361752,0.32106974539241323,1.881901486714236,1
1118,0.8452951537494516,0.17202988183345458,3.364554204933816,1
1119,0.8259977770913636,0.7339526927069496,4.020233383449222,1
1120,0.9930308772818844,0.8878890003885248,4.589924656785143,1
1121,0.5027438677663342,0.9951183065399057,5.880926796684615,1
1122,0.6471143290583169,0.5317708094453079,2.5632843198991733,1
1123,0.8948985132373213,0.7485100253252093,3.0138183818057187,1
1124,0.7009996015178002,0.14851178861652406,6.04164760921669,1
1125,0.6393955819497188,0.21192535713801255,6.1819043613968,1
1126,0.59719204108344,0.13884933301091792,4.99698050351726,1
1127,0.26442456738975784,0.8919575114158363,1.1556213308811643,1
1128,0.829498499944559,0.9713668535890174,2.0935350715164387,1
1129,0.8574793495302877,0.6300296212036921,4.2830748620154395,1
1130,0.05450993950255008,0.624973450339629,3.7225931576199547,1
1131,0.4562039446687101,0.7463701943165653,0.6262351216582339,1
1132,1.0,0.010844170483631456,0.9550447045471377,1
1133,0.4951710626171509,0.40988492244420066,3.1793882508080276,1
1134,0.755393036833846,0.0,5.054578482020466,1
1135,0.21086267144333698,0.9408666600276003,2.694139597009307,1
1136,0.0,0.003043950527119918,3.2094313666915952,1
1137,0.34168092261066707,0.597129422514826,3.3502037402213465,1
1138,0.700258906729272,0.2110908647364883,1.210326067789738,1
1139,0.26791339733700686,0.9271808118291802,5.919770526783992,1
1140,0.2069544386049649,0.19731958665515556,3.4885054259273844,1
1141,0.9996140583057845,0.7803696728766134,5.9093647386793275,1
1142,0.09288813312208752,0.9145516846204426,3.4266967335315837,1
1143,0.980988354200265,0.23818816782636026,3.4540174409532303,1
1144,0.7007214450852406,0.3509597090420469,2.1337318371543974,1
1145,0.9980687484777442,0.7912318576148606,1.1783285199335674,1
1146,0.8096823707613303,0.1451896166638767,5.64724049304664,1
1147,0.7649472515258878,0.7805007513380051,5.125119526186764,1
1148,0.432233723227216,7.174266938320357E-4,5.083134384994096,1
1149,0.0032397500405167826,0.25281749816059174,4.873508487135869,1
1150,0.031533566801749756,0.8280701199437268,0.5985734201237349,1
1151,0.5251232313760128,0.8974373321908478,1.4548287698484066,1
1152,0.9368262714451909,0.8226157164813249,0.628005062272943,1
1153,0.27171083533168283,0.30879905928125545,4.572148475523191,1
1154,1.0,0.00213099635808369,0.2553754868036919,1
1155,0.660326615139929,0.5566805030293726,2.1225919126743147,1
1156,0.4381861974808863,0.01834503484372776,2.4236007838549862,1
1157,0.7517779313160993,0.362649031245874,3.300829492240135,1
1158,0.6926229031047252,0.26876155514967703,5.927200342305023,1
1159,0.995424733677178,0.8049941295126519,4.252537969688558,1
1160,1.0,0.3012590001664611,6.016108789282503,1
1161,0.8466366718481247,0.6672074346685207,3.9144459196319574,1
1162,0.3209035788966488,0.4536990801522337,1.0543822199446589,1
1163,0.9995528435878983,0.4712107348538814,0.27828599961800426,1
1164,0.6839698046335599,0.6492359909504654,4.15919657140725,1
1165,0.9614561759950306,0.6924556347078716,1.5909212911918182,1
1166,0.8755965073763315,0.628318115375418,6.0638286897250655,1
1167,0.4295278964162106,0.08931955273688556,2.336052908833532,1
1168,0.4881686082203017,0.9770203369202063,5.892387663172451,1
1169,0.3291753014957354,0.5693137555124043,4.550792085312883,1
1170,0.8146748523516484,0.7502694171023414,1.6447629546005484,1
1171,0.8315481349790358,0.9487360885593925,0.23033207716678852,1
1172,0.8912116449148192,0.013232875309447412,5.696630391136206,1
1173,0.3154601388928297,0.8512558831458615,0.5981123864533674,1
1174,0.7957995412281459,0.20833448042058725,2.4300290907351445,1
1175,0.0,0.9335372637853804,4.276695172261139,1
1176,0.34210342085185924,0.6440131347997261,5.247767614436253,1
1177,2.9773627841683798E-5,0.0,4.7496146121464635,1
1178,0.01810651493570189,0.4614650136388712,5.473742362848344,1
1179,0.9767047626058608,0.12091447809656092,3.282472941735377,1
1180,0.22450269075151766,0.6015381346030976,3.018866811883158,1
1181,0.5616318273895388,1.0,1.8424439530587788,1
1182,0.5214811480392999,0.5966690256808241,1.9210867607036164,1
1183,0.4191725781642797,0.0,4.656333681693425,1
1184,0.5004302521308399,2.681147936933183E-4,6.24147573848665,1
1185,0.49779305624062997,0.12610281125311507,0.8982966383609273,1
1186,0.8813986216320867,0.45950225679034995,0.6892830899012317,1
1187,0.4826025471718713,0.6058454971301451,1.414806144082658,1
1188,1.0,0.6279368859791244,0.8809368696162396,1
1189,0.9024052753734392,0.39429589797546905,5.205777314547766,1
1190,1.0,0.07031207264589431,6.251409125621161,1
1191,0.5210263140483535,0.7590305592683867,1.5236196415174958,1
1192,0.5470571230684294,0.4358095171777803,3.851966187657826,1
1193,0.4601353543374199,0.0,3.7675919847417383,1
1194,0.8740238611583676,0.9323235212878191,4.082947378437465,1
1195,0.10098137160246595,0.5686678351303813,1.2157055731091615,1
1196,0.6963624689699177,0.3881924456256934,0.5426959703473434,1
1197,0.7742261425132227,0.49605418729806683,5.6152236959815625,1
1198,0.6624864711964822,0.05425750238324182,2.487981590016511,1
1199,0.14260659652622312,0.7585743162621817,3.143660910772943,1
1200,0.6905541348760984,0.7101866179340641,2.9416041273972904,1
1201,1.0,0.5852746301152154,0.36961580327172905,1
1202,0.07344554057385477,0.7917658670382546,3.8680533111831283,1
1203,0.653998553332433,0.7434907494320748,1.4786860169159388,1
1204,0.2712884919537568,0.986020857581293,0.9162959309718475,1
1205,0.9850860875902998,0.10909565846112868,2.499995794404309,1
1206,0.4007992858559264,0.9877588586652721,3.8226817957179646,1
1207,0.7823505815352934,1.0,2.4499063287565734,1
1208,0.5281600186016548,0.10576945449843343,2.0916088932404184,1
1209,0.2887368268011121,0.10734279409922834,6.016411466357356,1
1210,0.7314534509481373,0.003289818544368225,3.426760141127823,1
1211,0.9986925529604209,0.7873279666613067,1.0746474897759593,1
1212,0.6489224395839268,0.9993954131075462,2.0346604609167604,1
1213,0.25861216889494404,0.5351925813418755,2.007376656988479,1
1214,0.924148157979846,0.7575820351644482,5.131126481684352,1
1215,0.5030586389862343,0.7772545054954506,2.9425583748567803,1
1216,0.13294982629666105,0.6176658480051793,3.221825288152479,1
1217,0.3617714699964102,0.10698711924604688,2.5222287578684317,1
1218,0.2755349667118447,0.4875845520238052,0.7208602242588443,1
1219,0.6530536519520488,0.09680891381402629,4.511080429305037,1
1220,1.0,0.14864746942748305,6.113292367942916,1
1221,0.2329306708694194,0.6965588532543785,2.883108707147061,1
1222,0.3002385755321744,0.8438381333671885,4.164363885017502,1
1223,0.8202311031954599,0.24757503558369037,3.8684602717905916,1
1224,0.19323258653094258,0.0030788726859910217,3.3633098669460173,1
1225,0.11644548882109453,0.6284302822751555,3.5170557075878808,1
1226,0.6670349471442196,2.3840528479823796E-4,2.8389889596314597,1
1227,0.7269658061451946,0.6430535475116145,1.6724012439518792,1
1228,0.11593421317905156,0.8430218260985187,2.3585377633535374,1
1229,0.08918483304667099,1.0,0.692210590984877,1
1230,1.0,0.7362330136716276,5.859362168312074,1
1231,0.3026812410792144,0.7336862780974214,1.71362412112427,1
1232,0.008411460805069172,0.477283740252473,1.586945547548983,1
1233,0.7378343033862843,0.7812823044318632,0.32771427947631415,1
1234,0.43163307587039823,0.8399677901999271,0.21162337343957272,1
1235,0.6426594207046795,0.2226704557900428,0.12645540537213362,1
1236,0.8547867611682354,0.7950189414225549,4.12715538733357,1
1237,0.8961110799685336,0.5637298571483156,3.4720536433641493,1
1238,0.804873600233157,0.3707386336219886,1.134442095839912,1
1239,0.0,0.5208998655782232,3.9590884984631725,1
1240,0.8091691483357774,0.27812318200702263,5.871489111685538,1
1241,0.11794746026922551,0.2756201580390143,3.0378007723357614,1
1242,0.12296634195261148,0.15963082791051153,5.287452227460103,1
1243,0.33622702816862543,0.5384775641986205,5.501260604136115,1
1244,0.9687847978206876,0.2954921264642902,1.6989402244323275,1
1245,0.726324236167105,0.6100744941314626,1.4300609253257361,1
1246,0.5485428794271844,0.05112172714062018,5.707011995042189,1
1247,0.6773984195614142,0.9904606820498852,5.784472965993029,1
1248,0.2336356295188523,0.08039139364295626,2.9419752582545935,1
1249,0.5398074783025543,0.7858928326356613,6.218481032647121,1
1250,0.5459727310904089,0.40132933688420586,2.1370581683840495,1
1251,0.20455408234524788,0.4099132365076677,2.6147515826446512,1
1252,0.47919576604164754,0.6583181786035304,5.241220664828762,1
1253,0.5341967142962704,0.9189079357915894,4.752609107362851,1
1254,8.874056328261801E-4,1.0,1.7682718470755285,1
1255,0.805801115745386,0.47435330541491944,1.829802009047845,1
1256,0.06074039510937456,0.24775941091071643,2.1570484632512206,1
1257,0.985778389261595,0.8627047492756492,2.3580727315781473,1
1258,0.3607336988082466,1.0,3.1017252543654514,1
1259,0.850010421356917,1.6193252101497004E-4,4.247611967823067,1
1260,0.4658497607110031,0.00849864531336476,2.2056532182526514,1
1261,0.6130610546608372,0.9296877470128099,0.6965997712697095,1
1262,0.6914388269151067,0.8820545020869425,3.2701211848785414,1
1263,0.1272722325103567,0.5095081399351794,5.690020088781559,1
1264,0.14438251977713562,0.7423097974143734,4.773156340201362,1
1265,0.7512923740896119,0.5003226876912243,3.901939680000381,1
1266,0.27986128603301363,0.6955924056822538,0.032308042337184754,1
1267,9.075938616349391E-4,0.447062472317343,1.9795729834175873,1
1268,0.39745382362832493,0.9288127244112401,0.12175394135054979,1
1269,0.3138442633707575,0.04370141654296231,1.5800046749609704,1
1270,0.05991248757524188,0.8469916387746556,1.4923493466568651,1
1271,0.4454855320848631,0.5228040083881553,5.133407550062489,1
1272,0.44185322144672706,0.5657844843550724,4.509625198442467,1
1273,0.843765864282489,0.8416000301091338,3.8728424807925665,1
1274,0.15669577094765144,0.8372863995182098,5.150191987838728,1
1275,0.6405400268036602,0.4300187165445811,5.045200938969942,1
1276,0.15362093189176054,0.2133848084213817,1.2610096279892455,1
1277,0.48352102798695246,0.7580712610217083,3.213985111059314,1
1278,0.7782898097022146,0.3320817966603537,3.962671342393757,1
1279,0.07605942492322688,0.34147016613460235,0.12974964048633394,1
1280,0.33227085142714924,0.9995953763779564,1.9833382948820586,1
1281,0.6726484748608005,0.7119138489369194,0.9855248282037489,1
1282,0.4880540709501714,0.720696217104771,0.9775139390295797,1
1283,0.6685803031301741,0.683058417799023,0.1653256884139601,1
1284,0.2572379051705727,0.8603566576534152,4.736388452797306,1
1285,0.0,0.9745734826689798,3.4634222282990335,1
1286,0.03242285388375863,0.08022104072145626,0.20229572692367745,1
1287,0.5054930439840175,0.1799865190137302,2.373722338807602,1
1288,0.19147433690010318,0.5825477349601362,2.742019519092955,1
1289,0.00334324513650784,0.0,4.5210579782872,1
1290,0.1778995693410126,0.9490349725549309,5.237947356660208,1
1291,0.021179326588254666,0.26384802937018775,6.248961386986781,1
1292,0.5253851697825566,0.676187290219679,1.0945927480965756,1
1293,1.0,0.4415754059362629,6.16720499568082,1
1294,0.938444372648213,0.9989261886218144,0.5173492333421847,1
1295,0.37036933828259616,0.5295502209539987,2.371357130299838,1
1296,0.08586630145860502,0.28598102766443617,3.639698347791688,1
1297,0.6927527394059343,0.0,4.324996605870849,1
1298,0.9953190841928946,0.042717629200255784,3.948662357347279,1
1299,0.45618189117947006,0.9850464479254664,3.127641915892259,1
1300,0.9036464580826594,1.0,2.546796903361165,1
1301,0.480444854383156,0.6373626338260603,3.2588732030932808,1
1302,0.6873195655569645,0.13311745922206814,4.144064670199369,1
1303,0.22294040085371108,0.6864798578513321,5.330179850831752,1
1304,1.0,0.5883381710694123,0.8600258970171023,1
1305,0.48637212410716574,0.8668439850762583,0.11705066190710961,1
1306,0.5601499417187583,0.014387671917825348,0.5727564263795305,1
1307,0.008773193010710246,0.8842471092263913,2.719723392705709,1
1308,0.649189738846758,0.12680375631927518,0.9266627719831869,1
1309,0.8031321271175634,0.15910397690343359,5.828257812460396,1
1310,0.5537501568968015,0.5976749731534973,5.085948681939188,1
1311,0.3457067739914581,0.0029486023768489013,6.130761387261009,1
1312,0.1807450635730173,0.5146682182570821,3.445104514095639,1
1313,0.566904722409605,0.4553112758508873,5.037874994860518,1
1314,0.7182607547625826,0.5382852587810668,5.65363361059821,1
1315,0.8078625714681458,0.0318989888999825,1.714316258818526,1
1316,0.10706951716383595,0.21003051348382476,5.7130206383876345,1
1317,0.9203299953998092,0.48172743908934396,1.182005129452236,1
1318,0.07155322856286267,0.48343951979511196,1.9174778492002518,1
1319,0.708906878227719,0.004584415563267573,3.779970398774546,1
1320,0.8934509055372382,0.29912333933858004,0.02104990733286277,1
1321,0.4303381516428819,1.0,0.5178111152965315,1
1322,0.0010318691537068718,0.6182825930299637,4.514690603487669,1
1323,1.0,0.37064388250170793,5.8069826502290365,1
1324,0.6018960917338935,0.0015953828531695563,5.117332809271076,1
1325,0.5740606109583422,0.251994498654086,3.987183527258649,1
1326,0.44274208132216497,0.6533121611276317,2.93360802573912,1
1327,1.0,0.0,5.238050303310572,1
1328,0.676622670132034,0.16388362104183035,5.140475703695893,1
1329,0.9754503202540397,4.8675513492011334E-4,3.5733873687434183,1
1330,0.2652749657444994,0.1864306617017164,2.64559734467816,1
1331,0.0,0.32632462375444676,4.416786669750695,1
1332,0.7056095251036316,0.4238271046624451,4.558401812279693,1
1333,0.939291180072174,0.1547494357441916,0.7304105207352591,1
1334,0.80819348590612,0.7335091945789064,4.781594850916827,1
1335,0.718574536696159,0.9159896741538758,1.7990184422991968,1
1336,0.7802743524197194,0.7768394973034345,0.013280919135810088,1
1337,0.4230269721085786,0.1526994040625807,1.3272600568718393,1
1338,0.47699885852897594,0.20734531129218056,3.2009956392502383,1
1339,0.45305344747572857,0.8199978015118713,1.8830918608690999,1
1340,0.6324220635792813,0.002769539932700261,4.098354246471545,1
1341,0.0,0.960254518170702,3.785071101214445,1
1342,0.7387887846506199,0.11565916112620839,0.2141764909337342,1
1343,0.163140666579199,0.5153040085717592,3.5549171705389053,1
1344,0.7501095518970994,0.9729639250636707,5.837980639030064,1
1345,0.19261591419929172,0.9547389542442695,1.1126721634794905,1
1346,0.5333034012983624,0.9963459320507068,2.7981098343201043,1
1347,0.9293423506285006,0.11520739232841241,3.374481810888719,1
1348,0.6734767619257069,0.05116698762555626,2.8714423204998836,1
1349,0.04444959821999642,0.5819692428528497,4.167922427064015,1
1350,0.4624474462576514,0.20141436473123955,2.6263979377226137,1
1351,0.7929680085722521,0.46718429182003546,4.219020992309593,1
1352,0.012440431316243379,0.0,4.277063528588042,1
1353,0.8858977887138157,0.8932970202221469,6.20103399268266,1
1354,0.0012097459196009541,0.0,4.6321959059494695,1
1355,0.9900160902177826,0.46476825430909774,4.504603216386932,1
1356,0.5644063587604655,0.9897093621203407,3.1250035822112783,1
1357,0.9120743855664092,0.708706425745066,5.250581788791888,1
1358,0.33085476259969665,0.885520155858877,0.06458641002650192,1
1359,0.9686271187239486,0.012445718435273295,6.184129469619631,1
1360,0.059191440936796055,0.760867930617348,2.7321429184511645,1
1361,0.3621544558713826,0.36532946321137105,6.185901515826683,1
1362,0.13058364132563444,0.05053163485921839,3.7271373177961347,1
1363,0.14311914906820872,3.519909496086819E-4,4.083532930313418,1
1364,0.7816587256320415,0.16559754447520045,2.540337285389959,1
1365,0.3532066234980433,8.998086632645578E-4,3.630300585359261,1
1366,0.18929856762568534,0.07843522969644616,2.8876276269526886,1
1367,0.8920319023787006,0.5091254188666666,4.687894155465225,1
1368,0.403470859026434,0.6469620134771665,6.1421622932919835,1
1369,0.652069785133243,0.17789939304880573,5.223797348479025,1
1370,0.6829372554731186,0.2898706221340356,3.1291527608147955,1
1371,0.2366944570860003,0.8254326801574973,4.824238116059274,1
1372,0.010345685357849528,0.2717781475955948,5.04327714356169,1
1373,0.9675684519076823,0.2058169427439783,5.3873928801905375,1
1374,0.6333221982391727,0.5358890569047018,5.920729966542705,1
1375,0.8570129033646695,0.018133783274296725,4.829787094769251,1
1376,0.7956161765759212,0.9089446479207062,5.826276931243455,1
1377,0.6506712871161064,0.7909720934114132,0.6391476070709282,1
1378,0.9228940323608296,0.5032957876993787,0.4187311468962835,1
1379,0.5609983333514079,0.0,5.393804850257909,1
1380,0.7122290159245683,0.9445675020473668,3.3079156243387424,1
1381,0.8265276843909799,0.4334389996434964,1.267327414264421,1
1382,0.023271797677851817,0.9902461430726469,5.1875887157569425,1
1383,0.30781684367839307,0.027737859784539035,6.1895740178744205,1
1384,0.8392759478980537,0.4453557079980677,4.985467127050598,1
1385,0.6207249870489155,0.3072117363697638,1.0200495579666764,1
1386,3.963514436374632E-4,0.01707187991940963,3.9441253276870074,1
1387,0.9488475235078878,0.9997169862696367,1.7847136985076923,1
1388,0.8442860118552781,3.9768947173555167E-4,5.155136095145265,1
1389,0.5675364836092731,0.5080239363295047,1.9065734349419368,1
1390,0.08460571566285646,1.0,2.4751741126527267,1
1391,0.07947727302636456,0.4273874599087043,0.7454489196715357,1
1392,0.21970979309157004,0.9310876553150099,5.905969985668968,1
1393,0.9129979008963356,0.12351117451511827,0.5905906210231012,1
1394,0.5220267614529639,0.5993350823655288,2.869309321543637,1
1395,0.6628630570741436,0.7748488401234495,2.575203915354301,1
1396,0.8212053833548347,0.5086234975822402,5.637658235437338,1
1397,0.91094218878822,0.37723500447288516,2.078910253542917,1
1398,0.7211855421003592,0.47978634564319356,2.770376444683486,1
1399,0.9954107416258783,0.5195113041303118,0.8080309730794143,1
1400,0.19815558038919417,0.2805729990180618,6.146885743286388,1
1401,0.3580754172306482,0.7782743198293189,4.113660021169096,1
1402,0.24810546777525166,0.0,4.238572543256186,1
1403,0.0,0.8169993689381334,3.0679618953506504,1
1404,0.885498328669153,0.6678114271525336,4.915492588122492,1
1405,0.9946376278545281,0.9604475417044124,4.87891823620618,1
1406,0.5417472263596284,0.9894235989451826,6.269186972571573,1
1407,0.8824596641690909,1.0,0.5690476622047183,1
1408,0.3916083429265872,0.8604388229328733,1.8792864001872236,1
1409,0.772354399331142,0.0,4.947331625690348,1
1410,0.3878819558786105,0.33734772361599863,1.4224649609654139,1
1411,0.873906141845044,0.15585046959399987,1.9275179384532355,1
1412,0.0,0.23299502849497805,2.3109932507595556,1
1413,0.9629110354166992,0.8733454357342182,3.944940412714725,1
1414,0.48813650846877055,0.9990093215590033,2.6033570085033677,1
1415,0.5100794133471752,0.0,4.509500887609888,1
1416,0.9512720932696775,0.9458925162066097,3.5999838804612843,1
1417,0.34203135712960825,0.3008870829266815,3.998017753540641,1
1418,0.39363378543974925,0.0,5.65834255726322,1
1419,1.0,0.7986901413746735,0.5738881273708016,1
1420,0.12954527055878387,0.011554165191631062,3.4811205099184392,1
1421,0.8821172767979149,0.6717089932670594,5.303949872913357,1
1422,0.7011291492593433,0.18204845104168005,1.0382038919760883,1
1423,0.8497254083425013,0.10283077246372016,0.9420248382086861,1
1424,0.6843804737520083,0.6484115157279176,5.356436503315534,1
1425,0.8404331238962666,0.004141035112764276,2.8887325538499415,1
1426,0.39203106304273316,0.9946692761778221,2.955603998326627,1
1427,0.3081556917398014,0.09552541784333683,2.6325078856544017,1
1428,0.42664952507622406,0.8242384967063809,2.508734721278059,1
1429,0.6852470875086347,0.7875938461238523,1.088221137889184,1
1430,0.6129390664552927,0.31563300685121387,2.229151661233097,1
1431,0.6940416489291935,1.0,2.545230486140119,1
1432,0.6557202193642766,0.7312690415735327,3.542727539371112,1
1433,0.6739370437092052,0.3480673669509023,0.8195452804812076,1
1434,0.49781206916757714,0.06181423743503625,6.234897511554932,1
1435,0.24599147564018686,0.6777177487668072,4.687152686059726,1
1436,0.42466424645581513,0.6582604481584515,1.798601240595924,1
1437,0.42003516028011456,0.8691054520184415,4.103101380415888,1
1438,1.0,0.9953458549168404,6.133172276494055,1
1439,0.4327734958869296,0.7881856261534993,5.515071929603698,1
1440,0.1569136041071527,0.653849107617842,1.6088732880431127,1
1441,0.5063699482341073,0.35615178528996616,3.8445785951858595,1
1442,0.5578431357561101,0.7386511260084291,3.092349282284432,1
1443,0.8065296535144543,0.7823365252346609,4.532825949877873,1
1444,0.9943114006493494,0.19789266198108083,1.632067824144027,1
1445,0.8869941947326351,0.5915147529303884,3.5985969072359136,1
1446,0.5296523478061593,0.08966618730015286,1.9519147876976695,1
1447,0.28804286843827004,0.3282257346207943,3.99429381924931,1
1448,4.8082880195417335E-4,0.2411065515494781,1.4843226712057194,1
1449,0.8761182942540578,0.4784867450092815,0.3263905080094163,1
1450,0.9485110322802297,0.6863273852997568,4.868291487530706,1
1451,0.8538543948996344,0.029062441054631908,3.5723268318355794,1
1452,0.1394490192786367,0.24540959112923982,4.117461656648226,1
1453,0.9333153287102698,0.4806472678177954,1.458302245152475,1
1454,0.46164583976204854,1.0,1.6506369326105486,1
1455,0.9059862119619764,0.2971152527630971,3.155250675534791,1
1456,0.3663869759837641,0.7494770578377682,2.8939944463955722,1
1457,0.15833919218967366,0.7222367064446759,4.582802135276744,1
1458,0.24769306327294435,0.7223750175547017,2.506790551942608,1
1459,0.5428846603577144,0.7318653206160943,3.5748393167504138,1
1460,0.8127181029177803,0.1715687664173382,6.212142882878934,1
1461,0.20869945860818953,0.18910912312133135,1.206853239835525,1
1462,0.5108913957567208,0.6167913716024808,5.623124698618225,1
1463,0.25385483166867784,0.7353047582404183,1.5745997237281344,1
1464,0.3929967674261629,0.6959482705138703,6.168640611901445,1
1465,0.3206892033440685,0.9028852223564025,4.690721611466656,1
1466,0.0270551371070583,0.31127397266440066,0.2613681847002799,1
1467,0.9169555597533046,0.28797478870628446,4.84145658482717,1
1468,1.0,0.7586061893483882,0.7352424569826935,1
1469,0.4875806498171277,0.7328642677719831,3.0402895703554615,1
1470,0.6536035977292228,0.4172600964858528,0.6331672188961186,1
1471,0.12484458683064685,0.19366130678313995,4.833780998739018,1
1472,0.21838647088414098,0.5285316969708637,1.6483450514032654,1
1473,0.6854248959348818,0.266621417602971,3.234655343357453,1
1474,0.2797334507717027,0.287971671022426,3.1161484922003284,1
1475,0.8283992601404851,0.30203253626605625,2.2469800308525025,1
1476,0.5202876738937992,0.7975086768874455,4.571637666422994,1
1477,0.707518286133453,0.10455634584789715,3.8102793417400003,1
1478,0.32207578269659143,0.7599664028865243,1.9887425092486686,1
1479,0.2613073029068495,0.9999311879381917,1.1866405250048464,1
1480,0.6984825953224947,0.9997361504142425,2.237703578492246,1
1481,0.08940157650244589,0.607920241110711,2.4005399314938662,1
1482,0.3871421923853956,0.9455714494294946,2.832259264475468,1
1483,0.9964198870049171,0.3008841405461805,4.883995054203586,1
1484,0.6904395235696407,0.887952648960291,2.2913672428233136,1
1485,0.6493894865015886,0.08381273185618297,6.029159647714927,1
1486,0.390368758495826,0.0,4.805068310006988,1
1487,0.8361632776577121,0.6316564076685635,3.992057569941326,1
1488,0.05899398515753759,0.41216603338317875,3.59904889292793,1
1489,0.1710700034944878,0.2481969116951757,3.6538519952684902,1
1490,0.9503177346269258,0.8235097182962423,5.664726599377013,1
1491,0.4086886538745495,0.9460625267704292,4.7963483102555875,1
1492,0.08346315342708112,0.006410528926816629,0.4733543402762188,1
1493,0.21403121648667214,0.0,4.452047469850302,1
1494,0.8152792262584906,0.4701428530379494,1.681463227161216,1
1495,0.9071690873619543,0.9155923663569615,0.8340863458557652,1
1496,0.9246733733886114,0.6358380746400514,4.362572794337432,1
1497,0.9090118229384431,0.9481476605433493,2.015341300944566,1
1498,0.9240547091626892,0.8156738731209996,0.7562942809068185,1
1499,0.5361940992751103,0.1127727019569536,5.94568733621704,1
1500,0.8043519248995988,0.37395904619058307,0.5708489531673904,1
1501,0.631796662462513,0.7188715709188922,4.57028951948685,1
1502,0.8857673914561454,0.8289119531703405,0.4015522038712856,1
1503,0.0,0.0,4.067123318665047,1
1504,0.7308157616534663,0.9817859594788425,5.319526156250805,1
1505,0.03082990352618706,0.7123995645826787,0.6256913280113732,1
1506,0.08466855630769539,0.25657641543908316,4.725448598882553,1
1507,0.9865663865234577,0.5586910480086368,4.364663382953178,1
1508,0.7362265128341702,0.1963271397636568,1.3749701477408136,1
1509,0.1893288311119826,0.11584650398400519,4.27906809956643,1
1510,0.9401138225289272,0.9989074243507757,1.3696626209758846,1
1511,0.3398233291900807,0.3834017179165005,1.7547305019938642,1
1512,0.07847575150993279,0.44510824332199006,3.237940896978309,1
1513,0.5681493608439132,1.0,1.7696227354047793,1
1514,0.36494261151746765,0.9694977623408676,1.2173076545534098,1
1515,0.3373851530342569,0.5470662016491,5.4105060566588,1
1516,0.9982770522212759,0.7955903218143093,5.111686255307449,1
1517,0.4171076941379504,0.09844157974722477,4.313580592808159,1
1518,1.0,0.7847330284510619,0.7498661839088244,1
1519,0.05065338334285774,0.8078128770899483,0.3442390481396359,1
1520,0.803147463712062,0.015582380646785339,5.210947637666682,1
1521,0.30422885881214123,0.941416319457676,5.901398053322776,1
1522,0.21028376547968716,0.7802749995605417,5.541533885689323,1
1523,0.08620348174539356,0.11313744147041103,0.1469829632252009,1
1524,0.16575859629777037,0.028582185783503904,0.8264081771108509,1
1525,0.9519705719468544,0.6515497056273797,0.4504271277481774,1
1526,0.5361588971779595,0.5597431426246076,5.051159050864958,1
1527,0.881904725664209,0.0,4.766789634512523,1
1528,0.31078888067697863,0.19398263308131827,2.851439943550807,1
1529,0.9664872677527568,0.676800552635692,1.6493696806677207,1
1530,0.21333769218334195,0.2736076592554849,5.355258118326847,1
1531,0.41613728368886277,0.9724454843739586,6.276940000010274,1
1532,0.1813110861331367,0.6156134699756077,5.257284598238373,1
1533,0.7767582692918771,0.5714746200609598,4.10977118341209,1
1534,0.18404655345583587,0.652970119046725,0.48144256206029235,1
1535,0.22339824273052503,0.0,5.7450690865316645,1
1536,0.1566710085937142,0.3044829374571117,3.2834059331978107,1
1537,0.5853335479439713,0.002348136028392498,3.4156384015749657,1
1538,0.6020369814306146,0.08502520936614469,3.625575163181757,1
1539,1.706229414324327E-4,0.395959803490529,4.011263114028506,1
1540,0.48985779880862845,0.7290630292388526,0.2551900223295532,1
1541,0.5637578364953431,0.4142532010525345,0.34940057252807105,1
1542,0.8812367456124445,0.9863992102928281,5.72518662333295,1
1543,0.7694855676103728,0.915147065870381,0.5762916312829468,1
1544,0.5509982024090366,0.08948471296064087,1.6934642605524006,1
1545,0.9609896389910123,0.2867184846521928,5.63030909485557,1
1546,0.4240314467916299,0.06856561165528093,3.416991770349302,1
1547,0.5881910389256638,1.0,1.3373114152972323,1
1548,0.4026815632216997,0.7564470686164748,5.421477313388172,1
1549,0.517450118754664,0.29887513973695357,0.33785301531631606,1
1550,0.9489862164593282,0.7143023222032234,2.2450644193615283,1
1551,0.582029737944435,0.9637212550431521,5.573171753633588,1
1552,4.922854203030822E-4,0.6295179850058351,3.355996699275265,1
1553,0.811036597347381,0.5758099488957552,2.963467677889145,1
1554,0.0,0.573715063543624,2.1862999395172107,1
1555,0.797933729879543,0.49199869937736423,5.9236934923341185,1
1556,0.1853548001674919,0.8621575990466991,2.8459880172437333,1
1557,0.08728667574078645,0.9991966362322904,0.6458885826044941,1
1558,0.0,0.7537046186506312,3.908800216638199,1
1559,0.5212051733150372,0.8175447458755826,0.2571544417631548,1
1560,0.0016005214555116808,0.9417008662082527,4.511212841191029,1
1561,0.4978837304869783,0.5322347043743745,4.992956148668444,1
1562,0.0,0.34750139988542605,2.6842630969599517,1
1563,0.9244832307247633,1.0,2.974496746925612,1
1564,0.9599807652081218,1.0,1.6055961949361297,1
1565,0.09130611810328809,0.7626176367095767,5.951464124123745,1
1566,0.9883378820686707,0.01305272657324265,0.9813105695306212,1
1567,0.8195630791531886,0.941033332374875,5.9797931573006835,1
1568,0.034110608982765,0.22327087303491078,4.323798246664187,1
1569,0.34858623033612524,0.14982159824863556,0.2212326742007254,1
1570,0.1874991991172652,0.001733977709745708,4.8451716756910335,1
1571,0.0,0.0,3.2834169954956205,0
1572,0.1105487478555828,0.29089169957999156,1.2542132064822924,1
1573,0.06841204596893558,0.9106429936872207,1.7643385217307916,1
1574,0.5394163860117215,0.5114305459854726,1.9028158525306746,1
1575,0.954481944239132,0.816927710375197,4.025095754071802,1
1576,0.16028052463566525,7.006646092702314E-5,4.548166956195639,1
1577,0.1955436302571856,0.7462247562259295,1.0048686186123394,1
1578,0.9172828669667314,0.7251383338938832,2.523704167332414,1
1579,0.5905966692729772,0.9753069664197376,0.10237923865221094,1
1580,0.03683197296022965,0.7000277848006025,5.072611136214528,1
1581,2.1839870370003885E-4,0.9801169634080185,3.011493680029896,1
1582,0.648091711836567,0.9818280300734343,6.233080306523334,1
1583,0.43871568714967984,0.9320911964025136,1.9643601051509005,1
1584,0.5125245644341686,0.7430163610934292,2.2780329780791164,1
1585,0.41607602738899185,0.26015525518193083,6.265070096258912,1
1586,0.36769628213997685,4.521437681030819E-4,5.6520070449816044,1
1587,0.01710104618628561,0.9925338518900442,0.9612527687148634,1
1588,0.4218942379809168,0.40471762392412763,3.1261514456940516,1
1589,0.44642777300945785,7.576796717980207E-4,2.893969723547968,1
1590,0.3198634856535402,0.22312992986249905,3.0097255893728754,1
1591,0.9579128897169435,0.6693663691678257,2.891359627701884,1
1592,0.2512648728690236,0.47747739165284026,2.846807238467768,1
1593,0.4801664636606417,0.12457176830846498,3.444136167848253,1
1594,0.5008612854502957,0.40870734357560196,5.643078286374973,1
1595,0.8652570758436713,0.18423744549666746,1.2670429165666341,1
1596,0.853014817480141,0.215631040342563,5.586086382112018,1
1597,0.9165052252808081,0.5468407540093442,3.0880257546196663,1
1598,0.9758991639457719,0.2038825398508826,3.941401584024636,1
1599,0.9519270337805653,0.0012461107691493678,4.814807036889752,1
1600,0.8940838969826623,0.6495273374638018,4.872857550677482,1
1601,0.3485476813515521,0.6989078828936435,5.502354928632826,1
1602,0.9981654764493375,0.9380314064297096,1.3881247757444442,1
1603,0.5076178588793184,9.593607260690729E-5,0.12020939190909055,1
1604,0.6401329065905453,0.24687225319256131,0.3180863014828744,1
1605,0.1635898519397271,0.6195411315687419,0.33451919802220587,1
1606,0.4351865149641588,0.0,4.4093629191865125,1
1607,0.18199514679795437,0.23141700982091332,5.521473453269937,1
1608,0.26146265130211527,0.4228045163730666,3.487085696687415,1
1609,0.9800853898219666,0.22738325813354882,3.0809711752329796,1
1610,0.07013687935573584,0.0,3.6593680587152457,1
1611,0.9938450883486569,0.00826118705842298,5.086767142275398,1
1612,0.1280918570995706,0.0,3.8373111589706936,1
1613,0.7264512432601873,0.7400356887192907,3.6899739209028155,1
1614,0.7930115454596196,0.0,4.537631732029857,1
1615,0.5207863670570111,0.9136901574222956,5.3620335185161485,1
1616,0.0,0.017338372998728833,2.8548707247419793,1
1617,0.4302743746228924,0.8819928287265936,3.4080472909397237,1
1618,0.11393479313269585,0.6780475004579029,3.205826135771989,1
1619,0.22106043057662583,0.6783648311023948,3.918710172208443,1
1620,0.33312325209110966,0.7648993579260105,1.5459790106681068,1
1621,0.40809028094474176,0.46723678541343155,1.639371949341728,1
1622,1.0,0.7330507117748113,0.6674438617512991,1
1623,0.13833342425560893,0.344461017861181,3.614224716449991,1
1624,0.35104943959798174,0.9435239291454913,4.123703292933353,1
1625,0.46468576898751557,0.6930496718796525,1.7433294712619338,1
1626,0.5532063035414625,0.952246347452783,4.630576894694903,1
1627,0.738745798933643,0.028626055565349612,2.1657453371881235,1
1628,0.4464722582289809,0.4503544478497777,0.17883289241970335,1
1629,0.4576832631014338,0.2037875354267108,0.976123470475377,1
1630,0.0,0.49464166905957846,2.692398902651928,1
1631,0.08004976601036484,0.46023357057195075,2.1796326626428564,1
1632,0.5989281693814357,0.9127341890753898,1.8021372233429243,1
1633,0.5518452859199062,0.07438879162055778,2.9401770480013116,1
1634,0.014833670026373074,0.33327949974754306,1.4119021724306657,1
1635,0.16711462656561146,0.3186209195912028,1.1186911290383226,1
1636,0.9960264882049709,0.09941997359196283,4.5216111626623965,1
1637,0.9092550819916411,0.0,4.96958296893428,1
1638,0.20448115658181512,0.02490805723285834,2.3987177577086096,1
1639,0.6772796150762969,0.4386841955823637,0.41729791585277637,1
1640,0.9882294786856273,0.9077659163603374,3.767361452376941,1
1641,0.17208528061034223,0.6260507593539483,2.637459501362199,1
1642,0.26274089502606407,0.4538456139583654,5.0410605986497465,1
1643,0.7197775494965725,0.5479080262432205,4.942196711215683,1
1644,0.536870581787668,0.7114601169331106,4.85850238886358,1
1645,0.6336616148519768,0.7644676116963344,2.888372593187744,1
1646,0.630231917854903,0.4582318319922442,0.683014852287713,1
1647,0.7138178994128982,0.5735808947869822,3.274735337376484,1
1648,0.5142586675243924,8.225228205594299E-4,5.536710528697873,1
1649,0.14268424978640865,0.15095263424264224,2.033217368413512,1
1650,0.4972363721168213,1.0,1.2380091372898538,1
1651,0.4554643967326441,0.7444866016057823,3.152365959654254,1
1652,0.0,0.6909458008598393,2.365805125809748,1
1653,0.211654616545533,0.0,5.02090538731268,1
1654,0.9705317589647038,0.48460388856268666,0.9074199637431645,1
1655,1.0,0.48583056372045264,1.124628364420054,1
1656,0.6023134894202852,0.3668831263006315,4.579900925759851,1
1657,0.4868994567755363,1.0,1.7256179767519455,1
1658,0.4270696575015461,0.6425465211429074,2.187083157040449,1
1659,0.1848754966096616,0.09853038385105686,3.2617454444431533,1
1660,1.0,0.485160452400547,6.157352916228718,1
1661,0.7536357251036183,1.0,1.6012824609786507,1
1662,0.0,1.0,2.928441443363394,0
1663,0.40224090276391233,0.5303494932979194,5.857195631894208,1
1664,0.9835285693775385,0.43367034386391135,1.818504502483202,1
1665,0.2888234973654003,1.0,1.7417716778034775,1
1666,0.9248898675161951,0.03690448627799178,0.7431876917614215,1
1667,0.8442441785718381,0.5588524348011416,3.326463672142071,1
1668,0.2836996187207888,0.698657460816374,5.580652288669229,1
1669,0.9685752160044732,0.999767242080276,3.059269857621663,1
1670,0.9246393590989376,0.12838959645297499,1.1135683550098985,1
1671,1.0,0.21326864418824537,6.060141814672096,1
1672,6.433723723027583E-4,0.5808398316473631,4.193183264085096,1
1673,0.5968387179817125,0.5910951126755917,5.507186996620715,1
1674,0.31372611892716296,0.352481900018297,3.5080705388681643,1
1675,1.0,0.14384578437476567,4.864760707873503,1
1676,0.22413517399070287,0.8738560798869314,5.771999250926605,1
1677,0.6008241558033399,0.042513462344342626,5.854991751691859,1
1678,0.978181057673876,0.6324569630043317,4.742637221984727,1
1679,0.5958373226861396,0.9577633062503115,5.360883862152049,1
1680,0.41375221201659595,0.13199941975155707,5.023998955549967,1
1681,0.8612956704677323,0.5558402081732348,1.13260988341943,1
1682,0.39471289869222764,0.30317540877206356,4.060054088266107,1
1683,0.9358718626946413,0.3757760326287861,2.8869135709406315,1
1684,0.002180418393187863,0.1599839322556717,4.899796609620682,1
1685,0.20382598247379144,0.3235166244082848,4.289235064495913,1
1686,0.6359534282967538,0.0010246064495858195,5.9492477942194055,1
1687,0.0,0.6274482193903488,2.8306713305530096,1
1688,0.9263152277056637,0.8041177088940984,3.5841851918878715,1
1689,0.950967485965975,0.5585999041449411,0.5256370073734293,1
1690,0.7724145943258018,0.24810777952250063,1.812302308239263,1
1691,0.24444831201247852,0.90511048145758,5.1179031936938255,1
1692,0.330939706174918,0.9991209666388631,3.1487202100489986,1
1693,0.050813500773545885,0.19748589073781164,2.7426113823875036,1
1694,0.23039787112237234,0.8874712367626322,6.027544955230119,1
1695,0.8779300457999398,0.16635573252655572,4.606441852810569,1
1696,0.7121742389661428,0.8510768549984478,3.3319116096975905,1
1697,0.9896950086590899,0.2289602663824568,3.9930020818111327,1
1698,0.03241171270317223,0.3503150982200258,1.3674203557545035,1
1699,0.8867180780937246,0.09595951144601338,1.4715417709981833,1
1700,0.09879556466595596,0.34073696332906667,4.404772852608267,1
1701,0.08316781180751645,0.3877857962542459,1.4973704918742816,1
1702,0.9387740626650076,0.5077867700998717,1.2100294671583611,1
1703,0.19280571317293566,0.8874897919982728,0.4368226392742344,1
1704,0.7180479335777701,0.5179057909398441,0.5300820280823157,1
1705,0.6684505237342788,0.1539800784072081,5.860509493924319,1
1706,0.16576505759314755,0.504955077723494,2.9381799720278248,1
1707,0.5016450802363712,0.6485057438474213,4.697899515773163,1
1708,0.1728191960425508,0.1838933435297964,3.687809456605447,1
1709,0.05559229691448895,0.09214176637696618,0.2139940355105337,1
1710,0.5308344938740974,0.9996275271978121,2.290939768056559,1
1711,1.8228252017374205E-4,0.0,4.298483370837144,1
1712,0.9998576635290565,0.9803021917063041,5.692216495360335,1
1713,1.0,0.9865063934650177,5.39794716606732,1
1714,0.0,0.5627289729449874,3.497715892833419,1
1715,0.12256430768429662,0.3940114810644961,2.1128019232727713,1
1716,0.43128831252117883,0.8051726475776878,2.0007299074890215,1
1717,0.24175608515315553,0.19861860900466288,4.601070735055609,1
1718,0.9821492558923954,0.7466400896227445,1.0026000778827011,1
1719,0.48796381851539233,0.002983438096754888,3.8017141287238387,1
1720,0.6459785384382263,1.0,0.3883112155630914,1
1721,0.5526528628008517,0.999503076679885,2.242082276204928,1
1722,0.13015302077038593,0.6401531351052165,0.5929286899190396,1
1723,0.42510583805946744,0.6249087203596854,5.881923175567026,1
1724,0.6686947308262735,0.5293301476639818,0.8103488431430375,1
1725,0.2342033427644422,0.9870643936968612,1.8076777081472222,1
1726,0.1501041091403645,0.7496784310718408,0.8300338272680192,1
1727,0.3502660713252804,0.7885496857794875,3.3823484482560784,1
1728,1.0,0.8010649690106146,0.4437934664042277,1
1729,0.83640031955181,0.8335857454324569,3.1901091543608264,1
1730,0.15221157626717446,0.10489604123483902,0.5827482640770804,1
1731,0.2993705339458297,0.4637523618506496,0.14689866791114525,1
1732,0.3705205544709793,0.5627623938716977,1.7305648747950255,1
1733,0.3718607609251497,0.09511299940630931,6.138548739834684,1
1734,0.9300547292839184,0.8807242420487854,6.084222949132217,1
1735,0.4859304448971237,0.5885525938469818,0.43766038148604336,1
1736,0.8371296698449742,1.0,1.2828599022588487,1
1737,0.32774383831824466,0.07707917801050873,0.39138506537657874,1
1738,0.8406383168219325,0.2949819612125275,4.323917116156013,1
1739,0.5676725677690982,0.6858128735850391,0.5010114668175387,1
1740,0.4963107527702184,0.2769514296877914,5.947428035309464,1
1741,3.1489303146765694E-4,0.6269995979185962,2.7903863132295816,1
1742,0.3872458602638127,1.0,1.7989926967794518,1
1743,0.7848106118509615,0.8966137533436573,3.048674225666962,1
1744,0.4632158560430997,0.14305745691204577,6.256754164799864,1
1745,0.35883596754477437,0.9888916671163624,4.020209757768714,1
1746,1.0,0.8576202254338207,1.3379331183851308,1
1747,0.7314016454517316,1.0,0.842731717262026,1
1748,1.0,0.0571061994447095,0.6700553905160038,1
1749,0.20921995511771757,0.7672778956854969,5.526648700185745,1
1750,0.49880195318642484,0.04155663864161936,3.0375907475393316,1
1751,0.08499075046654965,0.0011874309165312866,3.1041001757328863,1
1752,0.7194073749542227,0.35549660255927396,3.0606953627598266,1
1753,0.11590805789278914,0.2628312049509356,0.18902907547743233,1
1754,0.820705774220152,0.4178756835536462,2.9908465968572715,1
1755,0.9613408840878895,0.1594516472225527,0.4368715442190354,1
1756,0.16168047902245,0.005593346201175562,5.910736012976201,1
1757,0.6878266018774816,0.030418797069036226,0.7139543879470472,1
1758,0.5196095658999673,0.954610530794897,0.2295214109583939,1
1759,0.6255230277580708,0.9245858128622464,0.9288903122687903,1
1760,0.8647519191163356,0.18266309913520318,0.16195510022557044,1
1761,0.41462027924834244,0.0,6.194688766954041,1
1762,0.16020322401970669,0.9398721375666048,2.418376962845434,1
1763,0.690055076825861,0.2700468001579589,2.0792350131971085,1
1764,0.09082740659878312,0.8063646137785507,4.7351565342793105,1
1765,0.9654256528344629,0.03456220084714084,1.8189784734734742,1
1766,0.6272097212302314,0.0,5.414855283036825,1
1767,0.5138923735468471,0.9846474310413048,0.26753258240104666,1
1768,0.9969544688314058,0.06347850983514368,4.731475583186918,1
1769,0.3321990547679365,0.24498139390590717,6.0469289094169945,1
1770,0.43712119788861575,0.4886291791838399,1.828052691131741,1
1771,0.07211866850548881,0.18239602869337587,6.13530881165788,1
1772,0.190639317575862,0.18714388531566295,1.639825094600769,1
1773,0.9550320440365891,0.40535120440520833,3.0637339261966847,1
1774,0.49931687865060764,0.10073673742822016,4.190257091705969,1
1775,0.464449251307704,0.15191780762133392,3.600059429342079,1
1776,0.6197723155053455,0.1370084868643465,5.784176518369975,1
1777,0.9527719855005997,0.7867980531944321,2.772277532273269,1
1778,0.9675671929759618,0.7389124866539477,1.8464447122601506,1
1779,0.1897128639930552,0.8036913809606478,5.604463385364304,1
1780,0.627015440912308,0.05055777037829029,0.36091684649172345,1
1781,0.07263462088729743,0.14371997292182986,4.4309242790907115,1
1782,0.24132896884497923,0.2749016780138531,3.9326473140821143,1
1783,0.5196992072093156,0.0,4.866197732383562,1
1784,0.36748413897274285,0.8479332927488246,4.506029347131805,1
1785,0.864056360439741,0.14321124270498714,3.488852533165097,1
1786,0.1663405945400016,0.6996849081972196,6.0387033651309245,1
1787,0.3050528648586575,0.9845549358256176,3.836588958891625,1
1788,0.9708944965300679,0.5669508951969432,4.802297137399933,1
1789,0.5453064763349266,0.06874142376993148,2.414968253669524,1
1790,0.9797134577387672,0.9674035453004871,2.2566761657987824,1
1791,0.7448468456700161,0.5811529235464793,5.524998391006052,1
1792,0.8311500653451716,0.8500246105845517,2.9456566025211215,1
1793,0.3736993474685687,0.018473040432199123,5.732007730846631,1
1794,0.28453983923484405,0.9404437515495843,0.15759072716245234,1
1795,0.7804982201682606,0.6807883705322452,3.8538860869020133,1
1796,0.6374686520806896,0.3104802471877719,2.8776292813958615,1
1797,0.7405616379754258,0.5151463939718995,0.33899019541733455,1
1798,0.2544401022728025,5.410667854669942E-4,4.34693554542097,1
1799,0.12047353473638339,0.9987141076229108,2.363629897365914,1
1800,0.5298752803435346,0.5878151740487267,4.658232077125779,1
1801,0.7455049734330566,0.42897770997840484,1.6308457792808202,1
1802,0.7427433946226842,0.00958339078392262,0.2419793524642061,1
1803,0.3030272324800373,0.5306481421968868,1.5045221039649788,1
1804,0.3875817394239727,0.0,4.3846092062687525,1
1805,0.4257396108778576,0.2723959788230169,3.9457648145326245,1
1806,0.849359217916658,0.8645369944531629,4.456844589765816,1
1807,0.9522102863515692,0.34334539330569114,5.623216903878887,1
1808,0.819972589128271,0.29168308071682036,2.838349975404883,1
1809,0.9094577986624766,1.0,1.784745706683012,1
1810,0.0,0.05749965387720969,3.8713151025972676,1
1811,0.460930034226418,0.5932375733443463,3.5098225461741817,1
1812,0.4171120969702925,0.8658731625134697,1.9353042589979237,1
1813,0.6382252219400897,0.9571562139992149,5.67683721785343,1
1814,0.30703840802329396,0.8400092373240443,1.130423118009193,1
1815,0.999567818199024,0.3132203791404732,1.587209215836392,1
1816,0.4075606219151248,0.977009353937987,1.7271718418244482,1
1817,0.6657540128274271,0.12573140495566087,2.9171887987066065,1
1818,0.20517158826057427,0.06360420713842652,0.5318862526235754,1
1819,0.35636214383979126,0.0,4.623283686353231,1
1820,0.5869226107904858,1.0,1.602666377223982,1
1821,0.5469997485080649,0.8712504237352944,6.134153850964265,1
1822,0.37519500515751214,0.937221529530172,3.9586893608414484,1
1823,0.3236614519015515,0.2159988813411469,1.8763947456353183,1
1824,0.06691158118415351,0.9812409535819822,5.321634057398667,1
1825,0.4008118135473059,0.7216057818941746,4.5505386719680425,1
1826,0.745986295399706,0.23554930691501919,5.7592687952704775,1
1827,0.7384381242406479,0.22510769015167573,4.2829119794582,1
1828,0.18197169118441234,0.0834984153343061,1.7965218861769006,1
1829,0.59353169398545,0.9610698205049081,4.29894208515122,1
1830,0.47900619932690075,0.9267852320559281,2.109341488378634,1
1831,0.8541092485393272,0.1325862828762951,4.054843490285384,1
1832,0.6725676338693606,0.9081747340879381,3.281379100427472,1
1833,0.6149172925638445,0.6134633454135341,2.4906357206316936,1
1834,1.0,0.141309459770364,5.343198993331618,1
1835,0.3339983130467825,0.6419674095785316,4.704877364040151,1
1836,0.3118395861414583,0.08127338018426535,4.813174923106705,1
1837,0.002182937110822711,0.8960164201818898,3.5913517070893137,1
1838,0.7688981758397525,0.0,4.617052303748964,1
1839,0.30956369156073243,0.7127013043311509,4.481295834857288,1
1840,0.3198825232705684,0.7568478776957906,3.355139238819014,1
1841,0.1588527293278073,0.8155280696634876,6.1262566474193685,1
1842,0.7523450261407695,0.999161419032236,1.102562507262287,1
1843,0.4999335278330499,0.7211627381317973,4.144005955833433,1
1844,0.9814518588189822,0.9019010126113614,2.490745657546042,1
1845,0.47456945419674385,0.5784922388278213,3.7656988136439167,1
1846,0.9058401082415686,0.1229526941447728,5.538556303266678,1
1847,0.513028025261778,0.05236752120245281,0.7821020244844596,1
1848,0.32670079599474,0.26737555072215485,0.860445289842485,1
1849,0.9980287812975156,0.6460495687909955,0.9574563649506266,1
1850,0.38157096560623055,0.5010538785505952,4.4197295299703905,1
1851,0.12589255748895756,0.3281166818599045,0.7206246888129875,1
1852,1.0,1.0,0.19300971322294194,1
1853,0.5767603523334046,0.15946047993489673,3.8187783749845114,1
1854,0.8615747977370332,0.09863676686232745,1.8078054421311172,1
1855,0.8161246918480667,0.46069235300829736,4.249907168636391,1
1856,1.0,0.1688473168766315,6.114802307504475,1
1857,0.8969054317818574,0.06707479192506574,2.476713322683643,1
1858,0.758201011307989,0.13349650354436787,5.798696569412142,1
1859,0.6362177540015775,0.42401930360798,3.9916392431776133,1
1860,0.04932205660752253,0.8953023785138486,6.219980859457934,1
1861,0.6032916584713088,0.640718253898554,2.6616417658237532,1
1862,0.915356088699259,0.5088591088291438,3.3499879569646747,1
1863,0.42537949771783107,0.5696304373606457,3.4430590403776384,1
1864,0.0073448302696070495,0.9666196639339603,0.35454529409266927,1
1865,0.02896673626055871,0.8016628833304058,5.668401387840526,1
1866,0.5149282386714605,0.15152179890874415,4.135893149132616,1
1867,0.30769027984164443,0.9604890917106587,0.022037223727021882,1
1868,0.3818063557582765,0.08460999685890405,4.206766042686449,1
1869,0.5239374112846671,0.03459877313884992,3.9659812672678143,1
1870,1.0,0.622391886980441,0.6771166280622498,1
1871,0.026252949699476537,0.7194574510712161,1.038152996645041,1
1872,0.2987944053066946,0.05857356269903487,6.029218917258252,1
1873,0.4107233598784127,0.5544184280714135,5.165181090989209,1
1874,0.7130549139540433,0.44058402078740444,6.055461739672056,1
1875,0.09994452647271013,0.9965844197200754,6.177844332560096,1
1876,0.6290422616495637,0.49201643005119206,1.509611465862124,1
1877,0.0,0.893033066818424,3.4739360919137376,1
1878,0.9964951169925242,0.7921285985425154,0.785187814610367,1
1879,0.042193698884521874,0.7038808742951845,6.001959493000585,1
1880,0.7881675098331064,0.5428769105547668,5.726241670907921,1
1881,1.0,0.04106466915836356,0.6904682125992933,1
1882,0.46126956126133717,1.0,2.035464323025756,1
1883,0.13683768982567654,0.8961802276354893,2.960891998005043,1
1884,0.5651123625921308,0.3537306053619738,2.2186061136839053,1
1885,0.9309005576291025,0.0,4.490369567883254,1
1886,0.26092366234616826,0.19407189164042565,3.226525046667221,1
1887,0.7113934500264198,0.22324230916025659,1.590242683815562,1
1888,0.7378831656575117,0.2143216771398309,4.524016101040944,1
1889,0.2712065617001788,0.280897069767894,5.963573885220343,1
1890,0.8263663998724362,0.5380664594160955,5.135775288195337,1
1891,0.6752933719360603,0.5536739708238436,0.8384675741430972,1
1892,0.7116478234561222,0.14272042339138297,3.9611971863292306,1
1893,0.07962948121948335,0.5888213581300408,2.06788189204049,1
1894,0.0,0.05916454793528382,3.8261746241589125,1
1895,0.3658976287856487,0.4469056480339431,5.683986205027447,1
1896,0.4904735958158815,0.9993483072304592,2.840449022309785,1
1897,0.6982839074807836,0.5032870180500983,1.138476724846116,1
1898,0.5164563140933341,0.39470960480003714,5.036805475164479,1
1899,0.33831433452151094,0.002685493578533189,3.112512695347797,1
1900,0.9976285160863364,0.4325296491157108,4.967660285854683,1
1901,0.16724694905455745,0.7689079139285065,4.496329052287796,1
1902,0.999332701327292,0.49904793330004965,5.713227140657861,1
1903,0.516758899442429,0.2798203493437743,5.1285121745840705,1
1904,1.0,0.0,5.807970553499289,0
1905,0.6139160636052335,0.41456616655430695,0.2688026734464118,1
1906,0.4386474886691375,0.8784036351771801,4.6184825825557105,1
1907,0.3465132049199321,0.6423151679475528,0.28336222353254453,1
1908,0.1700517666161007,0.0,4.413215486795565,1
1909,0.9489394036526975,0.9393320504591928,5.979049228649245,1
1910,0.16895529115840288,0.2827715649033302,5.385726776730298,1
1911,0.38915052672514827,0.5636935528190612,2.075238593223377,1
1912,0.2829995096338095,0.1962377937612971,0.4431516116094667,1
1913,0.20044467571045466,0.11108410258580866,0.6545549158460657,1
1914,0.8315223504849124,0.35849518203530384,4.790965189719585,1
1915,0.1796809219060003,0.5764381955350285,1.001851036418119,1
1916,0.8291309672544958,0.4220551247048269,2.1526313436137654,1
1917,0.6540039503621872,0.037706018104346574,0.8517997443361095,1
1918,0.7493607868204477,0.09225867461038527,3.9248004484502337,1
1919,0.43770129118560963,0.9977135141468929,2.7881019385128103,1
1920,0.3408913071406144,0.346415516999325,0.019237831305671804,1
1921,0.44497552327009143,0.0,5.774472017850056,1
1922,0.16007425916322918,0.641143106701709,5.916695985697562,1
1923,0.2860720892367899,0.8559509573583178,0.33253662660087546,1
1924,0.10812688873721492,0.6292100535438129,3.077508089309675,1
1925,0.4010560191790111,0.6306175150499427,3.6108120289847463,1
1926,0.9999654437180259,0.5750991462195507,5.650178602135373,1
1927,0.34533200478574194,0.04861926115066353,2.162129380573782,1
1928,0.014719122319439186,0.1026404033652237,0.10103643075356873,1
1929,0.3506422132423472,0.15980507296201882,3.3367736576924076,1
1930,0.8569417542828235,0.6934098789698393,2.249343365297794,1
1931,0.6210507518661147,0.028496451105619474,3.999087920833964,1
1932,0.501573813454615,0.153354342014357,2.6858106130646546,1
1933,0.32197630090287466,0.001985848774224871,5.452084911592268,1
1934,0.0,0.9325318081327854,4.330568626452077,1
1935,0.9734776865099064,1.0,2.246839231443154,1
1936,0.7460907758347975,0.8879897991364785,1.5411095912743746,1
1937,0.1416587104940544,0.24862064990261065,5.787457194593598,1
1938,0.8639813920679219,0.9421315314709704,6.281039779819873,1
1939,0.19407437012351939,0.3915191924150258,4.2873085627771435,1
1940,0.3855376747064238,0.15684561909509973,5.650713704367432,1
1941,0.12241611996943685,0.8198232297858374,2.8188584129058483,1
1942,0.31099171027325395,0.999865639541101,2.6771533488635404,1
1943,0.4560312325645037,0.5855329132242592,5.382452261716104,1
1944,0.9140267761323873,0.8941743013578691,0.9701356226561137,1
1945,6.041395911214476E-4,0.9970398990535287,2.356627681283887,1
1946,0.6772920862607574,0.5062698515623324,1.5317749611014884,1
1947,0.6554120349475814,0.8413635034493879,5.829529638963681,1
1948,0.667828756086279,0.2292311458045632,4.757341166722952,1
1949,0.4558887820253564,0.27929082101048996,3.1361103092170985,1
1950,1.0,0.45694866541485385,5.718807158615078,1
1951,0.19501711705967154,0.379953575656887,2.1476258435363507,1
1952,0.48405424300131117,0.9798268811206666,3.8070236748753055,1
1953,0.2507271394353439,0.4529146451425713,2.964282849320293,1
1954,0.7181730978172708,0.5575316297878632,6.0661716074416345,1
1955,0.6727762024972179,0.002069519393329465,3.178910977558616,1
1956,0.7857148386026219,0.7520461345648329,5.728161287153106,1
1957,0.8623976699431719,0.54939107494474,3.338199610706826,1
1958,0.20808626009758538,0.2554865479894616,3.9795567271955843,1
1959,0.5005468736020361,0.8165341360750988,5.188666684742562,1
1960,0.18575514290664027,0.5641057510122975,1.6199659494962955,1
1961,0.6932128770972528,0.022169907632619393,3.1762576964140856,1
1962,0.2029871514377269,0.06630667145755423,2.6401060554243254,1
1963,0.20275286073784976,0.05967991990881059,0.43583944356845616,1
1964,0.03801820176390715,0.680004411173896,5.885047237021539,1
1965,0.25430051158193573,0.0,5.623796978964454,1
1966,0.4703015107207508,0.13210406463029276,1.0647232202304986,1
1967,0.6549381749376362,0.801291921072791,1.6286011671837772,1
1968,0.3372847796234724,0.38898514896201225,4.018780363388382,1
1969,0.9998388065464459,0.7405005685509322,0.9414592495894671,1
1970,0.40836691594464136,0.27286963481166043,2.0514237147323877,1
1971,0.18922244176443523,0.14939097075323896,4.2300831462873,1
1972,0.0,0.9953665249673523,1.5838458365831247,1
1973,0.8827495869098324,0.46562429388721294,4.353617868557679,1
1974,0.059599685384322025,0.4953164682448238,5.12394579257359,1
1975,0.0,0.19209583197236554,3.309012827388893,1
1976,0.5422652845082763,0.14405514351725757,4.455023047235981,1
1977,0.9999226609093437,0.5303277605875587,1.1824010180725324,1
1978,0.8239247286844371,0.29390259044588796,4.722352323508101,1
1979,3.4457096482830253E-4,0.2292364338735689,2.6770678156927556,1
1980,0.09393327686245766,0.273669002552404,6.274411628941827,1
1981,0.1441701780777536,1.0,2.066548778109417,1
1982,0.9408718051629777,0.7675962569519936,4.207691815027266,1
1983,0.7668522534545102,0.8041883015568342,4.005326396811222,1
1984,0.3431541408248521,0.24941633925561046,3.484958728129668,1
1985,0.0,0.41413682421030495,3.195044872403078,1
1986,0.42844199980465913,0.4880369849430593,4.038442936213469,1
1987,0.0010584182456255193,0.6216642890754251,2.5594805710334345,1
1988,0.7124194311383345,0.4791441714455803,5.870018974641991,1
1989,0.6642911205947106,0.9617630977891366,2.0772429710026277,1
1990,0.06635172500819643,0.11224438172113088,4.157168672071225,1
1991,0.9762427066157398,0.7550326900505737,2.495508635658269,1
1992,0.5095039699532654,0.5744228820211148,3.150255108216534,1
1993,0.8123719820884805,0.7711035957802016,5.435408958827382,1
1994,0.2198371279264814,0.42783577045159965,3.184235509473308,1
1995,0.4985199874302983,0.1860505134376019,4.928163996001567,1
1996,0.7317150046100704,0.798702349068028,0.7895410564581589,1
1997,0.8527256552334913,0.9708399566937967,3.6240564505024806,1
1998,0.9218390614778835,0.11832896884697779,4.272754026094213,1
1999,0.8834828770194318,0.049098193797860325,1.0264755272390542,1
2000,0.5960237215562579,0.5234215102553788,2.690862472941121,1
2001,0.026071189455291053,0.9981015155892188,6.078092343303214,1
2002,0.0088876600605498,0.2272470118282129,4.0157250362346675,1
2003,0.24942923220831764,0.4082366151959178,4.706553734651422,1
2004,0.41175058952132787,0.6123791019334944,1.0551003942588817,1
2005,0.6803893382917401,0.7818494909148296,2.503813808241884,1
2006,0.21714827333253844,0.1143888353424813,1.8571618154495184,1
2007,0.9529573441807361,0.7937267001368946,1.0105350553491068,1
2008,0.6362769945806204,0.6562502985215045,2.575019240388542,1
2009,0.45729906141360355,0.0,5.146131595029976,1
2010,0.588508036801239,0.24223934064571898,2.210593741509942,1
2011,0.0,0.8279433917283336,3.5344600302775024,1
2012,0.5896771533681455,0.6783717608668919,1.4930801694232645,1
2013,0.012626534762766282,0.505014409131984,5.881364392962805,1
2014,0.23406706191669535,0.6906632921633407,0.8470972938543454,1
2015,0.3466283999939109,0.3475026034450188,6.165040824627482,1
2016,0.0,4.5785556937989606E-4,4.4730075008815575,1
2017,0.5177291292080721,0.9283594911083942,2.7017312884561786,1
2018,0.0,0.7441119018082962,2.604158691784125,1
2019,0.32647302345387247,0.1682169457891182,0.3579435318214444,1
2020,0.7602579428913063,0.24070973111149804,3.2428767600838397,1
2021,0.3671820782529947,0.5183221306370341,5.573473862730077,1
2022,0.3332327953113214,0.4386690496123315,0.4144615547385868,1
2023,0.5304475046604396,0.6113353521082259,3.284236838295349,1
2024,0.7815092575134208,0.20459760360513116,3.798041910028376,1
2025,0.37632160495369205,0.9953069744781159,2.9222600903526024,1
2026,0.0,0.19789063408518792,3.0540832807521014,1
2027,0.012862994752632063,0.8925168102327403,3.848902000928327,1
2028,0.6655311970782593,0.10178066730682941,3.1432716848451108,1
2029,0.180976907233947,0.4443865469647869,0.7156362807901917,1
2030,0.6867891178276645,0.30862841676253683,1.3880706888409244,1
2031,0.08771640174273716,1.0,1.3302889312780883,1
2032,0.32676340150063443,0.7712080996822859,2.1685722719866223,1
2033,0.19393745483933988,0.19461934891673552,3.33736794528165,1
2034,0.9184352376240797,0.5216208441841568,5.820094852457118,1
2035,0.9733192900800756,0.955698668675095,5.546572510867557,1
2036,0.4944555824091075,0.4079523912696592,5.35304876739097,1
2037,0.9634982227475694,0.9977716382738677,6.250009164347951,1
2038,0.06358019685055837,0.9115881743458844,3.0372659138228406,1
2039,0.24998758139097652,0.0,3.680388959305568,1
2040,0.881111595445871,0.07363383501767462,2.0940261750839158,1
2041,1.0,0.33825031374264997,5.6800598163475975,1
2042,0.23164725632834432,0.6939757303597685,4.4157749613288475,1
2043,0.14204483654234107,0.5240962135931532,3.1129158700488535,1
2044,0.35909513590507586,0.6023605285017949,1.2674485537732358,1
2045,0.20764447118077317,0.21273065004759406,5.749922045054721,1
2046,0.0,0.002060733972896957,3.7014127538035404,1
2047,0.06671147499293013,0.23772749296512316,4.066126347155398,1
2048,0.017903399538489004,0.37922950288093626,4.427426035073339,1
2049,0.06886160809324189,0.8075721898477403,1.0275173778025528,1
2050,0.5217725250247391,0.7736000064930176,2.3313575633653754,1
2051,0.4596009058252515,0.7944165840391816,6.122093659735779,1
2052,0.39692512939331315,0.6559043705235926,0.2971911546743631,1
2053,0.3620615361752199,0.7475718871271514,2.0178694144589664,1
2054,0.6495575884646424,0.6143611210785158,4.54921296397822,1
2055,0.5687194746312455,0.2028244707068657,0.04845890468874241,1
2056,0.23839278574076167,0.5919352511885704,4.057868781737147,1
2057,0.08360256244015335,0.20076632401747055,2.3887067220309834,1
2058,0.785710773371864,0.7835883757509013,1.904926798857621,1
2059,0.24195359622824,0.8720279014027116,4.717937878083039,1
2060,0.9869339146831565,0.31091693281087807,5.597153054529158,1
2061,0.5689185679196243,0.9393539123033972,6.2544978958073765,1
2062,0.3736907354867319,0.6236323635924096,1.3827528998697707,1
2063,0.6585732761348767,0.957103847261595,5.061338687225624,1
2064,0.32445100114146413,0.846011900140337,4.364591663826858,1
2065,0.9240834795148302,0.5212664113767195,1.3036997862948925,1
2066,0.3508143476909592,0.25297128317723777,1.8198110881610394,1
2067,0.16843087248192312,0.25349825345720506,0.3040933371129477,1
2068,0.7402127283890388,0.9988231665830615,0.35420350780085275,1
2069,0.0751665455905389,0.18317121639334297,3.6791356100407326,1
2070,0.72066054910501,0.5365076637170849,2.5685443477135546,1
2071,0.8743300430517127,0.19909584431527294,0.8759098799475611,1
2072,0.30258418951603666,0.6229316716210582,5.078186900790734,1
2073,0.4067484109972853,0.935374776612209,6.257355086564329,1
2074,0.13404596749370393,0.9458881516426666,4.693529174270983,1
2075,0.07197802210706256,0.009675469798778246,2.6788680408423926,1
2076,0.8210147034328609,0.7600025400559276,2.9156385117753074,1
2077,0.30233536266688615,0.7752486953102967,5.904912354853894,1
2078,0.8212948430013542,0.6570392810762843,2.8037647801059973,1
2079,0.6963183541515546,0.6175913804180941,6.229028012844067,1
2080,0.40672871234513824,0.011814120483352187,3.9554837456313923,1
2081,0.7993372216085921,0.203738753365112,3.9515711149157675,1
2082,0.2155056279904885,0.8289097086559013,2.562396203737124,1
2083,0.6647046117836424,0.0,5.3919037491706705,1
2084,0.0,0.3979485655605894,2.809546783672656,1
2085,0.8803004277255897,0.7184275593127555,0.3212345760250146,1
2086,1.0,0.5596018111614993,6.049413347997496,1
2087,0.8918493259046149,0.45173567169879136,6.049159853331629,1
2088,0.1739493356321388,0.0010605041285311671,3.402180955924865,1
2089,0.9020392694358031,0.45932862697120924,1.4456880557598584,1
2090,0.9786244838773119,0.6259769498723406,4.981910928132861,1
2091,0.9555117629769013,0.8825039716989338,1.8805402741202175,1
2092,0.07674409626804987,0.5490729256162724,1.366194908234818,1
2093,0.3161894334636813,0.5024448556446021,5.8323480507953835,1
2094,0.9587801826575567,1.0,2.416403055236276,1
2095,0.572886008819931,0.4013982055333366,5.42273890922233,1
2096,0.10430924853141947,0.2882856658575029,0.4227520917623766,1
2097,0.7390651656390812,0.27319032731989756,4.778712113612145,1
2098,0.30855958216129475,0.47579331294558097,5.922503892223384,1
2099,0.11381835130248001,0.16503047567420467,2.893577060061505,1
2100,0.04751271365605387,0.06505672943484916,1.525837874321542,1
2101,0.40951133601114076,0.036660192722230055,5.486273806582756,1
2102,0.3048807122546112,0.5231558825484022,2.1473858042904577,1
2103,0.6652428213281748,0.9990289373284624,3.387635906611381,1
2104,0.9965946630930406,0.06935636553061436,2.0219096455146635,1
2105,0.8613402180084463,0.2861457333309956,5.192175146141906,1
2106,1.0,0.42039543399693124,6.281519226827843,1
2107,0.8273498384177927,0.756472168592555,4.358585243545323,1
2108,0.888454092070854,0.8973830815108653,1.0480363609970675,1
2109,0.9282380181958148,0.23291600294431591,0.7128933111743851,1
2110,0.03357597328752217,0.8329143561338757,3.43735186953504,1
2111,0.6649531637139742,0.4603146949198644,1.6638071813474997,1
2112,0.5322759232767537,0.0,5.137389718693864,1
2113,0.26435279949397,0.9999722320569439,1.9715102342758208,1
2114,0.18220252448325,0.7017213698185552,2.360109705691033,1
2115,0.6706711459399297,0.0,4.215236814009534,1
2116,0.7197830727897178,0.6407889912628535,6.214598258225805,1
2117,0.6189596345916705,0.393056670336866,1.1918440797615264,1
2118,0.061714246192065336,0.5201803953654357,4.084814907319331,1
2119,0.11929437209709436,0.828752138190207,0.7151227472878514,1
2120,0.2291895545231824,0.7077045176808587,3.260730921076029,1
2121,0.8181940530000176,0.7648309301152928,2.2442007979687357,1
2122,1.0,0.10915383352963488,6.135079189076863,1
2123,0.3203289067900362,0.0,3.4312705129229073,1
2124,0.0,0.01892861734137668,2.928020009688233,1
2125,0.7866372305376852,0.3064281758533457,5.652822313092937,1
2126,0.5659501946403672,0.05537592886268789,2.854586708066185,1
2127,0.8551109023623786,0.9288027451647843,2.2103828010553603,1
2128,0.285994603965454,0.0,5.94963821882403,1
2129,0.3430526581274455,0.9952327092006474,0.5935798382794909,1
2130,0.7848752184004352,0.9164153647147698,1.4734229250056523,1
2131,0.6523966989788976,1.0,3.1321123882515844,1
2132,0.5398560840738847,0.9079856163301311,3.762483783252601,1
2133,0.6820486658749049,0.4314637661410649,0.8959161673966508,1
2134,0.9163353360484342,0.7671139186944462,3.6601465037694343,1
2135,0.3481178016234117,0.8881969185979813,2.116289721011285,1
2136,0.9881440271780583,0.402810256231364,2.1891050636912635,1
2137,0.6331493504550483,0.10100459165022557,1.1001392695007,1
2138,0.6505516025384785,0.6463460582838648,5.7574578332525475,1
2139,0.41288540335040147,1.0,1.684529258404853,1
2140,0.9624188404006361,0.21000004031786546,6.067562661534014,1
2141,0.3524580026102051,0.1944383052189341,0.18836044324337,1
2142,0.025930123314789208,0.9991225441708236,1.78839845219556,1
2143,0.3311862483021875,0.27025151327349445,2.725464973460975,1
2144,0.32822583268961064,0.13901072775643175,5.876417980276448,1
2145,0.25953498575136574,0.9949701923317036,0.006519652505025536,1
2146,0.6681444603972083,0.0997036545397697,4.494630304393032,1
2147,0.06557363692231792,0.19300637036280968,5.830141830432246,1
2148,0.8829405360929593,0.30635220346163083,0.3706586724789316,1
2149,0.6815338876247933,0.971571955255772,2.65234677698233,1
2150,0.6554272346598524,1.0,1.5895547403570933,1
2151,0.9754645371228303,0.0,4.588638475744147,1
2152,0.3702451963445678,0.43106299578577884,3.314829378143668,1
2153,0.880234726758259,0.3597008007558349,2.6362801875769275,1
2154,0.13022230836285453,0.14748842930950515,1.9081743441775652,1
2155,0.9737211833402181,0.001335047156987152,0.7062035753625439,1
2156,0.18122669691003337,1.0,1.8980219037538602,1
2157,0.30578807250610673,0.34248408644400335,3.0095346013500777,1
2158,0.6686083326055235,0.7184704427943801,5.143577176766222,1
2159,0.7614907078395162,0.3205639873285569,2.3420483848225015,1
2160,0.16589070323444483,0.8801616596991556,0.5758789895670066,1
2161,0.7020224848907648,0.0,5.918442242943794,1
2162,0.7573739004473272,0.6477776065240926,5.683252005687093,1
2163,0.6400988009879339,0.8890696603789298,0.740165740886202,1
2164,0.7778513077021092,0.5542682692091317,4.589085626705067,1
2165,0.32716158061583567,0.7889122925366363,3.4428253175571073,1
2166,0.24283489928110663,0.5883796165581759,5.536425490648554,1
2167,0.9154890162364657,0.5078107525224025,4.6840428207735085,1
2168,0.79140594595372,0.41880211413170976,1.763912608591936,1
2169,0.8333311928803421,0.7258670560765398,3.9183402425709235,1
2170,0.19824548209423348,0.5340463460036797,2.572792194718149,1
2171,0.9390201307660946,0.26552734736797456,1.460216449260679,1
2172,0.28831352174305,0.08686270535734099,3.6780250781592083,1
2173,0.1854872994909456,0.07145240225684377,1.7395347300901727,1
2174,0.2801254539933595,0.9833200400188546,0.7017272274808913,1
2175,0.04831789225020057,0.9927705636924928,3.3482216203854005,1
2176,0.029523267993715532,0.534181530214558,4.752005105005388,1
2177,1.0,0.8403320513098799,6.156567782234587,1
2178,0.4751025003596575,0.4604769332841603,4.4269133259612445,1
2179,0.5674981939659074,0.1852177017038815,4.306822892760039,1
2180,0.2886342962465218,0.5729457472462144,2.4105422051830727,1
2181,0.8672416223142859,0.7746567102821795,0.7776681538365351,1
2182,0.014971627190377573,0.8765270380985787,4.7243979058620456,1
2183,0.17751422783109794,0.8652866867365184,2.499109534558533,1
2184,0.9188300590309953,0.6240636979576906,1.896833193779883,1
2185,0.9193897176693921,0.5458068434202933,5.128877909512566,1
2186,1.0,1.0,0.7424867707044346,1
2187,0.27922957769142326,0.8679272301543157,2.1641161209366993,1
2188,0.8087902184086055,0.4022648979716916,6.1683137555919885,1
2189,0.6243758274049093,0.5532325067988525,3.718644507592347,1
2190,0.1671157731788106,0.0,4.753305522446374,1
2191,0.7266992885429595,0.3272270847098048,0.11881545478609369,1
2192,0.19048149984552726,0.9790321100173215,0.01821072681367878,1
2193,0.637441750854114,0.6515866026476135,6.193241986003997,1
2194,0.4845524896500086,0.6269292674083746,3.6312976116552784,1
2195,0.49962745121338087,0.07696561491044306,6.1839897182602686,1
2196,0.5139400585210504,0.06886483068048328,1.5010008305753888,1
2197,0.3916243975046595,0.7628159296729913,1.6200236502007732,1
2198,0.0016464237478328735,0.8342460837982777,4.2461252778880105,1
2199,0.9091019342086064,0.5174224488369475,4.1489276212669735,1
2200,0.9892506266559499,0.9998982580968542,1.7273943859993932,1
2201,0.7997237987191509,0.6420082493470645,6.264474446354005,1
2202,0.25951197526752473,0.35931849535034993,2.90242978951012,1
2203,0.0,0.1529483674819823,2.120978116404577,1
2204,0.7766089120789045,0.6303359417313159,3.4046599787460594,1
2205,0.8921812429351609,0.7721520832242512,6.003840858876751,1
2206,0.24577966041166407,0.8415444449353565,1.5134420008581113,1
2207,0.3474331476610039,0.7516447399927132,3.209135703863977,1
2208,0.14461619612596674,0.5728918033228934,0.6419430339799127,1
2209,0.46102628556832875,0.9213688489646508,2.317149920008418,1
2210,0.7106189703528852,0.5617785923802725,0.5033736414290454,1
2211,0.5051853850463603,0.700642809798637,1.3904444431279577,1
2212,0.9962910701763599,0.0,4.082606040393944,1
2213,0.17617493596787626,0.949329341497136,6.210797511224766,1
2214,0.2757027849381323,0.1968487922865341,4.233639104020171,1
2215,0.7449016914474743,0.8688957572022828,1.0034320847026779,1
2216,0.8030199543250104,0.8771642702148984,1.8514395218897564,1
2217,0.5875095808142512,0.06763311681749636,2.972316182103397,1
2218,0.01543858399736765,0.5020876574650668,0.14842145388352793,1
2219,0.719296774299807,1.0,2.0678275035438634,1
2220,0.0,0.5712268958592003,3.352180256495624,1
2221,0.5701957789620083,0.36952565829868395,0.7229932745601071,1
2222,0.6013251055730906,0.0,4.211366090459694,1
2223,0.6484179297673612,0.7320865458397677,2.1252501760702134,1
2224,0.9153739641466108,0.9986989338682148,3.1375772939093878,1
2225,0.28938573289500014,0.6087414248648095,4.544995637241546,1
2226,0.03351528615934535,0.24533047943299024,0.07588420321520051,1
2227,0.6706639732728727,0.5710415654859565,3.127758188187711,1
2228,0.003887306483340188,0.8149004855385046,4.2886522210853855,1
2229,0.17058154987897453,0.2730443779780316,5.807436820436471,1
2230,0.4353504002599344,0.43280070020020855,0.7690034998539003,1
2231,0.4312363046215865,0.6502844467329394,1.6953376477555868,1
2232,0.1957138463975674,1.0,0.8038930545183411,1
2233,0.3976584185691783,0.739717757585011,2.3271446749037725,1
2234,0.918274335551387,0.19549529962698253,3.6377114554265986,1
2235,0.18379180876294526,0.9281875212743163,4.0522124354655515,1
2236,0.7714233961956187,0.9691959537935818,0.8995080087737569,1
2237,0.0,0.03849294699796892,3.4303273221500596,1
2238,0.6110441047170913,0.4917442610751068,2.1099232342377348,1
2239,0.14673325250564742,0.00952461839322126,0.08020936213928775,1
2240,0.6870781725663717,0.15872037866139685,2.071276014940569,1
2241,0.19412378529126567,0.34813104476520956,5.935800614977083,1
2242,0.2612355757760237,0.39122674438002697,4.438768035939269,1
2243,1.0,0.013112241740483007,6.103827521831895,1
2244,0.0018847440001403051,1.0,1.4262794708032005,1
2245,0.4528670783440252,0.6540721251329094,2.0379526386492772,1
2246,0.3583623173357123,0.1421440646600772,3.542556128050919,1
2247,0.6841536312837156,0.7169826741691725,4.013638325618568,1
2248,1.0,0.9694129386027819,0.9705567388962073,1
2249,0.21899145806930878,0.24176625920294895,5.230183323888321,1
2250,0.1413031969689462,0.7536427563614537,2.6522418793352904,1
2251,0.6302804433911425,0.16645090067587162,1.462040358421329,1
2252,0.9580562688622284,0.6483475765805988,1.5766327963472422,1
2253,0.9218990971846092,1.0,1.8269633407839012,1
2254,0.5136902451772835,0.43709560251839497,3.552238631015468,1
2255,0.06337826630503925,0.6211584248020109,1.6518680870196065,1
2256,1.0,0.2808673649897707,0.2631762267565599,1
2257,0.6187535728185977,0.7797676458910852,2.8956201242434645,1
2258,4.6453274636547195E-4,0.4212236842782708,1.6306875623964419,1
2259,0.024061625448906353,0.057571942444494366,4.258944548383408,1
2260,0.37869438275526385,0.514170773670565,1.4633547550231976,1
2261,0.05876201797399806,0.6609132044881847,3.6224834864055957,1
2262,0.3649464170326763,0.08305705583108264,0.15466054106819688,1
2263,0.0,0.5826824123123793,1.7889280923374666,1
2264,0.0,0.8788146336944211,1.9677802865482008,1
2265,0.8724939191541659,0.30258766326273573,0.28879909706205,1
2266,0.3518785967177061,0.9916786012868701,1.8417442087795541,1
2267,0.9304293791706473,0.6312145146773154,5.339985607751916,1
2268,0.6688205524561316,0.32662621673731207,1.5983068887886345,1
2269,0.05837398842725992,0.32179281285850514,3.4252312568159438,1
2270,0.27090410949088845,0.028621090865081987,4.246626103494412,1
2271,0.8426525163650013,0.07847491639127074,4.541042714529457,1
2272,0.6751588651756453,0.5975551092646451,4.956463376902382,1
2273,0.83809861381892,0.910381499347246,6.190355545273248,1
2274,0.2752778677988841,0.8168528565131448,3.9638725140388407,1
2275,0.9851001613298994,0.08830374876700721,2.469573510590286,1
2276,0.24508171360335693,0.0011986134840880325,4.009946190869172,1
2277,0.07995592006823445,0.16509940006963503,3.6189536456850564,1
2278,0.09191219282547673,0.047628135858424035,2.5763545537617603,1
2279,0.5124413621026859,0.8454532387519328,2.3126803897273467,1
2280,0.6667230772306021,0.1060879803513107,5.593502184835862,1
2281,0.11966794014552647,0.9657737339297342,1.364139864050991,1
2282,0.9262690874748708,0.5462207530150109,5.378073730907781,1
2283,0.2751293763705401,0.16424394420695482,2.1544494641126875,1
2284,0.3740721679597124,0.261615018322114,1.9953286879174952,1
2285,0.20962290783136212,0.6666027674349544,5.867260846583685,1
2286,0.4362598385470548,0.6142509608117614,4.454619736589377,1
2287,0.05354316593902794,0.5245978463051921,4.397636925898864,1
2288,0.0,0.13590708841114146,3.57865399907748,1
2289,0.5172004928783576,0.585118593269606,4.447139921974402,1
2290,0.5264615250199891,0.22349905683336022,0.2138823446839141,1
2291,1.0,0.10287934237814966,5.32276783311252,1
2292,0.8352791673937424,0.7592956031846406,1.5304633961183773,1
2293,0.0,0.3932359191132236,2.8032285586375822,1
2294,0.5146154356531305,0.8976012547520223,3.913244270939422,1
2295,0.4105730606025279,0.9955520822934432,6.190219495533303,1
2296,0.9922434158496064,0.31660667790188607,1.9878856427975473,1
2297,0.6955167865982814,0.6258263548915854,2.2674280952667325,1
2298,0.9645003700523337,0.611040205924665,2.906698471506471,1
2299,0.9641056806247766,0.08434532743511446,1.3857008665661945,1
2300,0.9916944167402189,0.6171235271548732,4.184817736942593,1
2301,0.3096650775178117,0.7442007757430547,2.2843328368558025,1
2302,5.880083838669197E-4,0.3492000841930216,3.483256016989577,1
2303,0.0,0.8081998336565633,4.114284798657724,1
2304,0.4961897930923334,0.6611392047651593,1.8432484157865106,1
2305,0.5880834687297948,0.0,5.848026820397305,1
2306,0.9960597123012593,0.6463479620395262,1.7334690081253445,1
2307,0.2233794951652238,0.977717695241341,0.003101354905788334,1
2308,0.8090850341595403,1.0,2.6544731151522534,1
2309,0.29177423558307486,0.602154501829004,0.3279150591812695,1
2310,0.20178879867049135,0.9982649545816398,1.9582351638683857,1
2311,0.794336180017845,0.14558614043358187,5.130826582624028,1
2312,0.5689348689401204,0.5707121746766333,5.598371612671945,1
2313,0.5536432040527397,0.9955245430649252,6.215191721190814,1
2314,0.01596890447931301,0.42161072030152774,4.130412552749549,1
2315,0.6487631998942963,0.6440025607114536,1.9352141736747177,1
2316,0.009110115985744545,0.3571357506905719,5.60315335122798,1
2317,0.8644728443219433,0.9439986459295113,3.3919186457727726,1
2318,0.5190791488250781,0.3562507565262476,3.740459705115732,1
2319,0.8208125216760459,0.4085772557750116,1.0459471243815357,1
2320,0.9993067473803934,0.0794100083423914,0.734709611342157,1
2321,0.2771418552040455,0.926639157338,1.0038000978735573,1
2322,0.7337803076640274,1.0,0.7773918575275577,1
2323,0.44992720163832384,0.6276355384841604,0.09844027652429223,1
2324,0.13493319103219692,0.3069482377752574,3.6870075481670583,1
2325,0.2891740700269122,0.3240111949595531,1.5524956556075866,1
2326,0.6814626603113096,0.5380233318306626,0.7633714737127796,1
2327,0.9331864808509548,0.1966075251691904,4.397835435890525,1
2328,0.006508638275369688,0.407633740825698,4.681089600720951,1
2329,0.2168133961712055,0.16565144061919215,0.5457796867849566,1
2330,0.06654790409255465,0.6622038741389515,2.0718884255635603,1
2331,0.6513778125524924,0.39528722164448155,1.1933283182222687,1
2332,1.0,0.8429873773773796,0.033022995145913975,1
2333,0.016362895672393112,1.0,1.0187931699915462,1
2334,0.7778224481552487,0.06842035303721543,3.3186444157746964,1
2335,0.6426820998811114,0.04820654529630422,4.198283154575837,1
2336,0.9435098042022866,0.0,5.085952509108522,1
2337,0.39633668180066595,1.0,2.671992590991024,1
2338,0.058389703145450195,0.5100841334917448,0.491745828374686,1
2339,0.3825146147885978,0.7882420540797944,2.494779484923921,1
2340,0.14857697426605715,0.09187813094295777,0.06428996890656248,1
2341,0.6718614885728015,0.10556553958313292,2.5164015902602963,1
2342,0.15774024512985202,0.029305551302864895,2.910967552174424,1
2343,0.9839174877601735,0.721668728208284,1.61122730760124,1
2344,0.91670874588579,0.4698025099305028,0.12834941002404865,1
2345,0.09488322787209061,0.9988181939803417,2.974257442421977,1
2346,0.0,0.0,3.9857313495094604,1
2347,0.17749439589850335,0.31266441277282114,1.628909948587116,1
2348,0.9135687204355157,0.9920050428202698,2.6617241483902694,1
2349,0.4526359571993645,0.22865582587622443,1.0147523442859419,1
2350,0.35937286173671096,0.0434659310063207,0.16243590865733235,1
2351,0.8686345162533501,0.11705194198900283,5.312246494859059,1
2352,0.8680777339029435,0.20830953399477917,5.105873151130276,1
2353,0.8058447150269856,0.017170131235765565,6.0779410530605125,1
2354,0.6119625176414365,0.0709641942412392,2.1107169922511915,1
2355,0.07791359295988042,0.3218492222787674,3.790086490199821,1
2356,0.9740313334266051,0.6016911570945748,3.1931317012061156,1
2357,0.42266250561356683,0.16983016834958503,0.07989888100805828,1
2358,0.6180763054625663,0.39685792056384445,3.4787012831036805,1
2359,0.20737163715640186,0.6354335325836173,2.574820723712333,1
2360,0.5566012950583454,0.9454489800713882,6.165915423104339,1
2361,0.048460000702073125,0.18837825050316764,3.3454824100895193,1
2362,0.5903237700793412,0.0,4.84648765114549,1
2363,0.24936396559724622,0.6829993629716329,3.9468493024273057,1
2364,0.478336580933287,0.9484059076826106,1.5244183464942205,1
2365,0.9206523929291177,0.9103023238757337,0.7253567131369365,1
2366,0.41480160035496033,1.0,1.569672622919827,1
2367,0.5196960064469253,1.0,1.462758345703687,1
2368,0.9416478709608092,0.7986829100675001,2.2377386850474075,1
2369,0.7070789156380493,0.11604824830999749,0.13501649342179312,1
2370,0.9868006486691121,0.4881896321681701,1.512575531881215,1
2371,0.8050491674020805,0.06644416229844541,3.037239266326919,1
2372,0.37796060229862916,0.34547962666086046,1.2225728505291575,1
2373,8.217456631508619E-4,0.0011038947607117284,3.714668748670005,1
2374,0.28727224755337094,0.23132541056399697,1.0969509973585876,1
2375,0.9144913258125708,0.46393669883769356,2.232830579672273,1
2376,0.8190731054084355,0.7064508759334518,0.02034395910080722,1
2377,0.16864245845736284,0.8887495722711577,1.1773092843590192,1
2378,0.031356568088469525,1.0,1.0997284021696758,1
2379,0.8701082736175111,0.1527308637127117,0.6164976316546598,1
2380,0.6765948932009317,0.8943469413138002,5.511005199010174,1
2381,0.12136194868222562,0.19068338624964973,3.730953874717827,1
2382,0.9656589860380657,0.11459627771682693,0.21208505299618838,1
2383,0.6625353810351741,0.09543168272194509,1.0227989738151189,1
2384,0.2665318783582652,0.8074233620442655,3.4978408498044673,1
2385,0.15885819743491641,0.0,3.570946595637027,1
2386,0.5058087329360716,0.23958379998408721,1.520847621463825,1
2387,0.42851787297495036,0.12917474230189932,1.9056141144694814,1
2388,0.7556623703680686,0.0,5.7163653084264325,1
2389,0.6354667007248291,0.9864297351611171,3.919718128278128,1
2390,0.5335480257371269,0.2695612573419413,0.7176135709290297,1
2391,0.6828953682026253,0.36994890305550326,0.6984290404245016,1
2392,0.3933884326409946,0.9730933181523177,5.944506888186107,1
2393,0.001436747307002554,0.16303635991096688,1.502267390164104,1
2394,0.6542724837059763,0.009816744430117999,0.4537860093090763,1
2395,0.7788894988146893,0.5327713663945454,5.9016413275289175,1
2396,0.17197531402198019,0.1330584086136575,0.0584118511564189,1
2397,0.0,0.5983141309239423,4.055619168689382,1
2398,0.9989731213344166,0.623818672206626,4.679756200659506,1
2399,0.2795672173524538,0.7454063577632722,1.5602502498513444,1
2400,0.5736677451087693,0.5485780690179667,3.5605248988591374,1
2401,0.060780151115129466,0.4571941949791094,5.736218747098822,1
2402,0.7785836886170322,0.6199728139966388,0.9289689812128505,1
2403,0.9728199995437294,0.854188676609625,5.81151677578447,1
2404,0.5010202680458388,4.6565146442495875E-4,4.073585417845469,1
2405,1.0,0.7590356607765026,5.683148778568429,1
2406,0.3447452163477056,0.8695193311261643,6.197496727458968,1
2407,0.5621459781387919,0.5481037032986046,0.1472096646558091,1
2408,0.0,0.1236983985270812,3.410756558475805,1
2409,0.35226794657186206,0.0,3.16825627127543,1
2410,0.49335999799491764,0.7997817518072025,1.3741118516521034,1
2411,0.9297375264521103,0.9830220121142377,1.5339317387624098,1
2412,0.1118461866090184,0.18025712410240205,2.326575193473527,1
2413,0.4737228864362578,0.39094614720745857,2.789073643002912,1
2414,0.8310795974721024,0.9117585617311111,4.898251515869741,1
2415,0.9961706180931353,0.6446730552052321,6.243420557331372,1
2416,0.3511888316310395,0.6384076768292757,1.1643288319043268,1
2417,0.023619442490481153,0.6546564534079012,5.5294301520203915,1
2418,0.90295588742935,0.9048726537936708,2.9539059049623155,1
2419,0.31641462195258935,0.20463314939275856,1.8391934186789927,1
2420,0.3090072087686926,0.7648385677303152,6.114853039530858,1
2421,0.6531199582270156,0.8548467487397841,4.4169532951258486,1
2422,0.24042517432414898,0.6061517923796517,1.0098498767837298,1
2423,0.0,0.020395266952501743,2.8879651653799763,1
2424,0.9982373401765521,0.11902487670228563,0.3869526345901748,1
2425,0.4932488619956677,0.36986238497639495,3.723484386564937,1
2426,0.5191970145718664,0.7061095244595815,1.4656886265230826,1
2427,0.7665311180770811,0.6143218483788061,2.60252335340593,1
2428,0.0,0.6045860590778502,3.4156041887793984,1
2429,0.6625726446674023,0.24022750674035184,6.182133108160496,1
2430,1.0,0.4953388339707205,5.7441314905026175,1
2431,0.20385679757428754,0.04360664807822542,2.6010252983340685,1
2432,0.5546176403833741,0.11370249283957826,1.1906708821187904,1
2433,0.10880636927118921,0.14818339679591347,2.168842951493424,1
2434,0.2631698855744045,0.0,5.012743101046317,1
2435,0.0,0.4076925276294468,2.90391195377987,1
2436,0.5913911183346906,0.1851400251411781,2.6962906036824843,1
2437,1.0,0.02004066723719629,0.17757052634497544,1
2438,0.693734245383953,0.5174572904764385,4.032536901753194,1
2439,0.3464753765179006,0.22143465425247377,1.0433510973644327,1
2440,0.9310813045076992,0.7010238895308765,4.165516342263349,1
2441,0.4279494443191737,1.1997722235094588E-4,4.813076708865496,1
2442,0.808096737243161,0.3230827513751751,5.612187588543476,1
2443,0.8882798060553144,0.5152721258218793,0.7696645675305546,1
2444,0.6665818861701543,0.8137276597110634,3.7329546111427,1
2445,0.3213151602637737,0.2928016897694432,5.837961438550383,1
2446,0.20633776049329475,0.2672100486812101,3.6492584822166605,1
2447,0.5610265183717018,0.7332045350467652,1.2172478504064375,1
2448,1.0,0.8581758400948681,1.1945382451301263,1
2449,0.7228281789145812,0.008499455899937539,0.16118069326449705,1
2450,0.20987599791007622,0.37164595725381533,5.794541183349798,1
2451,0.2997192881729114,0.5469265720031792,3.3560448654495576,1
2452,0.594470620594348,0.8984437629812246,5.115277526263353,1
2453,0.14047906397041982,0.3071728579971158,4.878464281568706,1
2454,0.5637099135111013,0.26834756061867765,6.130508457058763,1
2455,0.2581171645988408,0.057072121364471,3.2267110336180527,1
2456,0.10706415018500354,0.6333543470206922,3.6282689732714632,1
2457,0.754028371198878,0.6825833546349378,4.642061245870964,1
2458,0.40267723704195796,0.7516268908374804,6.10449102174739,1
2459,0.8111148398973956,0.5344454641615366,4.27778550281071,1
2460,0.29794836570456146,0.10847242836599368,0.2369969938604001,1
2461,0.29548575547322264,0.5809481716537211,2.9911288702783425,1
2462,0.5797363101634263,0.2949949054350013,3.3630235375397746,1
2463,0.9411941125504962,0.4603440773655755,4.074233800271369,1
2464,0.7171532581552084,0.0,3.869799071140778,1
2465,0.025361383595265904,0.5371541596700761,0.7930153194962795,1
2466,0.49800973454533526,0.544304561626359,3.3542524951129207,1
2467,0.7112791733259485,0.43186855259380647,4.308131421980543,1
2468,0.635944710562407,0.7749247135627001,1.8540178500619975,1
2469,0.5362301287876574,0.6218955369021625,5.035655460341314,1
2470,0.8529789050212304,0.40861143399842825,1.7738639505013396,1
2471,0.23486679087372553,7.760031015819938E-4,5.787752180146291,1
2472,0.6396364510422471,0.6044436716727425,5.784502274507297,1
2473,0.9993374063945463,0.7215816443780072,6.243802114861927,1
2474,0.39281878924667213,0.7144740438463358,4.22308605061926,1
2475,0.4858872405517392,0.8089015764558829,2.156333855306937,1
2476,0.750896856533874,0.9829068497909523,6.2256311132835345,1
2477,0.0883099212392292,1.0,0.857951391669164,1
2478,0.41090747166758873,0.46984883212279877,4.200117543237201,1
2479,0.14058509016696868,0.5646244859004265,2.704435149155312,1
2480,0.8024398382967963,1.1478478935267376E-4,4.2846916164932685,1
2481,0.6519988962375682,0.5969002097301982,2.62127211529682,1
2482,0.665098231772832,0.5132184955926451,6.017427114782804,1
2483,0.0,0.4132100852680329,2.1035525483979853,1
2484,0.3642027759611252,0.07796969461305704,3.775542203035843,1
2485,0.4028338520420828,0.6242814843249566,2.634651624812654,1
2486,0.4053824790602088,0.9937824303509212,3.697627410926486,1
2487,0.8464325608864297,0.392581248807905,3.0282793862650017,1
2488,0.14595469778376105,0.43414165206085564,2.708218598158184,1
2489,0.4359931810117479,0.44863506966593936,1.7513488411685676,1
2490,0.6296166918142643,1.0,0.9049585406512909,1
2491,0.9048436425847083,0.6261811805856178,5.078867884487598,1
2492,0.9560394708508608,8.01637022060608E-4,3.756518477242821,1
2493,0.9967375603655317,0.2012954213236187,1.529759510671509,1
2494,0.5192105568217431,0.13844440350901205,1.1292759030457191,1
2495,0.08067488668351944,0.0,5.133705445487346,1
2496,0.987036873696165,0.7100831151045726,4.5144961268366055,1
2497,0.0686161282400773,0.051602992115991474,0.260200494994093,1
2498,0.5555755286344379,0.6128562621877786,1.7294444619974183,1
2499,0.16670302736705567,0.5990425510012158,1.797649242327613,1
2500,0.45909903956218456,0.3148261858589328,4.871964419487486,1
2501,0.7268000439703565,0.2729013071257818,4.722199039148706,1
2502,0.14365850616690914,0.6293063831590372,4.586138069330056,1
2503,0.08351152779686111,0.013532775690650638,2.976690757485069,1
2504,0.8991961289782373,0.1163202653184039,5.540039960519611,1
2505,0.7139634943734239,0.4388414666478653,4.2930701599335,1
2506,0.6506383728677586,0.7447687265035772,3.9689891155254915,1
2507,0.99631112681786,0.7013792811554245,4.191214907013438,1
2508,0.5710422226331717,0.4732605137263755,5.70064183899667,1
2509,0.5439837276254307,0.4807188617474846,0.6119049745754502,1
2510,0.8700341046348952,4.988547997539036E-4,3.266965656159622,1
2511,0.27782042351066116,0.632845391865731,2.815420811695296,1
2512,0.38283795322947645,0.05482259549525075,5.180453910050399,1
2513,0.8100724499395471,0.9797327994894942,5.143808970936997,1
2514,0.8938236201813543,0.070837733378915,1.6270540907447752,1
2515,0.7216547996512384,0.9881212197062873,3.6628546308526135,1
2516,0.004788422768028039,0.3042640251560149,4.995072171563328,1
2517,0.9799652959376409,0.39409479728102126,6.09215320874713,1
2518,0.8563820321092982,0.7437155062901653,3.6229125880019444,1
2519,0.3690139079703359,0.09053849884187451,3.504748379511193,1
2520,1.0,0.5223617097239838,0.40801249024849945,1
2521,0.25836127403612336,0.4940616634205292,2.9408001212108137,1
2522,0.09564673342612395,0.6896500310700733,3.328683976265136,1
2523,0.0015445821262556705,0.9297443796263014,5.047042234197491,1
2524,0.21759513942410239,0.31802331518365484,4.617029766680821,1
2525,0.7659448382808083,0.6121213682780221,2.4837113178671797,1
2526,0.9805268482554219,1.0,1.5468113563928114,1
2527,1.0,0.737758931552712,0.428246273182756,1
2528,0.8402429947374198,0.6840470722281753,1.215522228757901,1
2529,0.95977431402486,1.0,2.6980045797121,1
2530,0.7592596559250876,0.17597644819357422,5.486364342425366,1
2531,0.12555355595024678,0.27697046786615626,2.043367142776742,1
2532,0.0,0.01500152401103157,2.0617206232968712,1
2533,0.49934631589974626,0.00841396596279288,2.1801855176273244,1
2534,5.054869491782141E-4,0.6778151929464181,3.74652211985536,1
2535,0.2659889964441393,0.07714186630585738,6.077449044503643,1
2536,0.0035021773708597327,0.03153898024606587,4.742625907677571,1
2537,0.22973010342026995,0.7912321730566946,6.098466517218251,1
2538,1.0,0.176053071602116,0.6166648710545712,1
2539,0.5527731389405681,0.3726886843227609,3.9609460319337138,1
2540,0.17940020124187775,1.0,0.49498740383610373,1
2541,0.6908714155871408,1.0,2.025486936551736,1
2542,0.29589118369778156,0.8541403084889234,5.8685701781945125,1
2543,0.2694324014548238,0.115113647959289,2.4231140224902656,1
2544,0.813426821872208,0.1114688670654719,4.887161049670823,1
2545,0.41636810122358786,0.3656328110013257,0.4654450441212829,1
2546,0.6102042585012795,0.30504810973591123,4.2125049435192565,1
2547,0.8278718562758259,0.9574083231482439,0.6143265388885532,1
2548,0.9522388951030736,0.7173680282457093,4.131766277777241,1
2549,0.6393856769091162,0.32236237029303644,0.6363212292706681,1
2550,0.5982506007571174,0.3185103966686884,1.9351168083945853,1
2551,0.6953539452904137,4.08010537921975E-4,3.7939284365464676,1
2552,0.23121836895889322,0.9988893758466693,1.7109882525268951,1
2553,0.49682711640352767,0.9991403751940643,2.0483882420683366,1
2554,0.7469295908475801,0.7602574200213923,4.9753033715756105,1
2555,0.6633010331780094,1.0,2.159283168085906,1
2556,0.3230911830096281,0.6539283206485635,4.922742662337776,1
2557,0.9970418473141208,0.1471459791909137,4.428183163368784,1
2558,0.20703025906599656,0.9168953630401541,3.191267693996471,1
2559,0.6751695137143626,0.12063732545832843,5.614057464041534,1
2560,0.43156202645896174,0.4195687879241915,3.392159576545792,1
2561,0.9995220990323024,0.20266892852226037,1.4334540243819065,1
2562,0.781080828800167,0.6993713434655051,4.874814585529803,1
2563,0.7839484542007361,0.6352835794197372,3.711157975571967,1
2564,0.9023222489511725,0.0013842532745260267,3.9013390772841587,1
2565,0.9249698631278801,0.06643253518781742,0.1655919964955476,1
2566,0.7392524371011842,0.12665906849561973,1.411269343163832,1
2567,0.1441385453288751,0.9969406661508299,3.41986013540175,1
2568,0.723948397541389,0.6811836952401812,5.847634972152012,1
2569,0.6318294420240721,0.980468485093365,0.007734086014040669,1
2570,0.8259986511018425,0.33067556879482524,1.8250646361672602,1
2571,0.09881195142860867,0.06099388325569158,0.8335612772215459,1
2572,0.9004039603097967,0.7396010886976546,5.923498526185165,1
2573,0.2752781921911198,0.3145256329414258,4.620088165904335,1
2574,0.5279434268613232,0.9991753669019946,2.256832426844494,1
2575,0.37878548385627797,0.6155922555103913,0.883661326731721,1
2576,0.8611524211053375,0.10351324706668354,4.6182762563665065,1
2577,0.9671699146931152,0.5893373825966586,3.9479061765300374,1
2578,0.7974643198814632,0.9057643306033315,3.3100617965340393,1
2579,0.5242920064705997,0.03126376866862654,1.1551308678412011,1
2580,0.804033619254248,0.323491238026394,1.997173433288379,1
2581,0.39356666462711765,0.11653140406272021,0.5023930967832688,1
2582,0.8873635927241211,0.8682653515575488,4.265054047460914,1
2583,0.10732851056485668,1.0,0.6729937312876316,1
2584,0.006669074071265561,1.0,3.1022563774643723,1
2585,0.29875834482366964,0.05060115597761468,0.7426387015144292,1
2586,0.04971068578792739,0.4130478267236979,4.519871294045966,1
2587,0.016199713941504476,0.36871948571237434,2.4240727293983264,1
2588,0.3743255322779398,1.0,0.9887083507915577,1
2589,0.0,0.7797206943526493,2.5276798407139047,1
2590,0.21448001614680565,0.2855029991385021,1.5814738769973908,1
2591,1.0,0.19984333086402625,1.1012826559282483,1
2592,0.7906838545579062,0.04645925838165244,1.5101224168795853,1
2593,0.995216031857134,0.30246495695218073,3.6030892032348207,1
2594,0.09470031701030265,0.1939546751079649,1.4483448857513772,1
2595,0.8467873730959443,0.015721800395237472,4.248447898885628,1
2596,0.23356367425341965,0.8613132755030982,0.25372725761638826,1
2597,0.3622382324743853,0.09340981972897934,4.492273107397873,1
2598,0.5085401051546501,0.0,5.05229901794584,1
2599,0.6097836616654254,1.0,2.197818742648068,1
2600,0.9688639882232201,0.38734882607430915,4.06157001172755,1
2601,0.40095030488814665,0.12116438715004749,2.934082911374537,1
2602,0.4927652895872663,0.9963449178653822,0.006566689802778747,1
2603,0.9685725768928007,0.31154087196399954,4.01657913188775,1
2604,0.9989145505550201,0.18799568916774032,0.16742597091870018,1
2605,0.8281161632485272,0.6178499112212295,2.1770896591723483,1
2606,0.06434339236889787,0.9440322863007806,0.062370461731685645,1
2607,0.0,0.4600456532631017,4.033452789901571,1
2608,0.6932303792924234,0.5621594460566878,0.9611827793211536,1
2609,0.7797452385336748,0.7770853567772309,3.2671935537937307,1
2610,0.12646768293517865,0.6896007738504155,4.152306058738531,1
2611,0.34079101475612256,0.07274282340127071,4.818962435767938,1
2612,0.6066732197359024,0.2549819501640965,5.732533222018704,1
2613,0.414732455432619,0.2767455465829713,1.4171572697685977,1
2614,0.7179023788357692,0.8870353175509735,3.574582868418685,1
2615,0.0014921505183259785,0.21849711582400225,2.3472777016030064,1
2616,0.4874393571219494,2.0055988807937523E-4,5.4884245011732276,1
2617,0.5320727225373758,0.8186164610691211,5.134130918918857,1
2618,0.5939582645053391,7.397276220881104E-4,4.426649816067557,1
2619,0.0,0.0,4.442028891554379,1
2620,0.7732815908156936,0.5302174167457637,4.910574703377775,1
2621,0.027340951323318322,0.9072639067645393,3.3450883313938373,1
2622,0.7017942873077545,0.25462526477772,1.9743629062166543,1
2623,0.9430693599008411,0.7914633617889338,6.232634278129621,1
2624,0.6021597108437967,0.10186071750793313,5.274581885352421,1
2625,0.7917245987152289,0.5691501992085067,1.4206747726456737,1
2626,0.8433641142631498,0.9225907627534752,0.9579645030831585,1
2627,0.5803850448355042,0.9948924809197566,2.3678353086852892,1
2628,0.9562298406329255,0.8373918334766971,1.6166990603940448,1
2629,0.052113403390621316,0.7322029595620829,3.292131792233428,1
2630,0.7650590740329067,0.1652081042468324,4.091941996961752,1
2631,0.7386953560670404,0.9999765186023818,1.9211737524227008,1
2632,0.34393487430990244,0.3069331294158441,0.8498018093247252,1
2633,0.9510802637172152,0.999827537523643,1.8221043866162834,1
2634,0.9766341230338762,0.7148018666330965,3.8881416880003448,1
2635,0.006203615754666081,0.0,5.044838767292854,1
2636,0.6870053699847983,0.7534099950100213,3.7090670926774596,1
2637,0.6517431956549005,0.2176971590323733,0.10719811010088959,1
2638,0.4200096975414308,0.0,5.117566747608667,1
2639,0.4687535265232474,0.998837878566883,1.5550133933214192,1
2640,0.802632325157325,0.14791905457051185,3.2137743769182308,1
2641,0.6982723814931533,0.3151607293054672,1.1112740584819294,1
2642,0.4594020825750506,0.5103175887835,1.5447060879970815,1
2643,0.5213376289184515,0.4478790910223943,4.324563643432056,1
2644,0.3227827960546443,0.41468517763378054,4.138075938705415,1
2645,1.0,0.05008848745271645,0.355488940549573,1
2646,0.0017160784360638964,0.7001458054152069,3.964469877991361,1
2647,0.9749375925302338,0.4613000982831301,2.1923413882047185,1
2648,0.7732726302315578,0.05030794853390024,4.570013991611736,1
2649,0.24742251879175023,0.8635208286758855,4.9279240244374165,1
2650,0.40187501243038853,0.6061730294447762,1.7580766056971802,1
2651,0.5525584246033116,1.0,2.503754342370359,1
2652,0.0316568556396765,0.3000728515200384,4.353305504851779,1
2653,0.0019815578530082718,0.045773748673535654,4.630700908715407,1
2654,0.0021616090017424865,0.6578895186025966,4.370332754354989,1
2655,0.6981671682524245,0.9985232424812015,5.819183292477753,1
2656,0.8417098691681674,0.45699487198768435,5.410002338564378,1
2657,0.1407068345148138,0.06994884613712168,0.7790186609891885,1
2658,0.7046435512603502,0.11932508506488018,0.163788320500226,1
2659,0.7025939895731983,0.3261810499273814,0.09793932141383532,1
2660,0.24708502290230341,0.07005559209444298,0.5376648252414256,1
2661,0.029765653687278196,0.047068491482558955,5.703444815887939,1
2662,0.022480672094827896,0.6912022616242935,6.158350220035664,1
2663,0.6236354679935104,1.0,2.2982492467864626,1
2664,0.3385262223419745,0.5646052073969783,0.6180434737877796,1
2665,0.21328591320919282,0.12005717140537252,0.7153559331545065,1
2666,0.7246683959790322,0.8286840754699802,5.1304878182840135,1
2667,0.9374820685612276,0.18808344890099085,4.822085278064733,1
2668,0.8713692948423125,0.7202188776087977,5.154506119971692,1
2669,0.07795353084485344,0.26118458505085196,4.124339324778634,1
2670,0.08390608723075686,0.06183354196392983,1.3016034416683246,1
2671,1.0,0.1664507764286556,0.8298979878148933,1
2672,0.5039317079465864,0.22578685246048644,2.3053280889138614,1
2673,0.99905260992928,0.47414006301218364,5.505292113927999,1
2674,0.8621133850221967,0.30841562063285155,1.6041385499361613,1
2675,0.9816996150766949,0.675431559096458,3.937561585514566,1
2676,0.29651291754868464,0.45681976126641255,4.554928433617573,1
2677,0.24059474175895165,0.3749913391919386,5.972049976978947,1
2678,0.653072936091419,0.7107035971130262,1.972969163371499,1
2679,0.045276028768149026,0.4262443224611692,5.27725850428231,1
2680,0.642146237340649,0.11243291377528172,3.0550697737082873,1
2681,0.12341521809925075,0.17797461091684955,3.2054858876565744,1
2682,0.9921519516363205,0.22646282783048657,4.878050865358702,1
2683,0.10576741711247215,0.9989742375924894,2.437864682649838,1
2684,1.0,0.5644701739207119,5.701139333327753,1
2685,0.06628356556795424,0.07963206705889958,0.09431814911770231,1
2686,1.0,0.4845524387818527,0.5136212925691408,1
2687,0.2133617974427214,0.17106965084787804,2.9529434714361233,1
2688,0.7507539447763569,0.4368627454160709,3.092360730021411,1
2689,0.3806611161705979,0.8383162877754692,0.96791864049629,1
2690,0.4759200637896508,0.562981739692864,1.7915320627171059,1
2691,0.24653241775434206,0.03338598025380141,5.142841042839681,1
2692,0.07527289876104823,0.2849215213016049,1.5806104543909993,1
2693,0.05531464584439635,0.18131678757326422,3.909262028641089,1
2694,0.3298862468338991,0.5752596616537055,0.6100251025377216,1
2695,0.004607812947544904,0.7537077816836572,0.8491560924533181,1
2696,0.38000086844541664,0.1679906124543011,2.339842186502006,1
2697,0.6208944564069011,0.3906235675322909,2.3800168458741746,1
2698,0.5682150880886256,3.73521966116597E-4,4.79380684193478,1
2699,0.44522609038260663,0.38567572323984417,5.34935301879901,1
2700,0.28281091670175595,0.6542141265299951,5.380766257937783,1
2701,0.1266678660492963,0.9334174996179769,4.843581536802994,1
2702,0.2762870544008895,0.19234585691567724,5.575649666558845,1
2703,0.8457395415494003,1.0,0.32331553606755153,1
2704,0.8099876150901744,0.119176923523452,4.666098440074269,1
2705,0.5904760200259583,1.0,1.2733579387775387,1
2706,0.40819741264651765,0.8055948365897194,1.5041795302370826,1
2707,0.7131119799991712,0.7310616392304461,2.890031349994931,1
2708,0.5981244470071012,1.0,1.7965944123231465,1
2709,0.5355264362282481,0.31883368921087657,0.48168896933599875,1
2710,0.0,0.65413053865497,4.04296594035371,1
2711,1.0,0.7805607485971909,0.8459205403734492,1
2712,0.3398664825422433,0.0,4.485938223270966,1
2713,0.8572591912593671,0.8344000191530123,1.3568910544576196,1
2714,0.7931458930146105,0.668239126570181,3.513291765757699,1
2715,0.5565256144839482,0.15983532702067432,4.904958018072641,1
2716,0.8576241392527023,0.017667961590416656,0.23208293376574918,1
2717,0.9643413316277943,0.48466222567457967,0.6141827162164835,1
2718,0.4105809539109019,0.9793097078537906,0.10696219892234302,1
2719,0.0,0.9855193283394076,3.4014907944859316,1
2720,0.13536040504203095,0.7844070471521666,4.936191294444356,1
2721,0.5003838087423752,0.9876274276344006,0.9300928412509223,1
2722,0.614810308468478,0.3439658360887668,6.034748285242165,1
2723,0.5780182994965395,2.480048562062486E-4,3.5399207705646742,1
2724,0.12728471242353995,0.7510203964907421,0.3103794168237784,1
2725,4.1615335735222013E-4,3.34222441964754E-4,3.496179534959817,1
2726,0.852074306330195,0.3346050757208321,2.6618060534593115,1
2727,0.6708633717511951,0.8801757054916521,2.5175115181707035,1
2728,0.9058709396117892,0.4893073689365015,5.070809401342852,1
2729,0.12905172151113606,0.5270205806576482,4.512613166962563,1
2730,0.0709930497651415,0.5349472156722426,2.4667667474786947,1
2731,0.9638642731930114,0.2798202363527666,1.1944880692398443,1
2732,0.47546223804048976,0.9235013392589205,0.9075096220989933,1
2733,0.9793371751220942,0.7034067857782617,4.748485337040747,1
2734,0.6675400596028881,0.9999870705594242,2.3675422296507294,1
2735,0.9620498610042018,0.4999009656156078,4.217674263339417,1
2736,0.9025476055845323,0.6039334626927889,6.214363990604223,1
2737,0.9998470096729715,0.4763990916032248,0.06950402351002573,1
2738,0.17241025080030709,0.6772474947084988,1.7023200349789238,1
2739,0.8452031896308709,1.4122649025663153E-4,3.1284263160242283,1
2740,0.5906775334122765,0.41396185431567634,2.042530647246299E-4,1
2741,0.7157864852527654,0.8097842955724325,4.782531293850585,1
2742,0.5338054164560572,0.43425627993097726,5.221818372793245,1
2743,0.07456176230574689,0.0,4.083046711610689,1
2744,0.7903112123240824,8.905592981250773E-4,3.6736606076675784,1
2745,0.21638904639994996,1.0,1.7094152657113604,1
2746,0.9997069886928767,0.0017975319790710141,0.1390240213249987,1
2747,0.9152484036215888,0.0,5.189052759132077,1
2748,0.7771918560085741,0.6767827127096547,2.280752366888391,1
2749,0.42794212817655813,0.6468880865525807,3.467403529337887,1
2750,0.461397438021977,0.20344971883403623,3.040355331829974,1
2751,0.9994869012085464,0.8047894023375927,0.8762323430955222,1
2752,2.3720457983153362E-4,0.5391008788492382,4.404261850377459,1
2753,0.21400823104691788,0.2147317496292687,1.0505381594646006,1
2754,0.996626887529189,0.3126449863331771,1.7641656150898983,1
2755,0.7581673073238123,0.7926736681784499,2.3337363471802206,1
2756,0.9820158317071755,0.8488871932907661,2.848274557138848,1
2757,0.5755095495391807,0.039288165115421714,1.5341233877098785,1
2758,0.09516739426516758,0.8799449397157613,5.133001531455067,1
2759,0.6310219257250316,0.6990906379093352,1.8234549596768979,1
2760,0.5041343693036489,0.9997242071807058,3.194710441546449,1
2761,0.7489946048561469,0.17234112310921063,5.60319569653095,1
2762,0.6987049812308881,0.9442262108816797,5.488575235757689,1
2763,0.5718866055817982,0.004753017564038317,2.2880317599907256,1
2764,0.8449262157045282,0.005253185860326064,3.3326211433528794,1
2765,0.4643882452122184,0.08946204363315699,3.5681093820600607,1
2766,0.5091477449048494,0.7149719346230569,5.884024510025976,1
2767,0.19251119540206177,0.6517302397975765,0.12114226086138621,1
2768,0.47804949520240786,0.37687934172454457,4.428726616770459,1
2769,0.9150057344717291,0.10162175500811539,0.3642689839663774,1
2770,0.044052764870943326,0.2113112818190979,4.190028112345069,1
2771,0.16171339435498203,3.6873302298347536E-4,0.4790274143377103,1
2772,0.9948288550814176,0.5233048452051344,4.7490881572217925,1
2773,0.442983784796813,0.42799584940776003,2.466785005407078,1
2774,0.5268610039769239,0.9997296662711145,1.4967478116076567,1
2775,0.7310731962038044,0.0,4.052531941585739,1
2776,0.4843267039795269,0.7256982707254458,2.746494159476537,1
2777,0.22002750057407935,0.20439669933578955,0.476081901478973,1
2778,0.8859542496402795,0.6457385232133227,0.13309660659504532,1
2779,0.47344219871086124,0.47314402900369523,2.7815290654598845,1
2780,0.9500250715991082,0.0012912530802957126,0.5509789160905486,1
2781,0.005902250491765456,0.0,4.907476496970755,1
2782,0.18633841847432836,0.6645227281898,0.9664014701868169,1
2783,0.6604406546202748,0.3658762261561008,2.480784128475558,1
2784,0.8966809835332344,0.05477187195404541,5.611896992922588,1
2785,0.0,0.41837856115911476,2.883863506119068,1
2786,0.4769982816751891,0.4829361788625397,0.44719169423262,1
2787,0.25796471493356155,0.8997959018693439,2.273240891799615,1
2788,0.07254582396233092,0.7527219834680775,3.0089056841959243,1
2789,1.0,0.36632261228163576,5.6647854175773755,1
2790,0.7810366160033133,0.08248188060795708,1.5087875685953043,1
2791,0.8727054132020482,0.12619613399698898,6.243187141081683,1
2792,0.15323595729190972,0.06900768586569483,2.0154510056190076,1
2793,0.9467441099831411,0.843304535591951,1.8290605479657143,1
2794,0.9443075443554504,0.6989601804929959,5.921631366281672,1
2795,0.18796950542238353,0.48105382791266266,1.0091739091058847,1
2796,0.39100621749147707,0.6088789997301641,1.2810859345035486,1
2797,0.29986440019339705,0.9432900741714345,4.037707007824086,1
2798,0.8380173194718711,0.16127114557950642,5.823478008896289,1
2799,0.3175856875332885,0.5655251870994512,0.07446946710991487,1
2800,0.32427332194729525,0.9484487645674385,5.218216930398702,1
2801,0.369227918583166,0.9985455815789019,6.167588995991072,1
2802,0.011056463830878176,0.09082756909335113,1.7038971760231543,1
2803,0.2486435700578299,0.6720393290151732,4.325178184571435,1
2804,1.0,0.32997922331310203,5.685602791858967,1
2805,0.6210017851583297,0.0,4.772811715948705,1
2806,0.9983449654521024,0.48817578371565723,5.024230856240348,1
2807,0.5247867370343746,0.31980216715239984,4.827274361396796,1
2808,0.5455885941644597,0.754578554190815,5.790067560036333,1
2809,0.5873938262840837,0.23680488017965018,5.651491102857634,1
2810,0.22428661260715788,0.7171082804293237,1.031364133395501,1
2811,0.6763763507366167,0.5011819229684291,4.175442551936891,1
2812,0.8109476261144696,0.4412958123894166,1.7790116226291828,1
2813,0.16064978686711762,0.053956702330065935,6.106905321369392,1
2814,0.3074276446045003,0.3944931793329222,4.610479846951951,1
2815,1.0,0.9008047552054435,6.0708773529588616,1
2816,0.35123403702741246,0.4739773677956574,5.196271142528393,1
2817,0.943298555291059,0.08456836896898863,0.6150441051115827,1
2818,0.5187621065893395,0.6326438240384965,0.6903831202873703,1
2819,0.225238894710952,0.9691969252098109,3.4581530225666386,1
2820,0.16516092887648756,0.6699595537329841,1.4842855586541204,1
2821,0.07948939681259425,0.909206466969594,4.412719977852561,1
2822,0.1781416420800674,0.004313199703532175,6.194072699149503,1
2823,0.5646351275934105,0.11211024790108781,0.6440041117212876,1
2824,0.08983742242976994,0.8246402171867745,1.6436223085209334,1
2825,3.777529141591519E-4,0.45293402207359307,4.703284171040474,1
2826,0.01462636328008414,0.6541090680955344,1.453899668679096,1
2827,0.5574778118073176,0.04001573295081879,0.9967253032223342,1
2828,0.0010241896726774964,1.0,1.6995489607379288,1
2829,0.3894753073407968,0.3513826868597293,2.2444730073850865,1
2830,0.7390064307302391,0.38534546352853283,1.0435794572613875,1
2831,0.6187988667270315,0.2505887077854538,3.5578723582991914,1
2832,0.5169268635896455,0.8654748643994041,5.4155578250117475,1
2833,0.36321512780635345,0.31782567112277704,6.1815835104140575,1
2834,1.0,0.8091916184529384,0.01198406037037092,1
2835,0.9836749842969692,0.6958702121774172,4.133195004673835,1
2836,0.7353266738458742,0.614811869961398,3.27490638111566,1
2837,0.1315508786677302,0.5677139637516845,6.067931296559303,1
2838,0.571096864780554,0.9280698925514614,4.775572770753808,1
2839,0.3034080443569239,0.8684558031380394,2.4852558658507635,1
2840,0.2545046066784126,1.604660297719572E-4,5.957216617686718,1
2841,0.9554523196041655,0.5172685535957016,1.212411257999688,1
2842,0.6730842389370167,0.5542364143266899,1.9218344921118375,1
2843,0.3966776740110107,0.29203462262095475,5.7691344429080145,1
2844,0.8017079905176289,0.12272560044277822,5.304206346997736,1
2845,0.8828819018250629,0.41714063041569016,0.799911196896933,1
2846,0.9316886830427288,0.5689780232094916,1.2518228266844016,1
2847,0.16857707666417643,0.2640413152618455,1.2150766875920942,1
2848,0.9228367319853071,0.21869790543409257,4.4514359011746025,1
2849,0.3525116893712294,1.0,1.6589313284742384,1
2850,0.9695253294048344,0.4603712419536742,2.6909752195653076,1
2851,0.8744137026421821,0.728250621292829,0.45572319279807627,1
2852,0.538380207491769,0.7535540491563485,1.0112364113497618,1
2853,0.9263266850750952,0.25607908061812445,1.7471810255462756,1
2854,0.689192420620914,0.8858551912929054,0.2959096561920719,1
2855,0.44198021257437303,0.22245759293171324,2.10887505640122,1
2856,8.334202018411373E-4,0.9436104559836564,4.716270926609553,1
2857,0.0,0.42030024977392977,2.4086977336898796,1
2858,0.8138112335070521,0.2878145282240652,1.8890020324743957,1
2859,0.8855768378002539,0.4214129103792086,2.258630138073056,1
2860,0.28537203855722915,0.2967495691685167,3.0913330487827992,1
2861,0.8118431219807692,0.3455282648298588,2.297031393575799,1
2862,0.8062612366967324,0.03858915242463697,3.748959652447699,1
2863,0.048931596462125554,0.5903282753813864,5.593284578623921,1
2864,0.9838672257012776,0.5711119137743634,4.637523453153945,1
2865,0.484892884218249,0.35368732057393765,2.6656617711964947,1
2866,0.13529377568475487,0.013361969178154152,4.679457412522005,1
2867,0.5487210870205674,0.5449530039177543,2.404149157869632,1
2868,0.6722304151475783,0.7173466011903551,3.169758014044978,1
2869,0.32978610707340533,0.7862059821078431,3.961570485731926,1
2870,0.32605596994474007,0.3622207561825861,2.5996893990584593,1
2871,0.26702126176470203,0.32354851312504357,5.12507278240928,1
2872,0.33128929530458595,0.47288649164821334,1.1561736990482934,1
2873,0.34793564620830314,1.0,1.2676014740272061,1
2874,0.06797697894874982,0.10947556221762036,1.8415246140822066,1
2875,0.03824641597401641,0.08797650069776757,3.4791419538011152,1
2876,0.20969365097115414,0.17569556667525377,6.0537537270071065,1
2877,0.6496823807803643,1.0,0.5465544326347919,1
2878,0.0036165806882583534,0.6801899506605387,2.929073800158604,1
2879,0.9983113035307227,0.5136152417852942,0.5030949157200644,1
2880,0.03884549160892857,0.3538699446222027,0.17784000525775276,1
2881,0.8217284347937377,0.558873524347025,5.15970106957535,1
2882,0.43041094169672783,0.12673508970753447,0.20177329987206202,1
2883,1.0,0.1154895303344471,5.102288365875539,1
2884,0.7272967733347474,0.13052385886061485,1.669763323394978,1
2885,0.37786511367349174,0.8432473424909628,0.7454061861484205,1
2886,0.8277947604631597,0.09227362122339548,2.753100410416593,1
2887,0.5315628171882859,0.9354424398574367,1.2487079003566117,1
2888,0.9920146182825977,0.2211056077145413,4.125335654952122,1
2889,0.07017016076201675,0.08075203403292319,4.025189349654009,1
2890,0.23008360333939368,0.9507146015002624,4.919140401502274,1
2891,0.5888565279157416,0.8601411814832194,6.195462439710683,1
2892,0.9974900564861563,0.2028363444392481,0.7942296465056599,1
2893,0.0,0.12400898167385327,2.445417797993526,1
2894,0.8707684213642032,0.9099592126353654,0.1718654281884553,1
2895,0.5950210581617765,0.795294087838802,0.9415248930094275,1
2896,0.8699484159701065,0.325858183046063,2.7180056970646382,1
2897,0.0,0.9833647032488343,3.4615322745302963,1
2898,0.8634457782452817,0.6518927096915551,6.187881721520111,1
2899,0.6083763279212341,0.9048377509933696,0.01063122603541939,1
2900,1.0,0.6586181035211082,6.075362363978129,1
2901,0.002308394149728878,0.085327274636439,4.70465026879654,1
2902,1.0,0.3997698374989779,0.06023888432373397,1
2903,1.0,0.14749896586692052,1.2986210254562511,1
2904,0.3962759113430566,0.24350876992065798,1.1770252350824053,1
2905,0.11518693173495007,0.5526280155277639,5.0227440305057645,1
2906,0.39676481117761664,0.28965865351972914,3.116640039431399,1
2907,0.3213880249074454,0.7744126019729174,4.150915723653177,1
2908,0.5330270400402489,0.7950334268179953,4.158402414656911,1
2909,0.10458953294460001,1.0,1.4386023201057656,1
2910,0.042887945976722054,1.0,2.032895768153696,1
2911,0.8878206887906389,0.7166097286721357,2.6702833661647123,1
2912,0.5963177510217065,0.7732614903214604,2.5650190670304243,1
2913,0.3415580726324322,0.5761405398274512,0.9453833778830387,1
2914,0.7967480313393493,1.825323906013219E-4,3.562344555022843,1
2915,0.2788366376541287,0.25696206777740543,3.0667685471588837,1
2916,0.18372662298173473,3.218044509779944E-4,3.8496281461128103,1
2917,0.32023573486445633,0.5908583138734351,0.6827972232870734,1
2918,0.708679345188628,0.0014796638143322299,3.890095047283096,1
2919,0.5789576545078431,0.6651809967319828,5.295478153732958,1
2920,0.990644508932163,0.7394776870935067,5.008014235516511,1
2921,0.0024662325372219666,0.8956020645649984,1.5604949519064641,1
2922,0.0,0.2387773744523229,3.2837375001007247,1
2923,0.3646942855380625,0.22864482332685854,5.645173895091589,1
2924,0.6291955918551702,1.0,1.8236003896701143,1
2925,0.30080590750208097,0.0,3.9520489734409128,1
2926,0.043834292516825545,0.44584340139760226,0.09341842285222882,1
2927,0.8300793536310269,0.6959937023249481,2.4151701672310537,1
2928,0.0,0.6435158626054811,3.538586051424345,1
2929,0.3610164749118445,0.49011841994475575,1.4189039003721573,1
2930,0.47986241723676193,0.6603659413214739,5.483055978830284,1
2931,0.8000633832631012,0.11865117900901603,3.350192280979968,1
2932,0.281708398040803,0.469178419092062,2.5584782567673647,1
2933,0.10484251221658232,0.41193604359782726,3.281308288314642,1
2934,0.5494959701927618,0.7403614043201605,2.525691672810859,1
2935,0.06532215379779498,0.6022915349094086,3.6843514888423425,1
2936,0.0025805463694109666,0.21320229283462988,4.699396549717883,1
2937,0.5771719077310864,1.0,1.3789346516836745,1
2938,0.8870462126981269,0.09335403650329556,2.7370765617528017,1
2939,0.9996424184703476,1.0,1.000122327472304,1
2940,0.5025856034388008,0.6373976793511735,6.120898527078918,1
2941,0.6437796637123406,0.5372697903544355,0.06664582344790398,1
2942,0.9293333764394447,0.30489609820664976,0.43201072064571067,1
2943,0.4309131665082716,0.9566959087972732,1.3474315546129945,1
2944,0.3577601552575945,0.5274298039780336,2.6996660484366086,1
2945,0.5095483965327575,0.49637503883634426,4.282929295757877,1
2946,0.9639286590704678,0.6299373712194593,0.9569900877833191,1
2947,0.6080165141174756,0.6690392250021611,6.0690502648312705,1
2948,0.3584108916230807,0.8749495448990094,2.4769048412679093,1
2949,0.3738656071239391,1.0,1.4844403240297817,1
2950,0.0,0.31448044691421934,3.538419344301773,1
2951,0.8434378386445822,0.8941369695939959,0.3626375831530904,1
2952,0.9962828757602613,0.13176986897817836,0.32111722919669267,1
2953,0.010974328145851198,0.9994245077402808,2.165604152971988,1
2954,0.33788630210566406,0.5232558359604328,0.5478593759108236,1
2955,0.752932398882941,0.47470053182060984,4.72938966475879,1
2956,0.02375806476400964,0.6418658070828716,0.19586835400604963,1
2957,0.5914515169699495,0.0,4.6619498076321255,1
2958,0.737372349754632,0.23109672611052337,4.874423894409052,1
2959,7.773880235947546E-4,0.7973809358707177,3.951770247744846,1
2960,0.9785498926554179,0.03695239964128738,3.9545728154548825,1
2961,0.30238783289106386,0.4863816613379237,2.254136978596939,1
2962,0.7736877244156688,0.014403079354049539,0.25086882146772094,1
2963,0.6683268105127891,0.30291167874414776,1.8514833822619479,1
2964,5.108858303745947E-4,0.18261272004159448,3.2336303948688356,1
2965,0.5593649453224748,0.9994243691807758,2.274577570760158,1
2966,0.47875340969188557,0.11142637118578021,4.246401407908487,1
2967,0.7627934916022328,0.5593511928370835,3.6738621216298304,1
2968,0.9503497867655413,0.5440279837509562,0.9394028029576801,1
2969,0.624552581191155,0.8034867632007675,6.274201675699838,1
2970,0.1164142418124415,0.0930657085122868,4.219597744432958,1
2971,0.9511335042310058,0.41008685497294417,5.601303715946571,1
2972,0.7120407708324207,0.6925939251309366,5.6446795590813,1
2973,0.1476165075525828,0.6065209215358186,2.061742069275001,1
2974,0.32909928121298937,0.5225135439505798,2.3636449573382086,1
2975,0.7371242001244307,0.9921976952701002,0.028886994704694358,1
2976,0.035710693158728074,0.14249221203421392,1.308427330641586,1
2977,0.7549643112077147,0.21371694939477967,1.5317605913759345,1
2978,0.047504164061872266,0.04388287149202448,3.1976189016626018,1
2979,0.11948703764850081,0.0,4.0018698133983115,1
2980,1.0,0.6536777420070008,0.2706700064821784,1
2981,0.9942932503575342,0.20110153368646716,4.482288032622144,1
2982,0.26593876965044416,0.926725840316736,6.145523412360695,1
2983,0.2803206529348054,0.8965333049034818,0.4687926079018142,1
2984,0.21963899501454986,0.36456013261823716,0.008602381941214196,1
2985,0.9990026413539873,0.8591800805172751,5.26467142689539,1
2986,0.9128267031915837,0.543826147184147,0.8425062340694757,1
2987,0.7833639327750083,8.983297466157235E-4,4.43088761832891,1
2988,0.5999935763051119,0.487293425862801,2.033383672947015,1
2989,0.5665148484215978,0.14901182380990755,5.164834643805813,1
2990,1.0,0.5944841384519092,6.155512969300708,1
2991,0.41779790823156226,0.9431885255376161,7.384507364771031E-4,1
2992,1.0,3.581123386097371E-4,5.324671139726792,1
2993,0.8028740658388682,0.4628043173728281,5.065413950232889,1
2994,0.0,0.7149214105819234,2.568326722632212,1
2995,0.016852229415336047,0.39318381373788736,0.8796689329800293,1
2996,0.0,0.2852945457791794,3.36057647113805,1
2997,0.6541518128187328,0.09518360520929119,2.1296829527380425,1
2998,1.0,0.6538580513236633,5.0586873196024165,1
2999,0.6750223161589423,0.4013571825348146,3.319315185731757,1
3000,0.8382475262944135,0.36127126504004536,6.005888947320131,1
3001,0.6283099369895043,0.4555503869262391,3.7193310142821874,1
3002,0.08462994339668403,0.3850188907258699,5.388759401691015,1
3003,0.9868445376615126,0.7046660985738369,1.6908714799399795,1
3004,0.8080827031705721,0.4125797090873153,6.231657649615706,1
3005,0.8597534719548597,0.33035042955378724,4.956448709032752,1
3006,0.9284572397017802,0.5633354264367155,2.0078786722746473,1
3007,0.6134419369698775,0.4378816108881563,0.2811587844619521,1
3008,0.0866143184352203,0.755507676124966,4.399044576697077,1
3009,0.2856647631065716,0.8537172038842469,4.151799783927957,1
3010,0.4789794012570457,0.08874494258151118,0.9950112263723581,1
3011,0.12442935524131428,0.16702773500826956,3.3639328538180946,1
3012,0.14870028277052194,0.17292554390612266,0.48973520539748006,1
3013,0.8028537387191613,0.43253267977344995,3.4156690834504353,1
3014,0.9055243235120546,0.7347112287583463,4.89353600299891,1
3015,0.4996027659458716,1.0,2.454166118543845,1
3016,0.7421473085324762,0.33574890714164296,4.473223717485115,1
3017,0.9973145556450543,0.21461477115842462,2.315605650631351,1
3018,0.5167761231851078,0.7707935006658416,0.34878867264655306,1
3019,0.8572077731809391,0.6412657692227421,3.052632379590795,1
3020,0.5147690208256932,0.31462614030401437,3.3472223274771453,1
3021,1.0,0.3225701541669617,0.7639129163599856,1
3022,1.0,0.71601453070909,5.5473436886209475,1
3023,1.0,0.23081895040192144,5.344894941925829,1
3024,0.7035816143098015,1.0,1.4870085145008711,1
3025,0.1906289363139863,0.009150644941240528,6.105813812926119,1
3026,0.953425667805909,0.2378203763225461,3.0846767307452883,1
3027,0.9354336262558974,0.9890826310812106,0.2562939339376408,1
3028,0.45343472035632554,0.6016682603545316,3.6823465769476003,1
3029,0.1628231123775935,0.7782781959909936,1.276426592049238,1
3030,0.8204994348547238,1.0,2.777736850003616,1
3031,0.21844297821653544,0.9807295118773295,4.581671040421558,1
3032,0.8993894608213986,0.11567002503152687,1.0748858416802645,1
3033,0.715697995453757,0.9019397732382801,2.0678142557514274,1
3034,0.10216777263328719,0.8539004807305596,3.6592462322653287,1
3035,0.809224017938074,1.0,1.625487315161657,1
3036,0.7886608212730405,0.9728674876182045,1.0447875903905914,1
3037,0.032530057649091365,0.8236104137483016,5.326867259693234,1
3038,0.3707062152858599,1.0,1.1514709508075995,1
3039,0.9094687782387063,0.4300025635598339,5.656861285198651,1
3040,0.06221843393469809,0.7267176148537755,5.235286994196363,1
3041,0.714576516224615,0.14903488143353186,3.8765858973645395,1
3042,0.6082489749602465,0.9997134644121844,2.143394663155483,1
3043,0.10168089169002065,0.3833733518854461,4.8200211971759535,1
3044,0.654617079110096,0.7991366469468847,2.159517573566519,1
3045,0.43793875359183493,1.0,0.7050351605484539,1
3046,0.35798355176298596,0.18303039119010334,5.031625157396771,1
3047,0.9549225351078516,0.8480495880595558,5.155823648300129,1
3048,0.3770833031590289,0.9857443620539668,3.45127193645539,1
3049,0.01169775381761282,0.9960250019504515,2.3911562625820495,1
3050,0.7051608012938535,0.43140907189012856,2.2618523021107815,1
3051,7.014120167481441E-4,0.9594130588874075,4.260238518693463,1
3052,0.013066108826668602,0.8156293692779211,1.9209123155982704,1
3053,0.8786957691340995,0.4893010523670284,5.787440169183552,1
3054,0.779839541762147,0.16402471697101081,5.214016903396201,1
3055,0.8895714821301077,0.21678343033257683,2.86460221250037,1
3056,0.8017994277209305,0.27898894038400746,3.046019716709482,1
3057,0.8824067304870538,0.18814659920291787,6.0369405044109925,1
3058,0.06812869357717462,0.34624446193454417,2.6398693496014394,1
3059,0.9996235665876763,1.0,1.1213348927633549,1
3060,0.8389929753389302,0.617025300303898,5.577655870054991,1
3061,0.7618979191636073,0.15051836647663913,3.1928178400062754,1
3062,0.8903774612157443,1.0,1.4066856813513489,1
3063,0.13216482082013145,0.9668425941327843,5.549296922569768,1
3064,9.645518557948453E-4,0.4940683790498628,5.021288781276503,1
3065,0.6207622188703408,0.44654545295170056,0.17922603703404827,1
3066,0.004610744759038491,1.0,0.46992001527498706,1
3067,0.28505446029521964,0.9994780030603077,0.0967549521011652,1
3068,0.10191894942039675,0.6919526619852262,2.9818575413531625,1
3069,0.8439692981926831,0.0,4.491072813788883,1
3070,0.15919175387537535,0.274908514442169,0.7652957310471399,1
3071,0.16933666499909839,1.0,2.2261666022747173,1
3072,0.0022208705138095685,0.2777548663594139,4.893963120795394,1
3073,0.33993053150076136,0.9307063375748547,0.48245569039356767,1
3074,0.9024379802643103,0.2982241739610367,6.0067057899831,1
3075,0.8358339015353012,0.22324908736282664,1.9288825604307156,1
3076,0.7646336206726447,0.4555670731793104,5.0829318438698,1
3077,0.9813740003708376,1.0,1.1570626018621006,1
3078,0.7034634485206146,0.7883754938030337,6.103102402356991,1
3079,0.6488322373526437,0.45720415692224275,1.5348301910080575,1
3080,0.4387725952670832,0.046668776625706496,2.8961976205640503,1
3081,0.5149714420658823,0.43859467107083727,4.359341461427104,1
3082,0.5805605881777712,0.7025312962249469,3.345706417018224,1
3083,0.5524136300842828,0.95566677023505,3.786906938246236,1
3084,0.7273053978005403,0.3000183792871362,2.7911315917620416,1
3085,0.8430701409214638,0.587160462262336,0.9943643961010964,1
3086,0.15814371455756324,0.0012565608178286285,6.2082954566683295,1
3087,0.48636268758166223,0.23035214388515146,5.121844280154873,1
3088,0.9279459053480181,0.06662946730906433,0.38201660758022415,1
3089,0.18115747327336396,0.4561377437172347,2.5400587665191274,1
3090,0.6831414491187182,0.9964861162028429,0.1620613793315878,1
3091,0.5740434175897117,1.0,2.201761795367355,1
3092,0.42710569628209066,0.8591178670847288,2.127020261103567,1
3093,5.363210587255139E-4,0.6561064967043329,3.9452076643541005,1
3094,0.32973730732798734,0.6798918315798128,2.248984416205448,1
3095,0.4403977173736033,0.0451041367686043,1.176708854260514,1
3096,0.8426856575946067,0.7284108625491953,4.906079800252737,1
3097,0.10723128595721845,0.9983347587644322,2.1729660292580135,1
3098,0.06239334787054495,0.1330611912574793,6.005595465668388,1
3099,0.7937318226009702,0.2843924068386409,0.3265069607343566,1
3100,0.35593199714979984,0.07436510956308545,4.5401554434982,1
3101,0.8866990780989834,0.6778219363443757,1.1419672189360308,1
3102,0.7585159173438751,0.24902583525894303,3.99970131841314,1
3103,0.8009940302366804,0.8946708503646418,3.627682517182734,1
3104,0.3008433881116899,0.004623041931902481,3.1688615004339025,1
3105,0.0849900305674958,0.12819747406106374,2.7645132006056974,1
3106,0.7339342068572832,0.6902402147463963,3.6476253049800826,1
3107,0.0036003952154018276,1.0,1.6006496708382127,1
3108,0.6681431946939375,0.397152377972058,3.592632827753661,1
3109,0.27938395788228376,0.21079474624195974,6.14281629376287,1
3110,0.6537994378232246,0.3456902025994351,1.3840904185698664,1
3111,0.6294032646945249,0.002550071445250169,5.488203932807851,1
3112,0.5725330668517167,0.6211401991387137,3.7981870016905463,1
3113,0.9226578083206656,0.8275505947664331,3.810675027569659,1
3114,0.18543087277180748,0.0,5.715436133709592,1
3115,0.7261559155243855,0.0,5.631351970727354,1
3116,0.22190132501388252,0.5703013423075077,4.100581916906706,1
3117,0.4729205674261369,0.037810200061371126,2.943396075973157,1
3118,0.913165211354444,0.0036579786666612914,6.248286455424987,1
3119,0.2750971689176793,0.6455811414796139,6.185953176245944,1
3120,0.0,0.6396450495823842,3.2911333068957123,1
3121,0.8805630292064806,0.6224533129971025,3.460296862782583,1
3122,5.375516356915363E-4,0.8466977135036473,4.215205668579913,1
3123,0.01908638392773573,0.011056977022419964,3.263485464373401,1
3124,0.19210334095194773,0.6479996122489471,0.7945574872717387,1
3125,0.5337474458655225,0.5341527495712042,5.373284644075615,1
3126,0.18525916611818324,1.0,1.8551641961215646,1
3127,0.40364317186754967,0.6136414626526921,5.427087199382202,1
3128,0.4342923200894829,0.4905789595521162,1.9666184327274485,1
3129,0.02176874797683258,0.14847085553593165,0.4486028479138809,1
3130,0.9692638051727486,0.5979471362925216,0.7388877591165693,1
3131,0.8129994329555357,1.0,1.3284552952495448,1
3132,0.7153133378003435,1.444080613998835E-4,5.290000012760022,1
3133,0.0,0.6707470821510285,3.412506335118873,1
3134,0.07194545417143958,0.044615309457052645,5.582659991690416,1
3135,0.6550935869982868,0.5268712115295203,4.519083758678987,1
3136,0.4460591014232978,1.0,0.7437123285037697,1
3137,0.7887642499565003,0.5491728752578909,4.115339526197553,1
3138,0.6715892306944149,0.9003871654440785,4.77060475683878,1
3139,0.5926605441500284,0.06405478230711478,5.09338964885425,1
3140,0.7554162091709123,0.7792899156134495,0.8709742638022903,1
3141,0.8529351925288026,0.39045713576079494,2.637600764266141,1
3142,0.5795990232646934,0.9044566690576203,5.582219501873261,1
3143,0.07585913721413401,0.736470907467291,4.505688759066338,1
3144,0.4901651630835129,0.24948657213637335,4.913656018035436,1
3145,1.0,0.8714494607974231,5.15878102621061,1
3146,0.415743233101775,0.6403945365027252,0.670332749370061,1
3147,0.8536249565649787,0.1771777829468279,2.678242559177572,1
3148,0.5455060554207242,0.07074140811009443,0.14812645863206275,1
3149,0.28722198526212706,1.0,1.1616547524191636,1
3150,0.5374958137315996,0.0,3.7032596645535545,1
3151,0.8685209626663972,0.1254392220621655,3.6152432387943843,1
3152,0.0,0.7680165774252569,3.2361567342393256,1
3153,0.5051762253525387,1.0,1.9153681158429614,1
3154,0.19425204857265774,0.4366131227611206,4.156457512869528,1
3155,0.15807599353492674,0.4551004638282533,5.133133359368741,1
3156,0.6938176399018369,0.26225991475424754,3.5438809937709626,1
3157,0.062103968851814885,0.33512443664929675,5.543283643027456,1
3158,0.010555715079440645,0.8750570718814341,2.0586427866012196,1
3159,0.8688403610072529,0.8021789558537205,4.830874938121284,1
3160,0.9147641659002774,0.702400867356054,2.795874997705584,1
3161,0.36337607897731283,0.6285696211585512,5.217341600321446,1
3162,0.728342271751737,0.503729541069516,4.380155495342417,1
3163,0.8775188384096841,0.7728813142305578,4.162829279501974,1
3164,0.0,0.031084999452785846,4.1476258293565476,1
3165,0.8021252910756904,0.20095474970634697,0.8290933776501526,1
3166,0.9562942435017653,0.7574259003958478,1.771776775272672,1
3167,0.6089163012810199,0.840175585889206,1.5378640531064196,1
3168,0.0,0.07956827577748433,2.9709008393784204,1
3169,0.5745134164627154,0.45766797734546794,3.0376638418204625,1
3170,0.020956848172360185,0.44112054600042117,4.484722252214681,1
3171,0.0,0.7451350607229891,3.0430065965659168,1
3172,0.8961063740727513,0.7346897523141214,4.799103627916811,1
3173,0.001547768704250455,0.4993935410012709,1.5831726645549553,1
3174,0.8015566757887055,0.3274195085429613,2.7909816621615677,1
3175,0.03158213494282631,0.9071748410361179,0.2260658075411431,1
3176,0.5392432638923729,0.17315407145981082,4.366447076055604,1
3177,0.4894766965695481,0.5125061844797562,2.9378208083641737,1
3178,0.7689735998670936,0.6893671675844154,3.6439148678075077,1
3179,0.697188820070478,0.7687597832779202,6.162902193929156,1
3180,0.3922326391818287,0.45005765455104263,2.975789762838548,1
3181,0.5278462715292939,0.2368865534302499,3.863107645825932,1
3182,0.517306675401331,0.26107407090477225,4.0104408112360215,1
3183,0.7888932438669916,0.043990577958995254,5.731121287194762,1
3184,0.27913154575953525,0.8826589596921299,3.6962380721410706,1
3185,1.0,0.05237579203440369,0.6666900569079677,1
3186,0.8845423123273083,0.058314734915390125,3.3328575114277945,1
3187,0.8243978888885122,0.05239890565563503,0.6340813559009072,1
3188,0.4437568752925091,0.5341501942846231,4.011749093712798,1
3189,0.6171430908351697,1.0,2.5729489555877563,1
3190,0.018465183201577015,0.2761128643906643,4.403226106226876,1
3191,0.3867647885757846,0.5631812879275169,1.1184872682242222,1
3192,0.48680827777788716,0.06294335549374797,1.0272062471851353,1
3193,0.9938551890808359,1.0,1.6926620600983564,1
3194,0.0,0.6878482013021311,2.414482630843951,1
3195,0.1510321453963692,0.8757348299286778,0.4770569883374162,1
3196,0.6078452723670628,0.24767379327509303,1.6967325344235669,1
3197,0.042324687063667904,0.5594016471382685,3.0469624003120863,1
3198,0.9918526128316254,0.6358392288026368,3.808089318014687,1
3199,0.9195690567695219,0.30865624302874894,5.082142761346634,1
3200,0.37640211464363876,1.0,1.3829287675526727,1
3201,0.0502957818169496,0.3701613240665322,1.3188359742572953,1
3202,9.737270341332387E-4,0.5626839864218188,2.2461061318658446,1
3203,0.07883554070172424,0.8657418026121004,1.1685800090690541,1
3204,0.625509899956188,0.09106261539878653,5.195769248497006,1
3205,0.9560294579431362,0.2822462873750976,4.709352110668587,1
3206,0.15439682322185652,0.08565247541488633,1.006695627093258,1
3207,0.1310606987989113,0.4995703410287296,2.4402039534083046,1
3208,0.5752955355937573,0.7055685655741434,3.454645276393219,1
3209,0.15407910052298437,0.9333960871916788,4.1303964578550785,1
3210,0.9128533618859463,0.10057313792316196,2.1347173430865545,1
3211,0.02120857364364949,0.5240466635946436,0.8052953689951207,1
3212,0.17794312350935088,0.568655084407452,0.6953983808417483,1
3213,0.17132353989071109,0.9937728331582231,5.631638274493215,1
3214,0.22480427129467845,0.7699524061390478,0.27357331283751,1
3215,0.5846516599606107,0.5212253933913891,0.2109079688004441,1
3216,0.0,0.5845447421501162,2.4490917184032175,1
3217,0.4468245768496202,0.5769657428109222,4.0745343422598035,1
3218,0.49568522618604705,0.4608593354808951,5.822622518548555,1
3219,0.5066629685559183,0.015915951694780522,0.30846276616723645,1
3220,0.0,1.0,2.450152608655752,1
3221,0.921689599357304,0.12300226596344839,1.0263046346732476,1
3222,0.35881807909067925,0.254078268528663,1.5868405154546026,1
3223,0.9800894348780597,0.7024132466831614,4.8010111348493165,1
3224,0.7479171073776881,0.8371007327351639,0.4908737819199131,1
3225,0.2549631274507446,0.5234643806635098,5.373042322629212,1
3226,0.4670250027652344,0.4629736963189777,1.9793682919109783,1
3227,0.7679872078207087,1.0,0.7326631978607216,1
3228,0.2632545327299106,1.0,0.46384213744503455,1
3229,0.6568202693616907,1.0,0.6797637614853704,1
3230,0.0,0.1388599304614287,3.315865753153704,1
3231,0.8791459492136376,0.5505573731886007,0.2260845280462208,1
3232,0.8769254622123672,0.07656667147525133,0.39062248812401124,1
3233,0.6228642488210702,0.8195069423421059,1.463888278062285,1
3234,0.32057265175339367,0.893951734442182,3.6561843854212186,1
3235,0.9993039201606175,8.144569368520301E-4,5.4867659899079815,1
3236,0.9098994138098176,0.6192877017560822,3.1929833826965432,1
3237,0.7557933429571938,0.5408384135241533,2.6872320589603427,1
3238,0.3801154949681341,0.35510676285992415,2.129594096932811,1
3239,0.2795085626984093,0.8729640771744563,0.3484939698638641,1
3240,3.858871430942157E-4,0.7020318876334639,1.6000401005605545,1
3241,0.6252267527628104,0.30657064368345527,4.534629408598128,1
3242,0.7005969148001842,0.5621444626449729,4.1920072138676145,1
3243,0.13432837357097266,0.19319263001869777,2.716280465186766,1
3244,0.02140908089431663,0.7729666016753287,4.018786005882502,1
3245,0.00347149523335941,0.42519704234644984,4.403575722910829,1
3246,0.2889964334967389,0.0,5.615941032854506,1
3247,0.4628757301169501,0.8388507931781056,5.169290799978361,1
3248,0.8280050020083106,0.3574079587563556,2.1025421540958935,1
3249,0.7460306947174294,0.9625276884717148,3.6690601805464818,1
3250,2.2666926605267233E-4,0.9021678069001412,1.9368419792739378,1
3251,1.0,0.5131263978766605,5.424008270494925,1
3252,0.07894959668738859,0.582541038753385,2.328400765922864,1
3253,0.0,0.1195483967807391,3.2049052212572886,1
3254,0.6684101177398162,0.07584892368135045,1.842433746832405,1
3255,0.7032561803852385,0.6475187661455127,3.886651463772386,1
3256,0.418001791885152,0.9157480865646171,6.160409017491188,1
3257,0.09241834479270485,0.046180825612247095,1.3656621368110438,1
3258,5.062457237889368E-4,0.4939730957653184,2.4040682818071604,1
3259,0.7687887447070332,0.12885465204075086,1.1375844949090481,1
3260,0.013758639707878237,0.7775326877860717,1.6191062525231488,1
3261,0.007903711571981185,0.1979338905648069,4.267980389928305,1
3262,0.6113750270662146,0.44472542810968846,3.533759513753188,1
3263,0.8505029681118057,0.6933512882105292,5.948905674011438,1
3264,0.9688903628444188,0.9875215188495474,3.1055750225401657,1
3265,0.8853873408944956,0.8693137466752183,4.990895114925525,1
3266,0.40470459443899,0.48567792709282315,5.369878924662986,1
3267,0.42313614240258735,0.7288713849174148,3.294197385625607,1
3268,1.0,0.99909275667516,0.19482393935702771,1
3269,0.8343007950227764,0.23611892924592334,2.1987050322082395,1
3270,0.3862234374645379,0.37020188355659256,0.2876552988111776,1
3271,0.8714578864051817,0.4111778551947188,0.8313309091825374,1
3272,0.2223826080169261,0.8051842923467443,2.4647622305045913,1
3273,0.7726804195430901,0.7761391360138846,1.5131479328234543,1
3274,0.6625554431039308,0.16543911041947384,5.613471252162174,1
3275,0.744336265872152,0.9999019560712591,2.007549419391361,1
3276,0.9489361676017577,0.0,4.9136062548956705,1
3277,0.9243334313863443,0.9999755767532702,1.857282149108168,1
3278,0.9125188816482173,5.280447100425115E-4,5.379485037009107,1
3279,0.031900723111713394,0.6748476551722317,1.1816785881122913,1
3280,0.6093183636855676,0.7703527935001871,0.5048804154328407,1
3281,0.18725874886899158,0.0,4.854442417756479,1
3282,1.2724805750941655E-4,0.04139374266747553,2.7221493420528073,1
3283,0.5259877974082454,0.9159002068546624,5.790803862729459,1
3284,0.13610808322935142,0.0,4.882071136789698,1
3285,0.1503434087035645,0.06277253632473914,5.365486386112732,1
3286,0.0,0.09641207789401875,2.4613301833377013,1
3287,0.8066751939320063,0.7625402155229329,3.355697431113889,1
3288,0.6277995360767095,0.08230069728483215,4.380333487358206,1
3289,0.0,1.0,2.1461227548249657,0
3290,0.20198996608499287,0.804138541475783,5.305112687537707,1
3291,0.050316561962992626,0.8339176780008724,4.066545879567763,1
3292,0.21677873512569545,0.18179005261668232,1.2904306574957933,1
3293,0.9100125838218187,0.7451174720600696,4.111670270160581,1
3294,0.4682518176281594,0.3465101781467671,2.797433956242437,1
3295,0.4231781608939528,0.7205458550199143,4.506257191820112,1
3296,0.5651905202725059,0.7014303348768085,5.263224643136764,1
3297,0.004419723227920033,1.0,1.1949068780116754,1
3298,0.7475853548492656,0.473268716622575,5.199754786185283,1
3299,0.00427713826725286,0.7962587201765394,4.884252523957918,1
3300,0.6469668886924494,0.896841057800752,4.407150618772884,1
3301,0.024029492522804338,0.43453004916450066,1.7116647096446735,1
3302,0.23802866795976987,0.0,3.495950801174881,1
3303,2.447164367279013E-4,0.4861452530424895,4.674551445877462,1
3304,0.4068784079233341,0.9994517511926861,2.2219528768111956,1
3305,0.6256670489533027,0.04832069444391666,1.9398647322017102,1
3306,0.00832849180968976,0.16283452344983515,5.138925862584168,1
3307,0.056023248046340006,0.1675799068130756,6.200975084714603,1
3308,0.8290771722295507,0.672573149984121,1.3327958542343517,1
3309,0.9987827195418031,0.8448799791021632,0.2864117412048983,1
3310,0.823516340260447,0.42245658239474176,6.136140996692037,1
3311,0.7704513255918259,0.20662147065895442,5.647093498895662,1
3312,0.46355978964950234,0.49111956966850007,0.7485138891448949,1
3313,0.22401174245088343,0.4233794441892354,1.6365463875829345,1
3314,0.7116346047251173,0.6360867648446692,5.91784752160773,1
3315,0.23263286720664392,0.7294143321464118,5.027061134387485,1
3316,0.0,0.5351948151896767,2.456608563861168,1
3317,0.5858118957718066,0.7453105450069577,1.7422527148703666,1
3318,0.5446070989581632,0.0,5.029297508390594,1
3319,0.7602705363562985,0.6915191757147428,3.6945483085950586,1
3320,0.975854925304696,0.6589861078121529,0.048013226779858975,1
3321,0.4036664824952405,0.8762757354333708,4.955459678738589,1
3322,0.5703743317097769,0.2474824817803152,6.141241865159576,1
3323,0.8883813179739495,0.7389649752803309,4.232242765491114,1
3324,0.8084214609860605,0.7485239172924166,2.115802423945208,1
3325,1.0,0.05745861744938777,5.539812945547154,1
3326,0.3479639843649751,0.26729547033281303,0.026405434377162612,1
3327,0.6870990178623757,0.7896563027290098,1.8379245569875182,1
3328,0.9987902349099865,0.18804677214624793,0.7914890450971416,1
3329,0.020049643658150183,0.046129926058205754,4.840193893198523,1
3330,0.12929530027470745,0.5693972299561474,0.6721373573980192,1
3331,0.8658651109778244,0.6269924616890088,1.962656012190087,1
3332,0.6473884602314446,0.6745386697834794,3.118089300403715,1
3333,0.2493460172121758,0.129140000242562,0.095777800439933,1
3334,0.10860608354928883,1.0,1.363156327202655,1
3335,0.3551542797170277,0.3044736034759872,1.2516108095783653,1
3336,0.9667751546743553,1.6521110637876763E-4,5.16166181768752,1
3337,0.30773737578365606,0.5597994835649449,4.214088204932753,1
3338,0.39629975623214964,0.1099628872488715,5.757050735103305,1
3339,0.38461677447072373,0.5179448537739494,5.755295352394553,1
3340,0.6331236279384199,0.16784808583413713,0.2715481603693555,1
3341,1.0,0.9997435761050354,0.5099192529117961,1
3342,0.7421571567758792,0.17067596498596246,5.3848673216308685,1
3343,0.6013293214785433,0.9806308742302609,0.8374584042711706,1
3344,0.9322372002769784,0.9234624416279348,4.3248551247321,1
3345,0.20312145854682656,0.6606962287282396,0.7603591097224557,1
3346,0.9880560904102051,0.5482441550419888,2.822415372315431,1
3347,0.021279313358125142,0.7556662736668859,1.0881845694450007,1
3348,0.04894497174886028,0.711094585010857,2.360785523230552,1
3349,0.0,0.11766688639534977,2.568794847203759,1
3350,0.029486638272081405,0.04077994444622921,5.0023417843367906,1
3351,0.5484713390143476,0.6308091879056165,4.774745890500428,1
3352,0.3774104836300392,0.9996494566738452,2.5594446279817276,1
3353,0.12478295497132046,0.9416391179145198,5.124619549607501,1
3354,0.0,1.0,2.3707076591475014,1
3355,0.607462968282324,0.8156820139340921,5.341267117518836,1
3356,0.035713569102711895,0.8887366487184992,1.7515868213559043,1
3357,0.8799003891991234,0.5780334023040161,0.742670441744323,1
3358,0.48842266162793974,0.0,3.731440203605323,1
3359,0.3383561431375181,0.6365781054731897,3.405623423881727,1
3360,0.3569630830433099,0.3579950979740034,1.9563029622929287,1
3361,0.9061389254024534,0.13574304609808166,4.513032777010139,1
3362,0.7499981449336472,0.6897943798185463,3.3914868045708464,1
3363,0.8718694667504123,0.32476895230228353,5.150678795915305,1
3364,0.29035691717648643,0.6991532245130525,5.920989825133989,1
3365,0.22618336993420507,0.6336926616465101,2.7771358013572596,1
3366,0.19457804931425138,0.3020534247880842,5.949267353218925,1
3367,0.386472216105465,0.20724939070488058,3.681714225859507,1
3368,0.5516380550338179,0.3595070920328601,2.68101769093969,1
3369,0.24053784831004038,0.5703136392405014,5.157613492979746,1
3370,0.3474352112418019,0.9345377994106895,1.1108932524225845,1
3371,0.9843160461075184,0.34327003448287285,0.3269893873605292,1
3372,0.0,0.5420041348018575,4.244759412248696,1
3373,0.46931731558556133,1.0,1.1476380497109089,1
3374,0.10848851614869162,0.7294140101124645,5.653742119173378,1
3375,0.4309571800106201,0.1429127495803317,3.476177977997162,1
3376,0.04664247419129784,0.9983315186306606,2.9491734455812613,1
3377,0.011929652240301455,0.9097281024909608,2.441782258861542,1
3378,0.039028447989408334,0.8233012573364171,2.9791544524342877,1
3379,0.9652335948468345,0.24266481481788774,5.559060427904344,1
3380,0.16417084210310845,0.8800884044446767,2.581271535900746,1
3381,0.10963929889279993,0.43946371728650047,0.47235025828307,1
3382,0.6647389521175978,0.767402547142623,4.705476235797021,1
3383,0.3785610481731305,0.9993104493622265,0.5321502181693871,1
3384,0.24907976636358492,0.9307948973869707,5.815592213785312,1
3385,0.4399500940843324,0.19948619389238137,3.9500551920474725,1
3386,0.0,0.9586748303192152,2.1207536522747743,1
3387,0.8896216874687028,0.7595445243361416,2.5927536092739323,1
3388,0.1080482531782917,0.17852520178047068,4.132898248870504,1
3389,0.0,0.659397888054784,3.52221717202797,1
3390,0.21206476149628253,0.08043220055669137,1.9165360918781524,1
3391,0.5335631482426438,0.0,5.3390871715407515,1
3392,1.0,0.25190522500387746,6.23796649266308,1
3393,0.061705601650376474,0.3610031258540924,3.520131801601352,1
3394,0.6276493892714651,0.6021706500422718,0.7777962865530441,1
3395,0.19936320531638047,0.49433428206561114,1.3580706293906573,1
3396,0.2148560082589908,0.696420495475685,2.455272174873822,1
3397,0.8518056420566772,0.9551296014072201,2.395416096501635,1
3398,0.031139535208292615,1.0,0.3981869007419243,1
3399,0.43025506382383083,0.7477481987053053,4.203502566562338,1
3400,0.28494151060639583,0.028091166158384955,0.6161542849888135,1
3401,0.6724180043193505,0.4953864628275155,2.559294673776596,1
3402,0.7022370696570411,0.06514490035232545,6.218401532122745,1
3403,0.42423688982673974,0.5103111172237146,1.0672153866844607,1
3404,0.5760823890299832,0.9888243477558618,1.1160023330558881,1
3405,0.9403108993869537,0.3651636173227575,1.6643572931783126,1
3406,0.6317151394685481,0.042901630833633415,3.813522150632258,1
3407,0.3758741894758293,0.09633228047126478,3.761449077812783,1
3408,0.8001025112693173,0.28267347248042946,0.24611609813038915,1
3409,0.6456993594403903,0.6749649228076062,5.781922209343349,1
3410,0.5829376120835634,0.5986613009281562,1.5956233914483362,1
3411,0.0,0.977163756039824,3.3335825571859385,1
3412,0.8759917736941013,0.4702167280781953,1.1931975834450383,1
3413,0.5482672456983922,0.9619147931386686,4.703462836707729,1
3414,0.9015592768489955,0.026753245058527077,4.970865924607432,1
3415,0.7703587688007264,0.9988806141756864,1.1483531692313844,1
3416,0.6991336011137728,0.9642916522004306,1.7015331162099026,1
3417,0.7420469212377869,0.0012981601696005246,5.771200120702564,1
3418,0.6015991548544034,0.14790398741464547,1.9233084715758308,1
3419,0.9596769479402498,0.13686591161003767,4.55568863418959,1
3420,0.4265766232032729,0.2598354927346402,0.5281128774118355,1
3421,0.868753137051431,0.9528224186464849,6.1011613609698765,1
3422,0.7173206668252419,0.30094208873929285,3.49050954104239,1
3423,0.694533466127136,0.1763298050594691,4.166994256122411,1
3424,0.7480795499561969,0.18120060999822243,5.9925308784414595,1
3425,0.4459919748389956,0.44339824085677293,3.894748320897426,1
3426,0.44876109831429883,0.8841611655002128,0.9850772265191459,1
3427,0.42907388205626784,0.31134557881249425,1.823285734482742,1
3428,0.46611365769753654,0.4312532420542781,2.0775673823213,1
3429,0.7277134264006789,0.39862766898166224,2.138298924949162,1
3430,0.8528653696091659,0.6526698501937426,1.2545359394851676,1
3431,0.7210695699679551,0.25267333030239786,1.529383681281202,1
3432,0.0052466761878029134,0.7261641917649149,2.086982074092185,1
3433,1.0,0.2085639211469807,0.18263435206232906,1
3434,0.44552216823987506,0.29893314679765404,2.4827251829287698,1
3435,0.04618714113206937,0.9728165424737789,3.8831147638417107,1
3436,0.1725995008230601,0.35902870594407554,5.902292816486209,1
3437,0.056166768236167945,0.9334575063345031,4.496544237370499,1
3438,0.9992801947554485,0.0,5.420363784788722,1
3439,0.3111984861660404,0.8470881841793892,1.6459492889393978,1
3440,0.8316686444494868,0.9948361916445039,2.911042625783225,1
3441,0.5855928511062813,0.8502695302600701,0.9204308410541557,1
3442,1.0,0.5723211790016566,1.3219237445710967,1
3443,0.001559137999895567,0.32486125565794505,4.478330439658389,1
3444,0.8803868507048256,0.9996803276365037,1.385814156716046,1
3445,0.9259983817459576,0.9996486544452001,1.4946351925383472,1
3446,0.4669642297144893,0.9940119017199779,3.448330353632908,1
3447,0.7090777825481869,0.3478837655297626,2.14999518634435,1
3448,0.9997373376849629,0.29440834941896465,0.42858818582127156,1
3449,0.8576359747765925,0.006014485909919536,5.151155404193421,1
3450,0.001216216592015674,0.8001461238178071,2.312145575225254,1
3451,0.4078417592308149,0.3489935186886168,3.598328404172549,1
3452,0.6342150112631331,0.7514684313744672,2.8966943034385455,1
3453,0.3978898618355513,0.11359291135856074,1.3873273183637937,1
3454,0.4538949565724871,0.396181138229544,3.6232977053445206,1
3455,0.47624804832611756,0.11727587499305431,3.088938783314165,1
3456,0.5286043787932112,0.8492722420517281,4.7944846927178215,1
3457,0.20757476530888497,0.6076600807112867,4.982042532387978,1
3458,0.0010914372964377537,0.9993436409183805,1.5570937311192923,1
3459,0.2787506364584485,0.6489828329469501,3.439313397419636,1
3460,0.5128982239657873,0.64822582861005,1.9119345583257465,1
3461,0.4789987424061841,2.4219296711340841E-4,0.10708262292726584,1
3462,0.30805577641899334,0.4148803695978332,0.6840232795937733,1
3463,0.9814294808211714,0.3720298991560265,1.7563452403444952,1
3464,0.7038447957590076,0.18660968193119096,3.751340745184465,1
3465,0.3425191407882284,0.0031125064610750927,2.6578265022509697,1
3466,0.3729958349170981,0.6421934501013639,5.425561452386185,1
3467,0.4090628023488918,0.2382373781641239,1.6315142964810654,1
3468,0.3211190923356352,0.9444652392986881,2.5843580572654417,1
3469,0.16570366445479792,0.9202061664852713,4.097986011931727,1
3470,0.17320484645375991,0.5793324397150048,4.229891462147043,1
3471,0.9013118817748148,0.9232336577244247,4.546415197638471,1
3472,0.36917846514461733,0.7704924038498983,0.9620945425684665,1
3473,0.48629668153470895,0.015471072151510274,0.29118049422394077,1
3474,0.916441046894305,0.6279840159815359,5.663603179987596,1
3475,0.28111713764712887,0.11338439074087855,3.081872451473994,1
3476,0.2409732799189651,0.013262651125909106,0.3430846192835241,1
3477,0.7317346363147355,0.25495593141243444,3.135833594630784,1
3478,0.7919846267122476,0.15975125728536663,0.06690001424223822,1
3479,0.7435346851041587,0.9602610632766482,2.6774430971952743,1
3480,0.4211047189436458,0.17500995435784145,1.0317899912915978,1
3481,0.00728394780315327,0.6552177759322377,3.3247698729475,1
3482,0.035614496894674025,0.7002657440642343,3.2076606174736146,1
3483,0.9530729088837667,0.5161598650922783,0.6096847499191118,1
3484,0.04868093423041989,0.952770244503498,2.087625257501609,1
3485,0.23923357029699258,0.0,3.1594679806246564,1
3486,0.723135505864978,0.289570253761237,5.760723195368899,1
3487,0.6917665165843295,0.9998358665850471,0.32279565783549624,1
3488,0.3834845488732218,0.628848323065404,0.9155889325757691,1
3489,0.6350042119857651,0.6528565557834096,1.8048759948950805,1
3490,0.9185537401033657,1.0,1.4268773524266642,1
3491,0.7189808587248706,0.003225089626043239,3.1698062473476525,1
3492,0.14948524696699217,0.9387678588133193,0.646099417714862,1
3493,0.4524919675348857,0.6788561517599969,4.5776363777173295,1
3494,0.0,0.8195266049982172,3.361621189564764,1
3495,0.057142861821968746,0.5019497942493903,2.941141291415318,1
3496,0.3949080680691117,0.4044438072161607,2.136766093114147,1
3497,0.9989104711235904,0.4934947180171262,4.367945496400042,1
3498,0.044033470420305865,0.0066658373226087244,3.326322139012873,1
3499,0.26383675969070985,1.0,0.6085331920644088,1
3500,0.35229946639691057,0.28426975875878163,0.34843571564318027,1
3501,0.6703333066588698,0.8455122710888744,4.719858092215813,1
3502,0.49290102143940173,0.5827108440003667,5.030763632666937,1
3503,0.5888194423008593,0.0,5.581348602567239,1
3504,0.13712222068216795,0.9609834510903751,5.48537229750042,1
3505,0.007660173471823623,0.8998948740401925,5.029278251223316,1
3506,0.406426099252149,0.12569244075215105,1.342128610020778,1
3507,0.6691963955275528,1.8163818975202775E-4,3.2888392325262914,1
3508,0.9074800762211918,0.9341115974559077,2.034332695191018,1
3509,1.0,0.3121439917480144,5.882633758677971,1
3510,0.4448561025866896,0.4247547566119256,4.38878322889694,1
3511,0.003694896787148392,0.8934202921941032,1.2395901148884518,1
3512,0.13303809174911438,0.267082870581816,5.080289439607388,1
3513,0.008226508550765597,0.39263398117013404,1.343008678844041,1
3514,0.22409101591099487,0.8130387088641535,1.9976420969220177,1
3515,0.9663811859452466,0.7748742584168503,5.833447522901505,1
3516,0.05084533458321806,0.26315698044919494,2.948605350572084,1
3517,0.9906520909809846,0.58576004070541,2.057036213412599,1
3518,0.0,0.5447672631590054,3.89241619293941,1
3519,1.0,0.672876609368715,0.4769496534317064,1
3520,0.7986178706035532,0.9998632118969177,1.9938064731025238,1
3521,0.0,0.6638199701753479,3.246761654894653,1
3522,0.3540185506261133,0.39632515714270816,0.374742765420088,1
3523,0.6895317662477569,0.4379535702930107,3.6472496619586567,1
3524,0.7432577860216706,0.31381054238245826,4.780367438925486,1
3525,0.5552265560647633,0.38599141536513787,2.627369846235376,1
3526,0.5740507661732372,0.17662727300673842,1.5624704971770738,1
3527,0.3159993751881333,0.0,4.69538607404852,1
3528,0.7517846747910685,0.33614146469896977,2.4104303320143954,1
3529,0.3525655217819965,0.46324230816863143,0.5633668535044318,1
3530,0.32593227465989827,0.5753861354716415,3.4870687773849025,1
3531,0.9252066163985024,0.17239889769018302,0.878064673119322,1
3532,0.9658160118663592,0.0903099205917222,0.663491062101419,1
3533,0.17679449188716825,0.5820943505295372,1.160972629605623,1
3534,0.12035705901631435,0.2871850890571606,0.7271989223402388,1
3535,0.17564130583564538,0.8664656945308252,3.153707586156784,1
3536,0.300594935826254,0.5619416001719063,3.0338163558685145,1
3537,0.7622121209351145,0.7372418782290373,6.2340315843255265,1
3538,0.964038410058803,0.2590369756836034,2.005821640690689,1
3539,0.07658748545199365,0.17637357397521963,5.217300965906696,1
3540,0.009629592292062544,0.6675990455040429,1.288491268042771,1
3541,0.3086594176286998,0.5563456797436371,2.7711365472392098,1
3542,0.9993823375551995,0.6314657857663609,0.7177943918665641,1
3543,0.7750067576572679,0.07855490798195584,0.7750789787462334,1
3544,0.6892472010662519,0.11565755981223273,0.10268246732974512,1
3545,0.8704945882722108,0.24566077541804623,5.6731709177762,1
3546,0.49874871693492234,0.857833958292812,3.6620635033033535,1
3547,0.5479725811646736,0.42974391789543337,5.451154567776764,1
3548,0.40979738122494624,0.6933959821640164,6.1634711263428485,1
3549,0.0992608863030399,0.9895818201197142,5.685872051503586,1
3550,0.13750972368814102,0.264777207425535,0.5803028926799739,1
3551,0.01690200877586052,1.0,1.5518786224400676,1
3552,1.0,0.49803775195815825,5.300417564447761,1
3553,0.7678720368479409,0.27499583392293786,6.0674846449826125,1
3554,0.8239720370278079,0.999157218259398,0.29546071788462813,1
3555,0.7294271652594858,0.2842525338283113,2.5358753307604345,1
3556,0.9628499065347736,0.6377000758391784,3.109939294381803,1
3557,0.6408226101453951,0.34659598600393243,0.521091712199089,1
3558,0.21154809872123148,0.2651967093674145,1.488573871241771,1
3559,0.04867173043952341,0.5431860763394255,0.09794696760061825,1
3560,0.20212307147669484,0.06562087330402745,3.9612824689194053,1
3561,0.9997655739179947,0.1086024526158687,1.530062196150038,1
3562,0.22894368619437666,0.7347099112832887,4.717405195938433,1
3563,0.44301669967455237,0.5045895032015252,1.9368558544840997,1
3564,0.14296396310308426,0.914960812859521,3.413139000701067,1
3565,0.9805680793698751,0.3066601291863125,6.034244388432266,1
3566,0.5179668311911596,0.268871025398429,3.7803685895285013,1
3567,0.6207278529501565,0.24277347547804887,1.4160704700013502,1
3568,1.0,0.4114956851945724,0.13038657019264285,1
3569,0.5174902209097169,1.8523792431493372E-4,3.52654684797236,1
3570,0.4968227740367343,0.11261285357484581,4.805802012453643,1
3571,0.3065547030862081,0.12061919404539485,2.2128639153871585,1
3572,0.6424162893117273,0.8154016006495858,6.06974364521793,1
3573,0.6975477713487721,1.0,2.501810113750187,1
3574,0.5741008344650051,0.9681604527667023,1.6037368081918908,1
3575,0.9984421594371072,0.4040745073590273,1.1666657744274884,1
3576,0.09221727593939165,0.38916374326673253,2.0459396198462954,1
3577,0.651841561197293,0.8163838257619992,4.6085875467149355,1
3578,0.8936230199562323,0.41612043485800837,4.615743028800365,1
3579,0.3269475138495189,0.9720865637272115,5.245235473395796,1
3580,0.7159923149150083,0.7908384070362614,4.052850550667409,1
3581,0.0787185251249079,0.4146423077990138,3.9423015645726176,1
3582,0.2855484991558691,0.25587842440979464,4.535747333508981,1
3583,0.6857090831752707,0.22677145697466605,3.3520631009535906,1
3584,1.0,0.984473993445128,0.3590910645229085,1
3585,0.007141726246855484,0.864023864902475,5.162432924681583,1
3586,0.9368169332458604,0.3077523797960538,5.630702713567009,1
3587,0.730387710556941,0.3198277984308712,5.720996717320559,1
3588,0.7480046547256732,0.6091740447957792,5.474897629688643,1
3589,0.5443145707827339,0.997123441638006,3.6849295945274227,1
3590,0.9991089762606368,0.45656011362578997,1.0310669540568005,1
3591,0.0753334284099304,0.3620112306141096,3.3995430238903714,1
3592,0.5872549675186785,0.20960144902802086,1.9036837130593982,1
3593,0.0,0.24283043511981764,2.2229751213820146,1
3594,0.4870811861913256,0.9935367312612796,1.9595569829668766,1
3595,0.5620337534270023,0.7983046665550861,1.810792924009011,1
3596,0.5436047260493494,0.474359376753703,2.7319203012455806,1
3597,0.8749896817224436,0.9988289592875277,6.17279511577782,1
3598,0.5577945567912332,0.2819507470174822,1.3060583817585523,1
3599,0.22782955904743793,0.47669879058051845,3.983437261566686,1
3600,0.7834726235278002,0.04054421296294582,1.8738880822393462,1
3601,0.6505586380800484,0.7349304571788768,6.128016195562492,1
3602,0.026066376598363892,0.0,5.340268306983709,1
3603,0.24104543691502953,0.33447647371137157,3.2704675483382397,1
3604,0.6797706314126147,0.8011212754816085,3.7261838699853147,1
3605,0.24942854458380775,0.18049766124485825,1.9885554261309217,1
3606,0.36538897377709195,0.3867914787640957,2.3883798027347205,1
3607,0.457344823921694,0.7780816303520145,3.3772755299154302,1
3608,0.791643016132637,0.3499010069823199,4.156407841527635,1
3609,0.3543199504294165,0.1773924219163984,4.8942459710585515,1
3610,1.0,0.8081203801396575,5.0040847666008865,1
3611,0.9233493085179474,0.8250787658215505,0.6800653778057385,1
3612,0.42818907590577143,1.0,0.9700808093245472,1
3613,0.5851060953125345,0.9989617420770042,2.697837510951501,1
3614,0.9231003157224422,1.0,1.3793458514708679,1
3615,0.22503555487315935,0.600781773194329,2.0836681053275696,1
3616,0.11403951601663907,0.5755111693948967,6.0603595715643115,1
3617,0.39766494330282287,0.02304165049684353,5.523209979948597,1
3618,0.38702945113664355,0.7312175675122734,4.036029149751239,1
3619,0.6684114545462544,0.03949467056455606,6.26823594045029,1
3620,0.9974090132661122,0.9807868169891623,0.22675331971425916,1
3621,0.0018675206136110354,0.7642593631224953,5.003896521342687,1
3622,0.5951890160995809,0.9913280347741931,3.7422996631603365,1
3623,0.4883009091246052,0.03990131318764464,4.855168823042595,1
3624,0.17978005554620957,0.0,5.302423275672158,1
3625,0.7029793860570659,0.002389301279478056,0.11961249603548127,1
3626,0.19462020432332305,0.9155394310165348,0.24638251666073438,1
3627,0.15444152682207285,0.9977085692300315,2.898210317021683,1
3628,0.48079069038573236,0.9814306826711573,3.9367236730148956,1
3629,0.012761496574724114,1.0,2.3261018684439803,1
3630,0.5852235381390299,0.008694673337084634,1.0131687311790771,1
3631,0.42086947536808983,1.0,1.0196262898162614,1
3632,0.06115735380650809,0.0,3.6698238546127024,1
3633,0.2661222028077395,0.41382956262428255,4.48899347788295,1
3634,0.5331351948326916,0.6104727111341814,3.1328137693414466,1
3635,0.9408933498368695,0.8969097200986689,4.870304094841456,1
3636,0.9139214316231978,0.1635816995172446,1.101403230621935,1
3637,0.431511845680877,0.9987340348680286,0.9328801311402701,1
3638,0.6295344186971793,0.8271576220551526,3.5310661602070703,1
3639,0.5068394680916257,0.974765928819132,5.996328322608973,1
3640,0.567869396802255,0.05323910034298874,2.5908566999818765,1
3641,0.7107461282062955,0.6921639620850872,1.9986849098026414,1
3642,0.004808614967013459,0.9430599962756224,1.806597846695822,1
3643,0.28613586297276367,0.11356970047834272,5.394691945302254,1
3644,0.05226274542982937,0.7567305048647757,3.0728146808280856,1
3645,0.9551466067444856,0.15363940208119317,0.8348118799934225,1
3646,0.047458925535087786,0.8541990162222097,1.8254771158318257,1
3647,0.14238611756263753,0.1706529208333572,5.752329644422153,1
3648,0.7158623266262906,0.19810239893279621,4.391112990481779,1
3649,0.936873443563379,0.2879455306644589,0.39194422628830905,1
3650,0.9087159733536433,0.5682774010361826,2.1955210327472647,1
3651,0.2145247622106609,0.6285880111332245,0.14045030481453846,1
3652,0.19675279757517183,0.7022499004622053,3.329784113856158,1
3653,0.02464450241557642,0.36147429938738124,5.4850864828895585,1
3654,0.8260325842851166,0.18432202172086296,2.646214420785206,1
3655,0.0,0.9333998323653742,2.7926859151394874,1
3656,0.3204246238167648,0.1639973316426816,2.077960632657653,1
3657,0.27330301313436167,0.9944247945146565,3.001706576486273,1
3658,0.15475595091079075,0.07326133407022413,2.9026270247738912,1
3659,0.9995687273694804,0.9325559405000287,5.866435443721935,1
3660,0.11609400203153243,0.6947824132792203,0.8875040359432356,1
3661,0.7612684842710485,0.48496075876370653,3.302800578388785,1
3662,0.1028578537520514,1.0,0.668812561661408,1
3663,0.061542676043648784,0.07652864402515604,1.3893334019416157,1
3664,0.10354079761484933,0.8201935479861338,5.694963383540233,1
3665,0.9561267128266763,0.008863386342616544,5.71653252859263,1
3666,0.10849035532161193,0.29939555719969163,6.1898220922412195,1
3667,0.1402098623393569,0.5692973569834309,1.931430498899744,1
3668,0.5705299445694533,1.6447917840649515E-4,2.958623565818416,1
3669,0.6045484574025104,0.7119543366376551,0.9365433041880399,1
3670,0.2569801168987008,0.09008203417223562,2.4486714281155066,1
3671,0.7705542696797609,0.9745812256901074,6.251065387948014,1
3672,0.15747110729696145,0.5531643076646893,1.0179265420123382,1
3673,0.05293027193835691,0.7015065574843119,1.9813994499976442,1
3674,0.0852850805047211,0.05775955421664307,1.1552376107665256,1
3675,0.2214937031252494,1.2348162960311557E-4,4.2005250865137365,1
3676,0.5722764097740228,0.019856846424880073,3.6487427304624984,1
3677,0.951865640882906,0.6746070310581415,1.1300248654293694,1
3678,0.9953313140852238,0.5516369774749986,1.787708005089896,1
3679,0.5736406638174127,0.19661578207170122,1.911895249544092,1
3680,0.4427943167815895,0.9430318877552759,2.9836798583566018,1
3681,0.29377171031459753,0.7953736687373679,3.397625281596225,1
3682,0.9698725646000497,0.5575268924368597,3.845680886732839,1
3683,0.14681049784867267,0.9995547420181119,0.899366343507873,1
3684,0.37709167741244304,0.7816066510140127,0.27192481274866265,1
3685,0.20865863559884493,0.0,5.299161451997967,1
3686,0.4499029015063896,0.10840417653746842,2.2289033656697,1
3687,0.9468092910609203,0.6529676423439467,3.607598614071123,1
3688,0.4631593886257687,0.9110605267444513,5.677765178445373,1
3689,1.0,0.5002687179762754,0.8165245496563438,1
3690,0.0,0.6999459213978879,2.315952698530514,1
3691,0.6467910221531736,0.5540937163503533,5.104420286614603,1
3692,0.06221302717960895,0.056006280523903565,3.1383764494796407,1
3693,0.2474779290411011,0.7025980695531426,5.9966548505131865,1
3694,0.5369200290042668,0.32902500613051505,4.77960748984163,1
3695,0.1161242335082548,0.6187858000140105,0.001114258821573344,1
3696,0.08822435157523552,0.002543494080952753,3.515732632918712,1
3697,0.24036569950789205,0.721906061807165,0.10143248766175017,1
3698,0.5617220343856277,0.6726640733621103,0.7881934453636241,1
3699,0.9997068860799735,0.11382070916324816,0.9918289845969446,1
3700,0.5217481508630138,0.5348426812574274,4.094471798072098,1
3701,0.2610782524342094,0.5206036141423454,2.721297274529946,1
3702,0.4012416877813969,0.9832255037882224,3.962213948964509,1
3703,0.15882483597078134,0.4417329867680714,3.170305774384164,1
3704,0.3598603843762093,0.7798873732026109,0.1727655650116922,1
3705,0.0,0.2256354766286054,2.1724827655173162,1
3706,0.7590640426690602,0.8429614677024143,5.805863739786267,1
3707,0.599440534277283,0.0,3.9063103281331415,1
3708,0.5984762970571242,0.9562793511437099,0.6576694509310883,1
3709,0.13695562804410732,0.4241837288733848,6.142192709693932,1
3710,0.5152774788130006,0.7269225141907567,3.6962285216175426,1
3711,0.8030304143583035,0.07553531061839544,3.0217597400356273,1
3712,0.6090926656862852,0.9815405299640111,3.391854190037707,1
3713,0.3385009353942507,0.0,5.100843692450548,1
3714,0.004532126814567112,0.9088012186429297,3.447244588008203,1
3715,1.0,0.4638900481299929,5.6499099090554505,1
3716,0.09766668347254538,0.5739101260881833,1.079456255483004,1
3717,0.515041800679913,0.75228243346428,2.813257469790895,1
3718,0.8052060973107137,0.8674603755808261,3.8930166657281924,1
3719,0.44827695140979296,0.5956564285544117,1.0210576238432238,1
3720,0.43167412210308814,0.4731660240240114,3.0836125806780474,1
3721,0.0016065272852246026,0.4595423661045073,4.237031952848839,1
3722,0.5366259644599354,0.4590181014782233,0.2279241484788925,1
3723,0.7161875911666524,0.0011384927968077466,4.4614183540763115,1
3724,0.00898103562775439,0.6284735340096894,0.6726633684656427,1
3725,0.48214990822898096,0.0,3.680209815365072,1
3726,0.0,0.43560918249769015,3.271299228335743,1
3727,0.8007969864772895,0.6577218145296888,0.4394783966147481,1
3728,0.370577032363466,0.8066956583553577,0.04686204998907198,1
3729,0.5442536467920315,0.11198221162107823,1.1359314889230891,1
3730,0.857413981346498,0.5117030139603146,0.6892508643076941,1
3731,0.2439523003105646,0.0011467903273048997,3.5792038772965333,1
3732,0.46862938252346203,0.9974695023287152,3.629222460241972,1
3733,0.9688381671224444,0.2748461178642778,0.5818087209922838,1
3734,0.33748530495754914,0.0010320592360845379,4.92520824111342,1
3735,0.4715258498522886,0.6990264100998927,3.6541804053145865,1
3736,0.6909181406973367,0.9980997483333026,2.868112171007484,1
3737,0.7960607429105384,0.1990453374511548,3.8942082714309874,1
3738,0.8072026021285515,0.6981081042294186,0.2835550902955583,1
3739,0.4937371400533842,0.5292931152063339,1.8548231320479809,1
3740,0.015206870738240758,0.11372538667179513,1.0626683278091609,1
3741,0.8901091403636817,0.9975361475885279,2.5418429962990734,1
3742,0.9971608928227041,0.5715975986555276,4.99053497670305,1
3743,0.3878504065294816,0.26707192342135044,6.2306679269020995,1
3744,0.229770533749783,0.9626439384555888,1.3655341256489533,1
3745,0.21643580924092023,0.14169623690653696,1.1751435474033036,1
3746,0.8794413073987205,0.22917074314659536,6.005315697656164,1
3747,0.5534253165560423,0.5015638889755043,0.9962937282449079,1
3748,0.22398183801239965,0.8129183310540469,2.4309124997962166,1
3749,0.8999792558527998,0.1097066633093806,2.211394449455218,1
3750,0.9904694625372092,0.27642691552319604,2.2355868527309712,1
3751,0.8620325220388213,0.2103168466203116,3.9044110712324978,1
3752,0.16021016163841087,0.5662458945082944,1.3649842591966734,1
3753,0.019201045552200285,1.0,1.4654314218291766,1
3754,0.7172244793143433,0.839669307689425,4.24745900865192,1
3755,0.45466285264359574,0.2821480748024577,5.461970724903004,1
3756,0.5678356877798236,0.7086556168360201,1.4994722918375645,1
3757,0.1671383663610187,0.6842934035986371,2.011121430361527,1
3758,0.6936146465982193,0.6337007264113799,4.598243538294169,1
3759,0.966885709888836,0.031515434397624185,4.871748065136955,1
3760,0.36234464456660465,0.4684357558240481,2.3982363888895706,1
3761,0.0,0.44051135636843075,3.1886928321858616,1
3762,0.38568350427924664,0.0,3.4205605670724823,1
3763,0.36075632801665913,0.7146553372447801,0.671480539044463,1
3764,0.9936410002628824,0.45129270444749736,4.157809894582424,1
3765,0.8677286659714968,0.4519552979614304,3.5347551817838516,1
3766,0.08227555155334398,0.7318782055580347,4.386402107470665,1
3767,0.09793202906016496,0.0,4.811797497908098,1
3768,0.0,0.10635595716484125,2.2019759292608887,1
3769,1.0,0.9035155510344668,0.1986281571656147,1
3770,0.8342611613220756,0.7550691629862135,1.5038746982776185,1
3771,0.8170098791683013,0.5307162634608585,0.44733604594912435,1
3772,0.8946011792536276,0.9361381677858928,3.197394323194744,1
3773,0.5198767529661898,0.7805045867745788,3.960732805284086,1
3774,0.11297203139211268,0.4908501279990369,5.90211429908832,1
3775,0.21780510726267102,0.6887616702398759,4.549514502313525,1
3776,0.9870168743632728,0.1664666434689272,6.095589435128846,1
3777,0.0015686873185194329,0.8027559989064117,4.734988916643462,1
3778,0.29797752851895176,0.3057678145570287,3.621815791090631,1
3779,0.9879582045889783,0.4791543794851891,3.5400191592359067,1
3780,0.08468697709518799,0.9993324464976115,1.9108030256598467,1
3781,0.653978753256561,0.8097829697073786,2.978525613272223,1
3782,0.5412889814943916,0.30100229345995716,4.228810637909112,1
3783,0.980859757515608,0.08830534517528887,5.4838321080048535,1
3784,0.421535960707416,0.5985546072860076,3.484795426990653,1
3785,0.340160226372964,0.6451372121176645,6.215629583432133,1
3786,0.4560706756518232,0.43378655740163047,0.30203655789210226,1
3787,0.6320185996823027,0.8893907954218482,0.7585703244971304,1
3788,0.7245215418765402,0.7643027281766015,4.4566413496861355,1
3789,0.9994323984851271,0.5708731793874232,5.86190999633537,1
3790,0.796315671091931,0.8296849501596589,3.5828581559065853,1
3791,0.031545828579317446,0.8242465035308304,3.066402040114744,1
3792,0.6885031239147774,1.0,1.113354817793688,1
3793,2.3052514843059066E-4,0.7339875746816785,1.7996019605784832,1
3794,0.9997482446916287,0.6290233990943086,4.516222415951528,1
3795,0.25886428865490163,0.9998963598564143,6.153269984367685,1
3796,0.41283768077033606,0.0033182109634108644,3.5323626911187,1
3797,0.1362124940792189,0.28627433756197374,6.04310652266824,1
3798,0.949690668667762,0.0,4.356164066049099,1
3799,1.0,0.098925728760642,4.918045955810625,1
3800,0.9974866268369375,0.0,4.194587592014689,1
3801,0.36045185097506377,0.37433773667329395,0.010085800564154201,1
3802,0.938406171962328,0.6660855341656379,1.4577539443533705,1
3803,0.6432766771865123,0.7774516701393591,3.900752858747588,1
3804,0.4312793607923543,0.0,4.738190823951805,1
3805,0.001086909832122555,0.3350279512783702,2.9513884251891915,1
3806,0.5360425783054922,0.7729952421728453,4.384910261901615,1
3807,0.27633326250812534,0.3786174396667654,0.2145962785413043,1
3808,0.6153874086646003,0.37335652539525815,6.131452297320667,1
3809,0.9693533111106898,0.829226855800137,5.437148207129782,1
3810,0.7718794204695459,0.7169487107540963,4.148676572994892,1
3811,0.7501904295319711,0.9996462119262693,2.6937175203371617,1
3812,0.33551160328968455,0.31545511435857104,1.8423043937288048,1
3813,0.02426038270050933,0.8469384241567094,1.0546923183285886,1
3814,0.05189232995662262,0.3728197702015565,4.383662585040634,1
3815,0.0,0.5031452579981135,4.077579304034724,1
3816,0.9123653863137738,0.7209346939817384,1.011005953759725,1
3817,0.8852064297163021,0.5572303218317514,4.669432066793187,1
3818,0.43855068398921826,0.5647071599016681,2.654719785307481,1
3819,0.11023487335728029,0.1978825534348753,0.7662337388652746,1
3820,0.37984283850654504,0.43439416126765135,6.0006830373592335,1
3821,0.7149960559137383,0.9992011819393717,2.7740323439499037,1
3822,0.8560584293327483,0.12394615551521417,6.03437127284152,1
3823,0.7942714616710742,0.37905714307987,1.064039132671314,1
3824,0.7102923138532128,1.0,0.9197232750122596,1
3825,0.1756279027675751,0.21077001792635863,0.4688321916309882,1
3826,0.4684119525342577,0.4779396164935313,2.7863930678671194,1
3827,0.0,1.0,2.5387465458931557,0
3828,0.2975916408195143,0.7601244897942091,4.584598352023786,1
3829,0.5444503921807654,0.950261114413348,4.136727468032205,1
3830,1.0,0.8170420321870038,0.3603496917093141,1
3831,0.5809825835711151,0.0,4.732149504655567,1
3832,0.0,0.4140941403540755,3.7274636277483153,1
3833,0.06276989893899562,0.22177682393861253,1.5008015325389445,1
3834,0.7763577732224,0.7819764813324436,4.345502258983593,1
3835,0.8005486757129306,0.5217941593952227,4.478882284414963,1
3836,0.9910053289152135,0.06689495440036627,5.0312601070092855,1
3837,0.807084534091832,0.18773153506858672,3.8011926414007475,1
3838,0.4457338727353759,0.1629573051788207,1.6421769206715071,1
3839,0.6558981461730579,0.9998748835161818,1.8748965960305832,1
3840,0.999092366107107,0.7816070050123808,0.9758091114056346,1
3841,0.4835472033373396,0.321182696242607,6.066162253317484,1
3842,0.5899163349856625,0.8622759779492918,5.603998034187623,1
3843,0.7518620956331133,0.5047306771542465,3.5050729832108827,1
3844,0.4448281449740332,0.12329066233220688,3.737873580270675,1
3845,0.9220507322162621,0.42999236767860516,3.9042808596272933,1
3846,0.5001600917294637,0.7561748393557723,0.6803343811621896,1
3847,0.02539789976696806,0.16297811535709092,6.165184306038162,1
3848,0.6784222141546167,0.6293217907418733,6.102421382512684,1
3849,0.5575677514045198,0.9897867321765578,1.4020475839104234,1
3850,7.365433010139481E-4,0.8177617896462489,1.8508252338437488,1
3851,0.8770867432658701,0.5211178904791135,3.714946291835563,1
3852,0.21986939618857249,0.4646171137169729,3.5277657383345176,1
3853,0.1959038627991472,0.5291902364796205,1.1222221605225338,1
3854,0.27534335704760426,0.11898555058050521,0.22285074146312156,1
3855,0.48767713578137556,0.570559643617661,0.5251537491070468,1
3856,0.6381088390151712,0.0,4.296340171924609,1
3857,0.5698287705256878,0.9882840495130791,2.5234730508272687,1
3858,0.0,0.9989368711588869,2.1514593424652158,1
3859,0.9580309305449296,0.11050202264246664,1.5551759146419475,1
3860,0.8432251437803877,0.7011413591636374,0.47285609937362283,1
3861,0.9996461219809655,0.9987175018894358,0.9764857141854226,1
3862,0.47806103545157763,0.7693403366286198,5.802823602892674,1
3863,0.7988128803106286,0.4376052885979742,0.24554034513308484,1
3864,0.7229104223090146,0.29380844044766397,5.474881470761866,1
3865,0.2565634984730973,0.5482520346165759,5.446816736936907,1
3866,0.9629711293918375,0.8636298755103863,2.524662180719164,1
3867,0.6263864979292297,0.860130930077999,5.3002575574646915,1
3868,0.13805199193360324,0.0013174130229213128,2.977043978255431,1
3869,0.8780103874308225,0.0038732164257649507,0.10009151221752682,1
3870,0.7016434826478202,0.7837653897671376,5.988642631775827,1
3871,0.1696043197643153,0.0,5.250568371657332,1
3872,0.056799442068470374,0.22528546721634643,4.065179877904828,1
3873,0.2111222708901304,0.45477695043665417,4.822543008262868,1
3874,0.02623799879156189,0.24674129734442068,5.454585349631678,1
3875,0.19815481470735802,1.0,1.7420628295380751,1
3876,0.18828231139116275,0.09487270854862752,3.6331792643305203,1
3877,0.550339592619293,0.03305942935568252,3.8007553369147176,1
3878,0.7968086894880431,0.11420014607762288,0.29580576498585376,1
3879,0.37189377633810905,0.9999124431665142,2.0377729528587785,1
3880,0.5147468691809166,0.7610673161904897,3.2956135366126755,1
3881,0.1293061742260434,0.6630417908252629,3.8755350147439356,1
3882,0.43787286755485444,0.17281921749837262,0.5688905209273443,1
3883,0.6382790035457385,0.28842627064300497,0.8332811401577063,1
3884,0.5340691300205972,0.6347950484147649,2.264153652261292,1
3885,0.27871760456469624,0.15614607474409486,2.533452353809232,1
3886,0.17474574854533875,0.7814958052433494,3.556687190533022,1
3887,0.11524673761863527,0.3851078312237779,1.9913528793280684,1
3888,0.3002023153396477,0.2756649689130901,4.796987218545127,1
3889,0.05607954778087449,0.0,4.865615229604447,1
3890,0.9414066248073868,0.42989619553748587,3.554451344410546,1
3891,0.4836683380434268,0.43323707788932525,5.398817938289108,1
3892,0.8631617683252651,0.5677365566191986,1.4142420003665115,1
3893,0.47511737440024515,0.7786529290496662,2.4966681332541287,1
3894,0.9102814524052173,0.6800738397620419,3.4391718968783374,1
3895,0.45735410854881203,0.28019963546663273,1.436909990695067,1
3896,0.8550432310521864,0.4599634996945148,3.0344060311707035,1
3897,0.8248000182977081,0.7476549934012884,3.44733595653542,1
3898,0.3352648011944544,0.332254760326095,6.0128666596992755,1
3899,0.6447924664838234,0.3976836216900698,5.810310899494851,1
3900,0.06497652972045484,0.8311695461186042,1.3377796461995612,1
3901,0.3461502770290538,1.889150578397611E-4,4.686493491459729,1
3902,0.7790919666791456,0.4503138766293659,3.5660683739775294,1
3903,0.6654882582852635,0.4734009282069247,5.694918264535569,1
3904,0.5436709604860496,0.5332399699242057,5.967424469531605,1
3905,0.8860328298484728,0.0879743380663556,4.219304495068738,1
3906,0.5757158293848386,0.5619556206346015,0.19180332525608781,1
3907,0.8847193711813899,0.8500788944984216,2.0579565488173244,1
3908,0.051748008249558435,0.4469339839410839,6.116359818899056,1
3909,0.0,0.5934554347716384,2.1352683381552264,1
3910,0.9474592281558539,0.47978353330998497,0.1523227917701504,1
3911,0.5246639825325363,0.058135666469937126,1.5647794813567226,1
3912,0.8337831507524268,0.3615332413518275,1.9640796568860526,1
3913,0.37619105223459487,0.763303276186344,5.266861595023834,1
3914,0.7947365176168653,1.0,3.1408761678293993,1
3915,0.37255214822012717,0.5492207139583386,4.7274392792369495,1
3916,0.7181331620083062,0.18956356885531464,0.8183356703705718,1
3917,0.9818376027118945,0.209263774543227,4.479918603808896,1
3918,0.4319991040941398,0.7465162146288202,5.722266794341434,1
3919,0.3217230526896594,0.19346221348114245,4.033317356884596,1
3920,0.7591217964261578,0.9565843861188045,4.9033715043588355,1
3921,0.5822988808782968,0.8743641750365716,5.303618267203798,1
3922,0.36207616477018456,0.07383211041478309,5.231330751177196,1
3923,0.45468385947338513,0.5620478255745927,1.6615227085448405,1
3924,0.4161711337331307,0.7469903438195467,2.033154206072615,1
3925,0.9420189748888885,0.45975763952141746,1.2415894902038536,1
3926,0.5505246047409678,0.44772958480556524,2.4366020136517705,1
3927,0.3732968420487047,0.9531999666896713,2.338155249046859,1
3928,0.7942882377590641,0.011483422152900914,6.258912744403884,1
3929,0.953466901150292,0.9209742970349868,2.4591660505628674,1
3930,0.0,0.37031722789715177,2.644316900328041,1
3931,0.9644758425735513,0.593694112951651,2.5562465515697204,1
3932,0.4348907769803764,0.7687886104361954,4.1761781616602445,1
3933,0.4552141536316944,0.17837702403916372,1.82276083763293,1
3934,0.8920020929277866,1.0,1.1087833779945155,1
3935,0.09413560895693981,0.005321225221575343,0.3373312014249527,1
3936,0.9939867050956421,0.8148006880272137,4.486550614157495,1
3937,0.5666596826383209,0.3574190591620004,3.878412605599353,1
3938,0.0,0.5162984382936311,2.8495411655314182,1
3939,0.0,0.7141499195417794,3.1775890683574763,1
3940,0.28907993782166536,0.43462842703253163,3.3889800398664245,1
3941,0.06854492412863784,0.38033153578376494,4.324165443463792,1
3942,0.6072716564337833,0.08390075265914855,5.792543747221353,1
3943,0.2907957990586335,0.09379041879720008,0.4610845580359545,1
3944,0.0012199983579292764,0.9079871175928885,1.5594890154760164,1
3945,0.31241469504290076,0.5798885229394601,5.493244762012104,1
3946,0.6335478171783167,0.3135066271768068,2.509157499161207,1
3947,0.23241621812342497,0.9979243817220393,3.344515399982025,1
3948,0.6561167674443917,0.3123450386512585,0.16045233846766482,1
3949,0.5198511097856454,0.731197209506737,3.615727524883392,1
3950,0.7263656444509402,0.5215175223512099,3.9878322228781222,1
3951,0.4174061682842178,0.2606200246289098,0.6081949480763047,1
3952,0.8284761737532853,0.0,4.778372179805332,1
3953,0.3739776775038208,0.314989808773018,1.061788078040701,1
3954,0.8425430272365959,0.9018961677081807,0.3571633722178378,1
3955,0.7094857915659204,0.6658199944792272,1.799696879491517,1
3956,0.3819009371755145,0.0,5.647202797003789,1
3957,0.2367983330764946,0.6245173144044712,4.615124448623585,1
3958,0.4171455301664612,0.8858395249570146,0.907508130800959,1
3959,0.6231430292637503,0.48195841338934303,1.43053103815296,1
3960,0.03731214987522173,0.7391743318067999,5.61014511540797,1
3961,0.8653955314359258,0.808428586268978,3.918260546132695,1
3962,1.0,1.0,0.2281201972424601,1
3963,0.063328116828927,0.045759387873901956,4.940978691514179,1
3964,0.5127672201569755,0.5834185918231322,1.3921865489453504,1
3965,0.6840196187733228,0.4452387223371402,2.388958247738848,1
3966,0.020466607496240324,0.9090119598349452,1.0353671026064994,1
3967,0.710334687301609,0.9653132913934661,5.526881491703208,1
3968,0.16936916944548902,0.1986673753218806,0.5815632252940509,1
3969,0.0,0.6704159950494575,3.591760596999675,1
3970,0.7027780236057118,0.32365408366837006,3.898794891992652,1
3971,0.6678408010841156,0.0,4.37494862431727,1
3972,0.22380637995349265,0.05449664411854435,0.0055531160724022754,1
3973,0.36872215676122105,0.003942547327304458,0.32080698619375925,1
3974,0.35029499020718075,0.40695310460782125,1.7860164911271834,1
3975,0.6011148731155223,0.9355593938071869,4.95375954835197,1
3976,0.7006158192790709,0.00910674241534758,2.499837309130463,1
3977,0.743992919001399,0.7986244602798056,1.0875001911547808,1
3978,0.9938310311152884,0.8483087381527799,1.41209853130992,1
3979,0.6787014994941114,0.9423722783631967,6.011386251424524,1
3980,0.588284652281363,0.8837503537958805,0.5488002900379777,1
3981,0.8702103433361256,0.0,4.660757972814784,1
3982,0.4670917414462783,0.41324406959895754,0.3619384955030133,1
3983,0.5914482150535078,0.4718096212538648,3.248838985092145,1
3984,8.534843856003047E-4,0.48679405599405456,3.4204084592730695,1
3985,0.94543284696407,0.7307931489203485,0.8951289252376027,1
3986,0.16301901434142063,0.8493008447143245,2.4644262788734173,1
3987,0.5560551691766549,0.25578857597446497,3.9337396944261,1
3988,0.2798181199922653,0.5567722535120219,1.2756275147215825,1
3989,0.5682781719001708,0.3383217747244967,3.767102271241397,1
3990,0.1296522468965978,0.207398605426301,1.0719270910775287,1
3991,0.7000006225818131,0.4832441342686199,2.53884572635494,1
3992,0.6008961373089866,0.3923201534715399,2.0366191283218185,1
3993,0.8196445546743523,0.5773457081645866,6.037631239381592,1
3994,0.8176521683662042,0.47460302986668346,4.850401775046156,1
3995,0.7387320954529655,0.8330062530210565,0.9389106669103668,1
3996,0.8093845556979409,0.8995305435478829,4.271900576728337,1
3997,0.6827762106895447,0.3414237988058946,0.536463991033659,1
3998,0.9997115355732565,0.18877904084020758,5.484863472310833,1
3999,0.3016297597151092,0.21506477521146772,4.038153823335381,1
4000,0.26827706123346845,0.3341349718183854,2.186937008147206,1
4001,0.44100064205840867,0.13503299819167966,6.029108875867135,1
4002,1.5252532402502844E-5,0.9919070059901584,4.583733096542084,1
4003,0.6373095423400824,0.5509940805439195,3.9705288063263335,1
4004,0.6390449588949499,0.061558032509876154,1.7147857578042813,1
4005,0.028733236718971197,0.9994024386721516,2.315039486173381,1
4006,0.9696058747432216,0.7060075874019183,4.842089990536614,1
4007,0.372150370401791,0.6831877353719544,1.8443621345574048,1
4008,0.20094807564800876,0.07127595464162069,1.7227129683809064,1
4009,0.18027013223130395,0.8872731957294919,5.8242134098538,1
4010,0.0,0.8624333156248686,2.5603549109648926,1
4011,0.3344057720073849,0.8486858741141605,0.11919204618920207,1
4012,0.6746198930778664,0.7680591856815474,5.58496766800262,1
4013,0.0,0.9781694493552626,2.426459924559637,1
4014,0.2908584122503093,0.4991164780509184,1.1460721114325534,1
4015,0.4256647492261586,0.8764651630916456,4.360290911892521,1
4016,0.581804224974911,0.011761545187925345,0.4983440467090954,1
4017,0.34896736927842503,0.6083622858758025,4.571688902877414,1
4018,0.9451551020916681,0.38083741712797525,0.2959131104659696,1
4019,0.33291683046932335,0.11613641625384559,0.1942570412751101,1
4020,0.2519528719974764,0.6944033227449964,2.806608938491961,1
4021,0.44527858812153637,0.04962294405978236,2.493537642297304,1
4022,0.614001669266346,0.8434724976306461,5.766524623235049,1
4023,0.7972619730978867,0.5934279837247675,4.5577576443525505,1
4024,1.0,0.005907075464500186,5.766743945154601,1
4025,0.9570119590625459,0.40312026792439654,3.220558047588944,1
4026,0.9895854208632231,0.5738945395239154,5.5691292407103825,1
4027,0.7016481156266627,0.7260823723758033,6.198090637547818,1
4028,0.21253812439067693,0.0,5.143046430896236,1
4029,0.18783156805602028,0.31719034792726236,6.269780045913689,1
4030,0.003410126068100944,0.2519356826574495,5.138295965014287,1
4031,0.0,0.5226855288863145,3.730919795323978,1
4032,0.012804783873893435,0.9272447276635659,5.302017750138991,1
4033,1.0,0.22127757112534668,0.14685477308385275,1
4034,0.8249286108331866,0.9997684830193946,1.328485778120368,1
4035,0.5886197138640448,0.3397889558479728,4.726012311504788,1
4036,0.0,0.7210231693387638,3.3656622006255237,1
4037,4.6854042342870284E-4,0.6156025538438428,3.278409295901855,1
4038,0.0662211479029567,0.21160004765865148,5.94977839160178,1
4039,1.0,0.739808300380247,0.7815384751821587,1
4040,0.5438421434912748,0.026676822260825715,0.33265163330873315,1
4041,0.6551405338989222,0.6752685345560119,5.191880447851651,1
4042,2.588917034896445E-5,0.14800482692372052,4.559082563563246,1
4043,0.14406652326331099,0.9991874396214744,2.553424047794115,1
4044,0.8387854487119315,0.7333910492214434,1.2312756396540498,1
4045,0.723226121560686,0.6431214318447703,1.5841200694753936,1
4046,0.8904786602399637,0.7789836519364697,2.3849697883680774,1
4047,0.034872851952166495,0.06643838755955442,0.07225813997354763,1
4048,0.2756860487477223,0.9984989087895777,0.6689756382325291,1
4049,0.13485399355436753,0.6793848190615499,4.567973431259337,1
4050,0.9912463259691912,0.8605028402707308,2.329304666732017,1
4051,0.7749369056035222,0.0024964839388640627,5.068724695328941,1
4052,0.12607510922351944,0.4693762839383778,2.1557506927900296,1
4053,0.21710995022549065,0.21760492803223663,5.299772511092542,1
4054,0.10029575732005737,0.0022466680812107485,3.3449321593554364,1
4055,0.34469987262000606,0.9025870318995034,2.6590947253068,1
4056,0.10833352161180908,0.9998059581141826,1.9077696967527777,1
4057,0.0,0.5753440590126071,2.0902662898219697,1
4058,0.06749126201422039,0.03564879019064206,4.045157798381206,1
4059,0.5373746855783986,0.4559722714882462,2.40353655723442,1
4060,0.9982206676780435,0.18050208695108336,4.4406954747381455,1
4061,0.6803693394702882,0.9991672310429266,1.5943477747669712,1
4062,0.3010122285172916,0.6226245207829039,1.101945082511018,1
4063,0.5568988602745777,0.9250512280423459,1.0309844983751988,1
4064,0.8319346600778228,1.779668283143881E-4,5.171060251511815,1
4065,0.41912034532770165,0.21461164289629414,1.2095240859004897,1
4066,0.5727773611631265,0.7549243571761557,2.5525749633385524,1
4067,0.6648156488139919,0.15689289310169033,3.745411683038465,1
4068,0.9213133022508951,0.4511234086353182,5.363397606165399,1
4069,0.9043295865783075,0.13710623812591746,3.572071209805896,1
4070,1.0,0.09659373242833426,0.27089290713192565,1
4071,0.4192286717729419,0.5489375893411251,5.294876633650253,1
4072,0.8878151339651532,0.5796427816073102,6.27667185376323,1
4073,0.3256989162028029,0.9368544069953088,1.2543768174894612,1
4074,0.9990899042616564,0.9941330028761772,5.486138664777315,1
4075,0.1773851275656087,0.5825025159485672,2.0331431971635174,1
4076,0.2942044138186881,0.7282931070150842,4.414625396675627,1
4077,0.5506582042910693,0.9844877154740368,3.557899584205239,1
4078,0.8573559279489932,1.0,1.3625354708254658,1
4079,0.11414159656354056,0.20950809713125682,4.326996751759759,1
4080,0.2630774411243347,0.9995134157706581,6.1021467876500495,1
4081,0.99964205805608,0.9256305847782195,5.738822415052155,1
4082,0.48433957398821725,0.8059578389853026,2.321772422804162,1
4083,0.532009630949188,0.43233575448044226,5.365879189729201,1
4084,0.8625356649509273,0.3230025115033979,1.1688266627841992,1
4085,1.0,0.9999316797496275,0.5303910114836873,0
4086,0.9995416463436257,0.47487627551032213,5.870115683489573,1
4087,0.6278332104910851,0.908548167122719,5.292266465839575,1
4088,3.848015223506397E-4,0.8245926084336408,2.433024807715077,1
4089,0.14523142963315436,0.9297828429717304,0.3601253934355181,1
4090,0.2382693204346335,0.2768331341417456,0.63101336207796,1
4091,0.9884042558230273,0.3403870063711698,1.6834728107451649,1
4092,0.7180580766183472,0.37953327559789574,0.0565202025188096,1
4093,0.0,0.33836300430628813,2.830750486270039,1
4094,0.93875643242923,0.9399081067439187,0.09999892108577257,1
4095,0.25997794553522924,0.9977874677357957,0.9890242394416136,1
4096,0.19391723706134192,0.8726419975767885,0.7668091083391471,1
4097,0.7063678021796146,0.9773626751813749,3.028326623043942,1
4098,0.9802771548363006,0.026358669143143866,1.655779961010185,1
4099,0.275550337865117,0.16520937454107032,5.504860382968511,1
4100,0.2526504779164828,0.6143514331946195,0.09129630037146703,1
4101,0.7472701271066439,0.9995688198771877,1.5336212560823836,1
4102,0.7694277633105517,0.01616285994672008,2.684401204608125,1
4103,0.846008885645486,0.9031767224165244,3.9705001795963146,1
4104,1.0,0.9971219402410788,0.7039798062301446,1
4105,0.3223333004665875,1.0,2.6293262850430037,1
4106,3.854436993621995E-5,0.6017738998423443,3.609911598858533,1
4107,0.6389292796319811,0.4183017473888614,0.5504106464456319,1
4108,0.2662324835310158,0.0,4.677383783344941,1
4109,0.19267021503750806,0.960100417017589,3.2218210056843213,1
4110,0.31587415010455067,0.29304590678783177,3.327401086623475,1
4111,0.08364293614487546,0.3058089383122802,1.3541217709025941,1
4112,0.7020994636217605,0.003953195351229155,0.29299991801913583,1
4113,0.7304490702367477,0.6081488059342562,5.725287448639893,1
4114,0.4981554094832034,0.7154553527673161,1.9960242670523467,1
4115,0.058762857493503635,0.6487633645918828,2.9580136502017207,1
4116,0.5193654954903512,0.9144879113077541,0.21856747614311303,1
4117,0.0657469309537552,0.725352533527486,2.7845489414530813,1
4118,0.8222375980738855,0.4714213711620451,3.041183208636502,1
4119,0.5246124855422549,0.4251733787945471,3.427559057101739,1
4120,0.24834017222046623,0.3133920365827078,1.0695576943605445,1
4121,0.9820485327168794,0.7878011743833255,5.786580241009172,1
4122,0.5501080410530175,1.0,2.2359620960557716,1
4123,0.7583273069207488,0.14812073710636284,4.123485164108885,1
4124,1.0,0.02420656383624601,5.458429797283428,1
4125,0.39801637531398854,0.12468077877578548,2.3273961105659784,1
4126,0.648057395700879,0.3252526387886562,3.607552478464157,1
4127,0.9132603836365291,0.3293722353757993,1.2697157937963122,1
4128,0.9955141893820281,0.9686553502309938,4.366132346330278,1
4129,0.6786105536743199,0.8434998929189876,5.89243371001523,1
4130,0.49337237974433906,0.3974835938498032,1.0529532640274104,1
4131,0.5797910870193318,0.9920637245873355,4.931863110756412,1
4132,0.3207134441099653,0.3370853630998549,0.6633119481301215,1
4133,0.27150602940151364,0.426405439970357,3.4774455502604438,1
4134,0.40060393377824277,0.8331683758040533,0.07819120390002463,1
4135,0.4863291602725213,0.3027228462713413,0.8393534312303662,1
4136,9.906838946883078E-4,0.395079480417699,1.8966474930194728,1
4137,0.0036227153507338156,0.15148169021002633,5.2790087061599875,1
4138,0.30307342691747446,0.6301900677892286,3.5131659899595373,1
4139,0.5629727600142316,0.33235007731865923,2.860553380376951,1
4140,0.10390819565684146,0.022746459018458683,3.138822210037316,1
4141,0.8592666153834853,0.7269619575972565,4.84391392912799,1
4142,0.5082360120226591,0.3198258671262217,2.530793400184125,1
4143,0.5276846981568311,0.9740706544807541,5.407522142592451,1
4144,0.6481731835326279,0.08795080614362781,4.73948977927091,1
4145,0.0,0.9988652315461799,2.0624997559844243,1
4146,6.295009563900602E-4,0.35695043133236953,3.4202814638471817,1
4147,0.9464525770398544,0.025763194086578345,6.103722075746839,1
4148,0.5721568330062916,0.9991758971870632,2.605046985705883,1
4149,0.9128363233166442,0.2149235946952869,4.170970580800254,1
4150,0.235504071569864,0.7074567250038946,4.28070056232562,1
4151,1.0,0.8996160650614161,0.8271849036691251,1
4152,0.9984449875595778,0.9706960385601863,4.80989339423341,1
4153,0.3661630720625228,0.9882474502183599,5.995543836070356,1
4154,0.9466169079470215,0.874598499531054,2.533274485502032,1
4155,0.0,0.10532486439259786,3.008282127588477,1
4156,0.45389049732850645,0.8348146917940931,0.7051221316546815,1
4157,0.8169587828186116,0.40681758379786087,4.306558329676739,1
4158,0.3131862593485935,0.03108182253634317,1.8034313460945672,1
4159,0.8098671607070989,0.7692740752264747,1.5871679354406285,1
4160,0.6306476195486675,0.20759183988643864,3.2589767472658093,1
4161,0.8856556516791402,0.9587803343488053,4.3584217823344655,1
4162,0.36622493252640254,0.4783273216083744,4.060308008693272,1
4163,0.30594221057410437,0.5397449322236445,2.1647551235863163,1
4164,0.3093986403854704,0.4527685496299986,5.473347741522806,1
4165,0.7294597861362333,0.5149296811064945,2.707683403603148,1
4166,0.22911985581424724,0.41969768989201395,3.9429031782877373,1
4167,0.10926310979824976,0.0028179883441834396,5.710749945784609,1
4168,0.8409576277952228,0.08976397005974292,0.26767121824259177,1
4169,0.12215516377042264,1.0,1.8614443930346156,1
4170,0.725932090500271,0.813744925217109,0.05528234528621531,1
4171,0.6257952696577938,0.504533013072988,4.861576910700845,1
4172,0.014126698728853778,0.4692730781728078,3.716687189333926,1
4173,0.07039324577067944,0.8471398105631862,4.4215852932834565,1
4174,0.5062108474459174,0.5978378307769192,4.6385570836614916,1
4175,0.8835489779807097,0.8448284906638805,0.6257465893339338,1
4176,0.4095626895758261,0.5173539228838165,5.72893871083436,1
4177,0.6581797705430387,0.037347309026771566,4.508489749424972,1
4178,0.3194458868953008,0.9536531439359718,3.0798857732902425,1
4179,0.12018291847776114,0.10724291439761514,5.063591007311014,1
4180,0.34856822144980915,0.7332036273099514,0.8032469173941306,1
4181,0.32340523997000903,0.001106241492911717,0.1555000370425394,1
4182,0.07850399175423846,0.273318113245686,3.0327896892607993,1
4183,0.846622033183073,0.5726247533626634,2.874793063979701,1
4184,0.6293660761403527,0.4784237023133489,4.140591119548509,1
4185,0.4964018800430249,0.9653188553344706,2.098468468610811,1
4186,0.18123556428933207,0.26275891338317275,2.8664793870071485,1
4187,0.7811877353199127,0.8253168604976189,2.3289154313377862,1
4188,0.9227321685655353,0.6747878444058809,0.5900461626636914,1
4189,0.012020835574889864,0.2595313745115374,1.9323584317955604,1
4190,0.5126747236415352,0.4683215667303081,2.378290444552582,1
4191,0.7448369396280283,0.9477880160259552,5.169343561121704,1
4192,0.9993531775113613,0.5528965971053279,0.1413736329711702,1
4193,0.41719806506642354,0.06998135508853252,4.2227069211215875,1
4194,0.672989749437988,0.7000079965609847,3.9185585275487105,1
4195,0.7230789577883161,0.08118288903061449,0.8720655509143938,1
4196,0.5449220472599515,0.0,3.8351921436027903,1
4197,0.5863050401955964,0.5408403534060047,0.8164578159511098,1
4198,0.0,0.4051276375849656,3.3518468203690595,1
4199,0.0,0.999060505736985,2.6054742405508025,1
4200,0.2043088947472205,0.9440894308445914,1.522228210825081,1
4201,0.0034488042337866343,0.9994590632166483,1.877827197611301,1
4202,0.2634261831769308,0.34203406197803365,4.867315354545824,1
4203,0.3586834601996392,0.9268781675353269,1.0279573980372743,1
4204,0.5105842841025385,0.7136690871504865,6.190058703227633,1
4205,0.09079537143135756,0.999665295929333,1.3676429405004815,1
4206,0.777661925853949,0.22344296421070334,0.8540953932474202,1
4207,0.0784786032288525,0.30983281318000383,0.36655141125155627,1
4208,0.9142277319581802,0.9258983252677608,1.5747699610381465,1
4209,0.03909167933598027,0.0129939743608753,2.35246040401093,1
4210,0.7458462134405643,0.27626408879165637,5.357506526105826,1
4211,0.878345028954136,1.0,2.011005357380676,1
4212,0.8541701544348133,0.8864583580410507,5.1936603097830965,1
4213,0.8465219639877589,0.13859747287837273,6.030533956178784,1
4214,0.40862553874493407,0.6797399945907705,6.150402061509244,1
4215,0.5437599042467821,0.9913747509656143,0.40842572372230823,1
4216,0.05624586371959773,0.7611547167000251,3.5149488875362778,1
4217,0.7391968821193026,0.5294571375333337,2.473795990694801,1
4218,0.520055792982538,0.5392928080502182,2.7724297623770555,1
4219,0.07395571786997907,0.773454574845258,0.2985012976455781,1
4220,0.0,0.9722934958742124,3.8172704803670134,1
4221,0.06746018247305795,0.08502581791979248,5.711513386488626,1
4222,0.6578731804204002,0.3470181833279062,4.818694489687067,1
4223,0.7965642664005116,0.42040193235403633,5.028690052637936,1
4224,0.2714890331870485,0.8515873491382016,2.068410113984291,1
4225,0.7722877412578429,0.133558915754683,0.3991954027777568,1
4226,0.0,0.957255755514058,3.079815543744246,1
4227,0.11606860652332365,0.3303908965764362,5.2372944144208,1
4228,0.5072480940911045,0.27594562071786416,1.0003901912318358,1
4229,0.6476327280890447,0.9095410102102804,1.8104484858579752,1
4230,0.5505527702751529,0.69662965726554,3.937537947557871,1
4231,0.09237146103828511,0.9561132247495842,5.285480682560639,1
4232,0.14843739232149722,1.0,1.137465345559421,1
4233,0.27330449926159267,0.19386403490874943,4.438458345269737,1
4234,0.45061083726833234,0.17138825914670197,4.870612903168831,1
4235,0.44182845863104,2.9099424411396774E-4,2.955441526652631,1
4236,0.7689720092067931,6.584376195044412E-4,3.0048769543775893,1
4237,0.8667581095372827,1.0,1.21963603740687,1
4238,0.04854241307914064,1.0,0.20038292235644578,1
4239,0.5612736700181967,0.7425454751531524,1.5051779144944846,1
4240,0.4957317662884997,0.6453904263020698,3.096892100111938,1
4241,0.482198660363956,0.9529987216137012,5.893828080573121,1
4242,0.6907689732189425,0.7306030041538369,1.824167209272937,1
4243,0.8771283249524603,0.7281202091526655,2.9126865744963397,1
4244,0.5544021073556412,1.0,2.3920839154082327,1
4245,0.2336614458904961,0.006648629746856173,0.267273692511733,1
4246,0.8778913906190532,0.4769699463425725,4.631943289986349,1
4247,0.9981685172078592,0.5531592858366053,1.2150934557240725,1
4248,0.9909968390562209,0.14168930872690583,4.8669677685481405,1
4249,0.7600714810757627,0.11919327942931231,1.1359938849430606,1
4250,0.5060853113684698,0.4937099523436338,3.058283431634307,1
4251,0.9981783428330704,0.24709717919283536,1.0066839859119132,1
4252,1.0,0.5069354753630706,6.098260327994036,1
4253,0.47003537947065804,0.21666305696910934,4.515249202240264,1
4254,0.5648625885845407,0.5369021893204924,0.2901156896899353,1
4255,1.0,0.28023392170455713,0.8106141484141407,1
4256,0.0,0.007108956870369111,2.269466238993268,1
4257,0.07893635470410393,0.3688671015894569,1.3707580168885205,1
4258,0.721325753854175,1.0,1.9015584910421273,1
4259,0.25463061980870166,0.19823681511005964,0.9968649177682585,1
4260,0.7193896497850278,0.6519206305777786,4.547131176437758,1
4261,0.08250050129568373,1.0,1.333997285448831,1
4262,1.0,0.9032843155122745,0.3183529975700454,1
4263,0.7029303662052551,0.651079425463329,5.76304259392103,1
4264,0.12691815955769245,0.3928639530696228,3.9407931544241857,1
4265,0.18145255044130956,0.3253026454062227,5.373907099108351,1
4266,0.07116371481527588,0.6964125982019658,2.73659525907146,1
4267,0.9182655641875387,0.9128221259749878,3.4717774620410133,1
4268,0.5664125330872588,0.6470497412437829,0.7560451305664672,1
4269,0.46145549967426297,1.0,2.5417163789818877,1
4270,1.0,0.6459225489082526,5.926494287375324,1
4271,0.7050044653548504,0.7108536042106423,5.82647821720254,1
4272,0.9998534458932725,0.7443815888758388,5.520183869531458,1
4273,0.1649189718235498,0.5227659920582979,1.4835704010703548,1
4274,0.4214950304402667,0.5077217733410462,2.143901089251836,1
4275,0.7806784143293591,1.0,0.41004550717723953,1
4276,0.08382452650683889,0.6630954929524769,5.034702369164829,1
4277,0.30539774569351763,0.5782946762751447,1.1394642932229426,1
4278,0.7578614823133828,0.4904991410741869,2.1220511595368707,1
4279,0.4282867218925292,0.8506237137435831,1.7461321531256204,1
4280,0.18719591472244015,0.39399820784846074,2.958474764791007,1
4281,0.8011922218303489,0.8861597861016663,2.356844010398125,1
4282,0.9446766826079993,0.6718915515737572,4.239844003087131,1
4283,0.9566911577460443,0.36210613067123343,5.040270398864545,1
4284,0.7001353638803143,0.07769892952632898,4.812967876755581,1
4285,0.6569956446659452,0.0765335243515917,1.9432949895674192,1
4286,0.9530235234407635,0.96580723911836,2.5158416953439615,1
4287,0.4180196195765245,0.004233951722568132,4.820261623412065,1
4288,0.2529678250624366,0.6372903736472306,2.7889776713923915,1
4289,0.6584663514386969,0.29281551555142493,2.5326679938225958,1
4290,0.16088125512863602,0.13605482709861072,3.080976387407371,1
4291,0.42845798983517663,0.8960558287205285,3.166655726021821,1
4292,0.7969209850093238,0.09625651777840435,4.653295030530922,1
4293,0.5372249769742863,0.7617999157225291,1.8115352397609423,1
4294,0.8316772503867272,0.9491380725399805,2.0279414166690213,1
4295,0.4762135094460196,0.34609435949284734,3.1466352425987703,1
4296,0.6279117823539206,0.13798193720637103,0.7275323443864358,1
4297,0.29177140384503064,1.0,1.350710050810149,1
4298,0.9014340048344122,0.7484627708289491,1.2247735724666928,1
4299,0.6709530361381357,0.9489990780732727,6.014892953279887,1
4300,0.8033313202589928,0.0,3.8269081269857885,1
4301,0.8171113286706632,0.10153726476189512,4.251053253296167,1
4302,0.9391487725678586,0.5338931145522613,1.701256303933715,1
4303,0.0,0.9173447959482824,2.732508059061718,1
4304,0.0,0.5227202502622377,2.3706714477705533,1
4305,0.5120411433728966,0.06693134290275274,3.294241104882661,1
4306,0.9922980525671505,0.633202838591192,0.1951017077270314,1
4307,0.7329617692409992,0.10209217476991855,3.497530271550095,1
4308,0.8708027823264082,0.3447308527537689,2.909578101871826,1
4309,0.8174990262702878,0.8598774466188693,0.6201776458241001,1
4310,0.730966043860326,0.20573673957571276,1.6291128052261554,1
4311,0.20377643192961137,0.8747635465635603,4.946663904447741,1
4312,0.7075307234970044,0.10912627680125318,2.9475361683934636,1
4313,0.43320379869077974,0.992104130097742,0.07431607191714076,1
4314,0.08516414371585193,0.3546997296861802,2.32530589391772,1
4315,0.6238115339803908,0.4960268983593487,2.4617596573695395,1
4316,0.0012964912309680245,0.2299916752822063,2.76530785102527,1
4317,1.0,0.14061344195861883,5.387902461319976,1
4318,0.9342185211739584,0.9403181595314314,5.572031555751112,1
4319,0.9800359985186221,0.05592878307434359,2.7142394764487947,1
4320,0.47440473510014447,0.6551840566381065,3.5677368939671914,1
4321,0.297396461583356,0.3143658370712149,2.3823320991110033,1
4322,0.6821396355572509,0.6600370253807822,1.8757133913267583,1
4323,0.5734625464349508,0.7195961034843356,4.280328124127618,1
4324,0.736740121025186,0.05547367636000031,2.555752837172273,1
4325,0.37327896307745784,0.30698910497656745,3.1014480026253266,1
4326,0.20380208790641807,0.4149087562187648,6.041145915471278,1
4327,0.3399885879781383,0.26434293126063096,3.9630111800541385,1
4328,0.9518854553879034,0.8062684317083096,4.85286738672266,1
4329,0.27480016509245564,0.09670085681509295,4.5396234718596045,1
4330,1.0,0.15584412811907908,5.0153555019216896,1
4331,0.00211864753962629,0.6370935233332352,5.023905865017169,1
4332,0.6554375276069502,0.5958438500262255,3.856948716728059,1
4333,1.0,0.9989772025540917,0.19739208935568628,1
4334,0.9848692558640316,0.8391868537530255,2.1705049253349245,1
4335,0.45840622469695746,0.45776878667491583,2.653502209589357,1
4336,1.0,0.7435351633796458,5.8317550686811455,1
4337,0.35807458003195086,0.039783866742903365,2.7502825174992096,1
4338,0.5250181631777344,0.4914537494695564,0.7296434853492197,1
4339,0.37020889130035234,0.09116102566893654,5.224697389559878,1
4340,0.14035777122742404,0.6603223173588486,1.8151293796989154,1
4341,0.0,0.42800034657178915,3.680757326394394,1
4342,0.7999309474228616,0.8759957392305125,1.213971770033739,1
4343,0.5304873060396177,0.47764534131967057,3.5413122272433672,1
4344,0.3172604658144558,0.18982134574382942,5.354442430915697,1
4345,0.9765349516511503,0.23183148365504644,5.017914907893278,1
4346,0.021297744134302594,0.942591719088821,2.7843760555492447,1
4347,0.1285526852549064,0.0,5.331489306017306,1
4348,0.4149626493556749,0.08651225507009933,1.583854756901413,1
4349,0.977073383781727,0.5260848894299036,4.810307572067172,1
4350,0.6835982048058189,0.10024001368665647,4.939337996851435,1
4351,0.6936496589156255,0.9895751809268184,0.722955880096986,1
4352,0.23261567075263126,0.7172123435498612,5.541141418220198,1
4353,0.04663543768884703,0.1518891359072438,2.7042400465341814,1
4354,0.23468286352407136,1.0,0.8598579160749391,1
4355,0.7041809415870632,0.40709197050135454,1.8513466509152754,1
4356,0.052424517453516735,0.614191286163661,2.2934204238614333,1
4357,0.05644244155276852,0.3371321230984256,3.388913081344159,1
4358,0.9989727658430058,0.9673043538419693,4.424387877784015,1
4359,0.9033760154982285,0.3005046177858573,1.0497713790528305,1
4360,0.06088315314693197,0.37091228074739696,3.0253023036458417,1
4361,0.5122830320538538,0.8597684302970438,0.06590922767945528,1
4362,0.0,0.2935816844569709,3.781087965262673,1
4363,0.26336074477892696,0.6746381341572215,5.70929598613228,1
4364,0.01138121487400256,0.5347637385730872,4.563409511464478,1
4365,0.6673733936878743,0.03141614825710195,0.10187098068856848,1
4366,0.7763424675894597,0.6046732001131722,0.3555916859736942,1
4367,0.6457910696514664,0.02413105453658196,6.183899661798385,1
4368,0.7801504088799344,0.3178521504749284,0.7805486726671702,1
4369,0.35384548009732764,0.8647081630142807,0.22014476001238792,1
4370,0.25388710440301737,0.896963258998304,5.490511698647668,1
4371,0.943331549350945,0.34713863934453015,2.590714888781179,1
4372,0.9784040555880742,0.9229659128742271,1.8825762124120238,1
4373,0.47897196811310655,0.040476229116526846,6.172154087228649,1
4374,0.8766303642394212,0.0,4.2209615519650265,1
4375,0.00943297289409566,0.13707055861935707,1.878296375025993,1
4376,0.9165373803845249,0.6730180246092674,2.949055244947866,1
4377,0.6693000557341293,0.4259334819598761,4.018366185819075,1
4378,0.0,0.12352648121506721,2.01290338500824,1
4379,0.27864655083921525,0.8426372201059229,1.7280617554437627,1
4380,0.5091526967443486,0.0786537634990903,5.7689267570115526,1
4381,0.8897329076874924,0.5070799417047388,5.412477386680198,1
4382,0.8723564107875126,0.6226342399218296,3.3769509643466105,1
4383,0.641710809227242,0.43066418875562795,3.5848783392780903,1
4384,0.0,0.3152897117643899,4.581069212139898,1
4385,0.8911616487588604,0.9976665537280152,5.957665826273314,1
4386,0.8838047360147341,0.4597147632450636,5.0130779395752905,1
4387,0.647844508053177,0.9050659022265838,2.054766716760998,1
4388,0.6496988237986263,0.03440332512961165,2.9222711059928943,1
4389,0.6471783280364418,0.33661174333507166,3.957969145247195,1
4390,0.27042970851787473,0.9177720285071276,4.909924655326503,1
4391,0.005610011769895281,0.1100777333814217,5.081582324354763,1
4392,0.4403466203761594,0.932166063872521,5.083750779361046,1
4393,0.040434619028428515,0.651905560873172,4.100223280945303,1
4394,0.23060871919292947,0.0034628424738337342,3.3264656596796716,1
4395,0.1762051377730236,0.47041446993918445,5.18122385515051,1
4396,0.24902805221288704,0.14543047591138578,3.792128240722775,1
4397,0.7416157243851579,0.2844823208260285,3.0839649114491463,1
4398,0.4079824500034704,0.30617964594783015,4.118981265474893,1
4399,0.42451951460725407,0.2903768290913294,6.169502369438621,1
4400,1.0,0.04355560277885283,0.6266868559230951,1
4401,0.0217840746942707,0.6727155025781089,1.8638574091365665,1
4402,0.3402985105657558,0.2883074086324391,0.9404182184468242,1
4403,0.23656421120589416,0.07069816242968247,1.8772731112072147,1
4404,0.6172323932160557,0.004672976692936139,0.5942870553893549,1
4405,0.8189630024586292,0.35801759623591384,0.7727963168008588,1
4406,0.5105550526927455,0.19703951328631844,6.233149901072788,1
4407,0.4325647364637273,0.0,4.08771753456016,1
4408,0.11310104562130037,0.9202465556607407,2.9552632551852933,1
4409,0.8914509905162132,0.4407633520002338,2.7217073097769786,1
4410,0.7471501061931011,0.9533199656042213,2.5045227936824053,1
4411,0.274112481975214,1.0,3.03412047601913,1
4412,0.2902591078145105,0.13983419769137145,2.769342706288881,1
4413,0.5416021913823851,0.2436428247397402,3.451756533330657,1
4414,0.006582226354359078,0.2551229143412034,1.0013410050092693,1
4415,0.818366498130021,0.5544014144683044,2.5974798008004805,1
4416,0.9645511756336521,0.7776810743431346,4.421172271746942,1
4417,0.6458612107319378,0.947245660172928,3.3856236784688845,1
4418,0.5798684527347234,0.6589017363490334,5.043998269704041,1
4419,0.6453959688100067,0.49856714730650337,0.943334332283393,1
4420,0.29064190371105875,0.36842737668674735,5.458266557234141,1
4421,0.31483855352615986,0.0,4.29589747813778,1
4422,0.28728595538231855,0.4511375341813129,0.6656722939478031,1
4423,0.59694494306832,0.7559560364354516,6.144585450235772,1
4424,0.42964381082696496,0.5680493045103343,2.2945640950205544,1
4425,0.6041149996803976,0.6611986616193586,2.188660054778345,1
4426,0.14410019301484886,0.5942741733715842,1.5203480960161648,1
4427,0.8341816569844539,0.2607073259003306,4.908643570397322,1
4428,0.3398137596538725,0.3120474693239721,4.675283208438618,1
4429,0.6050584287047441,0.01968703190707192,2.594480339574078,1
4430,0.5136624716011888,0.5643705578132853,3.3962095173525917,1
4431,0.8205462874839943,0.2089390336443197,3.971804207230133,1
4432,0.24628636861876255,0.2231945693678219,1.796143529114526,1
4433,0.5780043411917662,0.32268385440792535,1.2762555669015865,1
4434,0.9936991301245578,0.258778852465619,3.988333625176967,1
4435,0.003681448335012959,0.43145869055327973,4.177171000950708,1
4436,0.6984389795937629,1.0,1.8063224415397354,1
4437,0.0,0.07887766246329515,2.833971284240771,1
4438,0.9952440658213073,0.901758809334586,3.976203787975936,1
4439,0.2092110308350192,0.45529582263001017,4.957636667773258,1
4440,0.34704721261849825,0.3748499141681107,5.975929493535918,1
4441,0.0,0.08687967013277342,1.9590191623147803,1
4442,1.875706094616081E-4,0.8094989659054651,3.220500190620303,1
4443,0.761432847144335,0.2077323522691188,2.5346054811531777,1
4444,0.7644869263863295,0.4449416476761803,4.531669086814218,1
4445,0.9930432338810075,0.5354417085608532,6.263886407772693,1
4446,0.19551579856591242,0.9999683897039557,0.7004620571182464,1
4447,0.9087616114367064,0.4537431604132183,6.0612676124102105,1
4448,0.5038751200751003,0.505231196233817,4.505828008171533,1
4449,0.6412999991382791,1.385418741944273E-4,3.624107342527747,1
4450,0.44445229740521075,0.04369412755484134,4.332815811598299,1
4451,0.8173152821877077,0.4796663664105265,1.5881830469689682,1
4452,0.2380864662630986,0.9975960544717727,2.6743600914744925,1
4453,0.9894457989666811,0.09709000438059108,1.2360198731208318,1
4454,0.046472913386753446,0.0027907372655130206,2.9269076651901407,1
4455,0.4778768031454572,0.9967079968190463,2.848922334896915,1
4456,0.1585341457504628,0.45002021493564665,3.910558653676292,1
4457,0.5486428372686677,0.8794885440746517,1.449942683070924,1
4458,0.6794850884246957,0.8623829888868427,3.7257125111317184,1
4459,0.5779328880682273,0.7718220189171723,1.2765196269578685,1
4460,0.7013674968095152,0.07564908738475055,5.711205651584082,1
4461,0.46932306398046997,1.0,1.3573269056801103,1
4462,0.3406124616708749,0.2252032413039592,5.265765944845193,1
4463,0.4894421733295871,0.8803153867723686,0.013604027522971407,1
4464,0.6060430673931355,0.6948514284200086,4.23356635976648,1
4465,0.8099168748470204,0.6909419412298808,3.570474397115593,1
4466,0.9989797545588431,0.06444219589083654,0.5404115119540388,1
4467,0.933508317700678,0.683107905790932,4.727230794132908,1
4468,0.0992218853610309,0.37080648188464066,4.420137182507606,1
4469,0.019946375391617605,0.9577805658825168,3.477855682031942,1
4470,0.08760750661257118,0.7824101319131292,5.539608218479248,1
4471,0.18023224412453467,0.5515611625239816,0.08336384621433106,1
4472,0.048581037361698665,0.11113189489389916,2.969379495957235,1
4473,1.0,0.9997137560216872,0.996366805875741,1
4474,0.601738307651594,0.3219933359903059,4.163957290066252,1
4475,0.14655724857541838,0.3672360996695458,4.912806190379,1
4476,0.3424486708396693,0.37698394481040215,5.266951310202647,1
4477,0.5545043759792792,0.43120905643266194,0.5789688911408347,1
4478,0.8715760229618226,0.7436892078384559,5.759190562503877,1
4479,0.4004132679536043,0.19911075513497728,2.6872170052235105,1
4480,0.24740089679604194,0.21076077480317837,1.5033483399913425,1
4481,0.6989765032410488,0.9209162332983861,5.015042071508761,1
4482,0.4155027498650528,0.0,4.35690474260592,1
4483,0.7924602482692843,0.6854166661695589,5.5155539464154355,1
4484,0.09344867628282122,0.9086584018844933,3.1220909268478048,1
4485,0.46530599630043584,7.883279397359067E-4,5.320889433290142,1
4486,0.5679082663751207,0.08839821633470799,3.5952043819171964,1
4487,0.7872561268738965,0.9943372848964683,2.861328837632417,1
4488,0.43235626060251797,0.12236039068912184,1.2661849448299547,1
4489,0.14897846646561938,0.3994316224192989,0.6831165344224696,1
4490,0.666557840590231,0.6342068741033874,4.632042006831068,1
4491,0.6782296296783806,0.8594118393708351,5.854455944932581,1
4492,0.8938631836491457,0.9997508499256837,1.7503467685782423,1
4493,0.11298160718069465,0.42037014075100865,4.395538303206545,1
4494,0.9075392582501081,0.239595922713262,4.766836504550259,1
4495,0.3604700884365689,0.5736903549840588,1.6190183338362167,1
4496,0.6094146133682775,0.8034240088018536,2.18250642239965,1
4497,0.010874579067986317,0.16353528251822524,4.914239787470278,1
4498,0.016020442337944737,6.065393607917406E-5,3.819317620527802,1
4499,0.34003878778991753,0.3677412862924932,4.309423420203128,1
4500,0.20096444330595414,1.0,1.647280601746389,1
4501,0.5624694609965878,0.5933698133237244,0.3113265321681101,1
4502,0.1192390129643206,0.24724857049268006,6.118700109516089,1
4503,0.7857044278072395,0.8065077068600561,3.163480114285749,1
4504,0.037110294882740355,0.506862719643837,0.3361546991854205,1
4505,0.8927312282215614,0.7507474301168326,0.7676271869654648,1
4506,0.005969758079723431,0.5855382769614953,2.9285368732856014,1
4507,0.1705901836914087,0.9754521522240539,5.870739424528446,1
4508,0.5483285652825458,0.40222981941841446,3.5377229777927317,1
4509,0.7678041885238908,0.0,4.42057026036848,1
4510,0.680722307231815,0.8165899610958303,2.9042915187215534,1
4511,0.33661822246467116,0.7203128973463025,0.7020675248636921,1
4512,0.300117867750585,1.0,0.7880558125604419,1
4513,0.6871123151147518,0.2226240938081455,0.4030873270526899,1
4514,0.8379290056787152,0.6843504614299978,0.8674679315577059,1
4515,0.8100436912563044,0.9288361784551435,4.945229267921509,1
4516,0.0,0.09170143802661224,2.6596188037135455,1
4517,0.9102038428064453,0.13111515246448868,5.437849860711368,1
4518,0.9941615149079337,0.28916896696327543,4.43795032206431,1
4519,0.4749550236556971,0.599102214996549,3.983324265878789,1
4520,0.0024557908608447356,0.3586602228947327,1.515567317379002,1
4521,0.837146720585216,0.7669041629485449,3.019136759788488,1
4522,0.7948494406806687,0.4814452623831494,4.54010829566044,1
4523,0.0010767325575008668,0.6180829580139747,5.068291117804905,1
4524,0.22558908518470783,0.1483123588210485,3.4752964562459248,1
4525,0.4651205903401014,0.2912562683973312,6.0558439557809045,1
4526,0.5653910461429386,0.4193299340063377,5.076212113881376,1
4527,0.7372898283656805,0.9280795746423118,0.6737205931383721,1
4528,0.46365843796056183,0.428972515962707,2.2224721882232212,1
4529,0.432302976895216,0.6695748777970871,3.4474031525546187,1
4530,0.9991211780642242,1.0,0.9003684330837887,1
4531,0.9420860423501844,0.4475897672933184,1.93356900291018,1
4532,0.24970980864053063,0.6831987180885187,4.72747675150025,1
4533,0.2984761042627084,0.7617362489404068,0.041251844556951786,1
4534,0.5270556583615423,0.262781983551946,3.615396696800394,1
4535,0.9769737740720603,0.8056284851434047,5.355842968277269,1
4536,0.0,1.0,3.0106819359645574,1
4537,0.23425256061880628,0.0,3.8361124240302087,1
4538,0.2861959675107359,0.012055451492634468,2.509743278374206,1
4539,0.4453402985698014,0.19583822807145812,5.500375468145446,1
4540,0.40128137578887324,0.48985068718883357,4.427690721293464,1
4541,0.3409245285784086,0.543297126852861,1.4967879997678346,1
4542,0.4121137919779874,0.1323819986436457,4.854397141442958,1
4543,0.5277714638969456,0.7911156365236456,4.386419916807349,1
4544,0.1685458498708448,3.3492892371311594E-5,3.901140767213468,1
4545,0.7166137419875561,0.3299333859799269,2.3167615751090027,1
4546,0.5741051844838407,0.03627058778577741,0.3519179934886625,1
4547,0.2590898888683748,0.49401248449922214,0.45873014837904397,1
4548,3.4583488871248104E-4,0.36777619239303294,2.96893704153923,1
4549,9.4153748491998E-4,0.2808003672584879,2.2592539497724453,1
4550,0.9868971826842303,0.12196673080231614,2.2391066731163534,1
4551,0.287996725185916,0.4181350113388948,4.114540355098103,1
4552,0.3017570013706052,0.8451435618760089,5.771011830289969,1
4553,0.27944424696713765,0.43682454165883,5.492349243299067,1
4554,0.6386038927537212,1.0,1.8261522056058128,1
4555,0.6540457232205555,0.9499419476165036,4.90735249945018,1
4556,0.0,0.9368830856089512,4.267466176484045,1
4557,0.1029409549219746,0.781053264544234,2.842426443091338,1
4558,0.37650711753988747,0.0,3.8741339973510662,1
4559,0.3766030575211803,0.5858584855650063,5.227407192710054,1
4560,1.0,0.9533869024608476,6.05611986187928,1
4561,0.2630161958029091,0.8622977055138042,3.27855874113939,1
4562,0.6434883803330779,0.5035884534131883,1.825079429458794,1
4563,0.9947821797174626,0.604012606089753,1.8879827130968418,1
4564,0.16637232960698753,0.30790295829745445,1.705029553356804,1
4565,0.7777719324091903,0.31196650012243216,0.29786330041532727,1
4566,0.9998004313478206,0.22319949559294602,0.02997471143050401,1
4567,0.15639177429839057,0.0,3.8587050356228394,1
4568,0.8405175811470149,0.45540309517682037,4.834338403120823,1
4569,0.0327386763660782,0.5292609628816815,1.3547787242392244,1
4570,0.5302945738855178,0.0,6.003634344258277,1
4571,0.9682848229521385,0.5325866507741591,5.114755012894778,1
4572,0.43680764617022205,0.8558226935195659,1.7994295269243357,1
4573,0.0,0.16319203498883716,2.7008649304119032,1
4574,0.29207539130950144,0.4823215189754068,5.375368819303729,1
4575,0.42681081515325947,0.39927646004808504,4.334487248371905,1
4576,0.39963818419037306,0.40476819017755056,5.820414685840642,1
4577,0.44499837450216784,0.9031282627914524,5.075663217832474,1
4578,0.644692265192138,0.30220091780905806,0.359770679661256,1
4579,0.6737666313849706,0.0,6.008545987153725,1
4580,0.11568950577430064,0.8521160315332337,5.025466684681593,1
4581,0.47251998388816185,0.14316498279849055,6.101179741973912,1
4582,0.7728909769714823,0.304009092706439,5.859686794608737,1
4583,0.16166341222507039,0.291969378716802,4.844969742665665,1
4584,0.7301081204657949,0.13550769286262224,3.0461414339646242,1
4585,0.6542020222897416,0.2707101788753088,2.944964703446912,1
4586,1.0,0.5287028678674689,5.095189564087874,1
4587,0.31884781164403825,0.5832724808594216,2.735507251558975,1
4588,0.3404377052711643,0.9979300534921005,5.7262164016900625,1
4589,0.9933413952931929,0.5970416434693735,1.6788999808170346,1
4590,0.6635622627158492,0.359824501179741,5.504256454364836,1
4591,0.8006469136207723,0.708840746469788,2.866563540487002,1
4592,0.364977133748153,0.2838126859608468,5.409516356323951,1
4593,0.6448061895637975,0.5666279991011374,4.538425170226141,1
4594,0.002522954714444319,0.9097885781514266,1.268195851813943,1
4595,0.4298920452800687,0.99925688957569,0.8271828693574109,1
4596,0.16406249747248725,0.3036382033079759,5.986381298610563,1
4597,0.7222884838437954,0.9990230803168019,0.291201594879522,1
4598,0.550175270751689,0.2839985095892274,1.650429524109725,1
4599,0.7780227311704507,0.9836394189975163,0.2744605226366582,1
4600,0.9987837662097608,0.36364709676607787,5.058103744505723,1
4601,0.20300027525527592,0.5292848261215937,0.06186102961832063,1
4602,0.1608883028145246,0.31968574199641503,3.0899167825057896,1
4603,0.13942332723540748,0.5476038492255861,5.451519902286512,1
4604,0.023289270620368042,0.0,3.7479866552197216,1
4605,0.5273523117389859,0.7346737880032846,4.217381534098736,1
4606,0.5815758381808017,0.8588380714278772,3.865440933562396,1
4607,0.5748888061967198,0.08351718670527976,5.085909952783383,1
4608,0.7164003244715454,0.1945467555872689,4.051015890080201,1
4609,0.9157320090779095,0.8489106358753098,1.438488854183527,1
4610,0.12422370543764057,0.4943914564478039,2.8933009057182697,1
4611,0.20953925847934876,0.8139294234407711,2.0523711318188527,1
4612,6.389317258650832E-4,0.5215502453419149,1.5306862694617254,1
4613,0.9991134238050338,0.49951719832208347,5.7945803077345595,1
4614,0.8021838398926905,0.3955068881715953,1.2592119842201943,1
4615,0.8210784934839394,0.4657219316014046,2.0350622402131164,1
4616,0.5025498159117031,0.0,3.7381083172409313,1
4617,1.0,0.8677594603996521,0.2219832977432903,1
4618,0.0,0.6360920739695564,2.1483682345062967,1
4619,0.2776844241435706,0.5446694009875018,3.279451583826579,1
4620,0.11599391631178589,0.7816015369192235,1.304624318990093,1
4621,0.0,0.21856287873759564,3.0955586272101185,1
4622,0.012965680637274808,0.5851240496404018,1.1087653676443752,1
4623,0.3872173041851361,0.27555488344384105,0.9176063486483026,1
4624,0.5707925673312819,0.21802833166541086,1.4309782948523875,1
4625,0.2510381231431407,0.20424322315881488,4.945650483214305,1
4626,0.4850944019837473,0.0,5.7743884413358115,1
4627,0.05965076386774002,0.9854042020889869,0.1634070489038023,1
4628,0.49309207984619013,0.006108777968612909,6.100713699839613,1
4629,0.28652406284978116,0.8725425629469117,1.9006844936007206,1
4630,1.0,0.434874178486021,6.058442036455353,1
4631,0.33248073629658725,0.41838243687099896,2.818402658055885,1
4632,0.1919270142382111,0.1818111687446673,0.7118707711322536,1
4633,0.09687166638729783,0.19871259917282816,0.39501481457120713,1
4634,0.48831545849710467,0.19279587847296592,0.20076270814363362,1
4635,0.26497492652297333,0.03150208575708959,1.973360074000423,1
4636,0.9312871965561472,0.16882420130926312,0.487901830986884,1
4637,0.6627441946207225,0.2933063538814003,5.110313390837392,1
4638,0.4941739969551253,0.09462640307520068,0.6265260471914172,1
4639,0.5785024641321129,0.3663745794954719,6.13666977421069,1
4640,0.6225339620331285,0.6529440169682057,3.7292122998611665,1
4641,0.9998200600777896,0.17384641624312772,5.215519400891951,1
4642,0.719675936492094,0.1024824627374856,6.029207193527204,1
4643,0.30171175598152156,0.37613321594517624,1.2518888147722376,1
4644,0.998038645736107,0.002319461005430335,0.04723824644453447,1
4645,0.42608995715035236,0.9069164634043468,2.9886303251297157,1
4646,0.5122381961077717,0.5330836314761851,3.0210249758294645,1
4647,0.3442767942507562,0.6207611731978983,4.8873856440373995,1
4648,0.22371762597923445,1.0,2.2993084745739134,1
4649,0.5980917435655062,0.9183376402566319,4.201099876582642,1
4650,0.8609163711363284,0.9431081654230092,1.5771132180360663,1
4651,0.9389284807020143,0.16545273287946158,3.4288842383136826,1
4652,0.44464839058779565,0.44415526927971355,6.12484288657718,1
4653,0.9598725513688907,0.4217657933132979,0.6468534098898109,1
4654,0.9952522619402122,0.3733913634907381,6.1939212199993285,1
4655,0.9653793074514352,0.999724415670095,0.2859460837920712,1
4656,0.683973140154195,0.7663596520919139,3.2401081702880283,1
4657,0.28009844458368705,0.6935163521432406,5.893644255186964,1
4658,0.20323737177704498,0.2828820544745048,3.867085354884336,1
4659,0.23691649922297126,0.5782110882754958,4.406372322910157,1
4660,0.4531520691854873,0.16039896412664467,3.129503240822545,1
4661,0.34433138752324094,0.3627403505055586,3.7568033517298685,1
4662,0.9955975092965174,0.696794500497533,0.16048257266406624,1
4663,0.3015065981975348,0.5777579531776906,5.2392617839659295,1
4664,0.07766750742218638,0.8074998041274475,2.501851416777013,1
4665,0.2689530997826848,0.9774711585363558,0.09594459631767979,1
4666,0.06607426080418344,0.7609830659584652,4.807492753741807,1
4667,0.6473180657596614,0.8947013266340529,1.5915352883666358,1
4668,0.8807299257325599,0.8559253906507196,4.89711478382766,1
4669,0.7066446374617594,1.0,0.9997809162445143,1
4670,0.878574104982859,0.8602955661685617,4.4383487492642,1
4671,0.4131487381408261,0.010992148980988341,4.48261752613789,1
4672,0.4455149079949263,0.11549001323143686,0.15429202468610248,1
4673,0.47895186803558326,0.7934613882463082,0.10248718203120355,1
4674,0.48140954984318346,0.2827419767324532,1.7326040710975537,1
4675,0.7711383918896104,0.43656999781188427,2.37998897347545,1
4676,0.5965534585123595,0.91485599882459,2.5838268909877273,1
4677,0.5908151353897223,0.15043664441684235,3.293551356462594,1
4678,0.5397727402358464,0.8504498980601031,2.6070753030359133,1
4679,0.00392494135483609,0.1682745520403268,4.788796461125589,1
4680,0.08445653132308278,0.2681676056692337,2.641522947902202,1
4681,1.0,0.3916581906765256,0.21526898513943155,1
4682,0.1262774050731515,0.4424218034577104,0.7247709907787748,1
4683,1.0,0.22200532156995126,0.5895837562020225,1
4684,0.30465413674397634,0.764808159068004,2.4062427702029456,1
4685,0.8989803380487464,0.29307858241987755,2.201472607650463,1
4686,0.6514994962362965,0.8491124348158752,4.6692108350715085,1
4687,0.26686652935711236,1.0,3.0018956814450184,1
4688,0.2172070748071607,0.7270638507509555,3.9948563652148295,1
4689,0.9801823706817763,0.635236936550628,1.1656437230167018,1
4690,0.08142572314122663,0.3402014541524376,3.2937918927150025,1
4691,0.8767809587347161,0.11221090803753629,3.8133518248280827,1
4692,0.4975518523244587,0.9987981107090705,3.5537424632161865,1
4693,0.013828497911746299,0.0,3.9825673397072565,1
4694,0.5472273613853917,0.46148904882563985,0.32016504417830594,1
4695,0.3993621242272212,0.7058562216419111,5.191737869106125,1
4696,0.3824661909930515,0.32636888157069305,5.453652869956855,1
4697,8.087038164482684E-4,0.4189670888643085,5.254123032579371,1
4698,0.011141859784284993,0.9599634942002213,3.0778969708800283,1
4699,0.8088530064587315,0.9904654284032398,6.248224103656733,1
4700,0.0,0.22645700423882528,3.359003493584245,1
4701,0.4280586323069199,1.0,0.9595356701848593,1
4702,0.4604152295984153,0.6379769240578593,4.499354565631102,1
4703,0.6161943228074594,0.8148253603896547,0.9877019773919604,1
4704,0.9300033125055235,0.899836174250764,1.301452195692141,1
4705,0.7897055750676161,0.09133151427365703,3.3222441201535142,1
4706,0.561796237976284,0.6866640892292418,1.717401704837293,1
4707,0.38069574966512254,0.5582000350752794,1.4142617899372125,1
4708,0.0,0.04500248435765881,2.771497700323793,1
4709,0.5576925400418101,0.3801758343731851,4.063938828856819,1
4710,0.7316471189758044,0.903430403076123,4.698470097596652,1
4711,0.2125610415328578,0.14095880695942717,3.9283402502406286,1
4712,0.07446096981708421,0.1709207000698374,3.641941294032757,1
4713,0.8833490090644133,0.30621202084535376,3.5092637702015095,1
4714,0.40286726023814723,0.36124255879885375,5.693209016698911,1
4715,0.15854544178085792,0.001355533523822821,3.8114090763271546,1
4716,0.273996204605072,0.026528813383079452,2.7574489113676197,1
4717,0.6699456281748263,0.10823006053227079,3.8425447982463785,1
4718,0.9750445075122632,0.9372601747147379,5.2501533334142545,1
4719,0.2638579900283012,0.3020022222776828,2.563057182110326,1
4720,0.13479602096763038,0.44465663243211995,5.199978410228143,1
4721,0.4900426809963928,0.2806076629152751,0.5317282616729295,1
4722,0.43693317634624057,0.47138511907489244,2.7140890183610296,1
4723,0.7670382014679962,0.12191788792357659,1.8864411237460206,1
4724,0.5102867235265717,0.4387893144724652,1.5241320307997628,1
4725,0.807853074939658,0.33365017640672623,6.11083352578318,1
4726,5.59213620198436E-4,0.7066368129132357,2.8793172613080613,1
4727,0.5404660830274025,0.9661325490043035,3.8746428996705706,1
4728,0.7557388139242963,0.06276441298176372,6.045493682059039,1
4729,0.26303493105794773,0.3911640633790292,6.163246764794352,1
4730,0.4703748455372673,0.46180813459444636,2.749816244888933,1
4731,0.5042509913611086,0.6854212972460093,4.206723696880117,1
4732,0.8213180604036285,0.4009706397919758,5.948315217820391,1
4733,0.9658390435907783,0.26698850368673627,0.9739242099355356,1
4734,0.2622232926629529,0.501277776321815,4.55645936055583,1
4735,0.24360390821917674,0.7076648191984428,2.0209727077598827,1
4736,0.3322171799102716,0.3331517317733511,3.123529328820217,1
4737,0.4525022599439947,0.0,5.322061153550456,1
4738,0.39170937928592553,0.8173338707282543,4.973056836112208,1
4739,0.7532194215383804,0.05254158266762743,2.9469473245768514,1
4740,0.3106281991668546,0.2241265392913812,5.225976624018358,1
4741,0.00851924645868882,0.0611599261528358,1.4856278143894266,1
4742,0.5952776946236921,1.0,2.1215124313016007,1
4743,0.940824169776202,0.9974846631823534,0.04203080043373664,1
4744,0.866035771151452,0.6409195780002985,4.262109854236684,1
4745,0.006563731538326287,0.32920445517096764,0.7294484821125355,1
4746,0.1724796111320582,0.5661985892715212,4.132762973249894,1
4747,0.3524672966245319,0.5180497125853426,3.651571707884803,1
4748,0.281843958927154,0.8768696868545347,0.4488658877607138,1
4749,0.7991304903470443,0.422254254816007,2.422317140609051,1
4750,0.7326615606990936,0.0,4.439458402701448,1
4751,1.0,0.441923769324358,5.0345669177831756,1
4752,0.5440001807280022,0.4319358452410406,3.7196121160459055,1
4753,0.6448361862026439,0.3321057349780107,6.161182271200941,1
4754,0.0,0.26025541408429753,3.0205671941115044,1
4755,0.009694495276999197,0.690587472034767,4.884082992440305,1
4756,0.7764227395073653,0.03529415844149018,2.7497114010811523,1
4757,0.3865884971791753,1.0,1.4995113082975142,1
4758,0.8730991393586247,0.8158118412462061,4.235450431756053,1
4759,1.0,0.893120661291235,0.4070407230103871,1
4760,0.8744830242068609,0.3126030546978887,0.9706308521650333,1
4761,0.9003878191327473,0.9214007626174124,0.6089311570280935,1
4762,0.905301575165864,0.40803612533238315,0.5478060688626989,1
4763,0.014976402883483219,0.06531058320067122,1.9003306836438663,1
4764,0.3308963003018081,0.10542371408385667,5.7398014074686765,1
4765,0.4971515064845267,0.8605564851107699,1.770024870040728,1
4766,0.608022257528929,0.4497611530021687,0.33351848160344216,1
4767,0.2092157812816253,0.1349245445276641,4.366142113885099,1
4768,0.9594532892580571,1.0,2.4928732573073993,1
4769,0.5753004634273978,1.0,2.7860500506665646,1
4770,0.22741306629136743,0.15482491254415584,1.2852325218097451,1
4771,0.13821355657146286,1.0,1.3366847195521192,1
4772,0.8458327992195905,0.39283244796025446,3.855851808492823,1
4773,0.8502158250731435,0.8859840517159155,5.88124118848985,1
4774,0.36445812484897444,0.06332881588010977,5.5143749650709415,1
4775,0.824601220552074,0.4995173074734848,5.975869052792376,1
4776,0.7642388240280683,0.5956352099011202,5.376969349130025,1
4777,0.5792561375233288,0.28058052915564247,0.7547160607439762,1
4778,0.0,0.483079098523145,3.249361384946418,1
4779,0.8530255512476429,0.999667474764856,1.6583553020998119,1
4780,0.2681878257305603,0.8939404760340904,0.41223476093870065,1
4781,0.550672869839194,0.4064865422321883,1.3953043096590294,1
4782,0.2188072479891607,0.0010127742710886586,4.0936470378931,1
4783,0.6573997582461173,0.5934157283828841,0.9455269200848484,1
4784,0.55824872256654,0.9192446554591573,1.5969533388193435,1
4785,0.27759454387968263,0.5745346586365218,0.1921757456229134,1
4786,0.6455289004864593,0.9996589115517618,2.6833743622293853,1
4787,0.3514388040816726,0.39262865153331455,6.208758400539811,1
4788,0.21507629785833884,0.5489584216670617,4.680635034351976,1
4789,0.0,0.9777088078043431,2.553935770889846,1
4790,0.7860236654002831,0.11019138604661134,2.566737621886813,1
4791,0.5847732901120996,0.600098680782911,2.1646872038641183,1
4792,0.3795837719725281,0.8343248653121516,4.1688969203745945,1
4793,0.6070198848984805,0.8942342501215432,0.7372882171613853,1
4794,0.2875648951557062,0.7893794997592058,3.545037022637115,1
4795,0.507558685431109,0.8456235697567912,0.8962920783506747,1
4796,0.9940773032730552,0.799260584962736,2.042088567316116,1
4797,0.09584419764231228,0.16152835174266625,6.063249270110449,1
4798,0.3971629997750107,0.769904198070963,0.7149729664456709,1
4799,0.9998231729558599,0.0,5.676365651355632,1
4800,0.41969900061896465,0.40881529113513054,3.3039697478403127,1
4801,0.999976893792177,0.3834882512866014,0.9118302811208547,1
4802,0.5092999225257203,0.6481554296692755,2.454000935005555,1
4803,0.8640736278376024,0.03071532400385729,5.697466718387595,1
4804,0.2668176820099752,0.1965528337417622,5.5304033527782455,1
4805,0.5034413221202362,0.8215321127987364,0.17049838569644138,1
4806,0.3356258005311079,0.004986267693921774,0.15288968478736986,1
4807,0.6345100498163289,0.6409175115385203,5.715592535791736,1
4808,0.0,0.623141245094301,3.150927618682944,1
4809,0.8099304080994115,1.0,0.47040541176490297,1
4810,0.9763988676034193,0.3189137733520817,2.4946116021115765,1
4811,1.0,1.0,0.8086719054521517,1
4812,0.8528990612546165,0.5576973491492615,3.923320471679076,1
4813,0.8570879166418711,0.14917337707414305,2.8035544635706087,1
4814,0.8823998453096844,0.7200460675161746,4.907734499233778,1
4815,0.18608248283624332,0.1666889842930991,6.135599470459708,1
4816,0.5947605861951889,0.596886306601398,4.88911038347302,1
4817,0.5336621418710397,0.0,4.210214020173114,1
4818,0.6692268025097218,0.8986642305053043,2.8509860221760195,1
4819,0.1016787199029963,0.7439253441422575,1.650365227906577,1
4820,0.8954755422863107,0.9981045388832679,0.50416756905693,1
4821,0.4023201710137128,0.014138607845452565,4.638500247091039,1
4822,0.9983238423467,0.28883099943774077,2.118182741272147,1
4823,0.7430065362615613,0.9994298735376795,0.2476574389006488,1
4824,0.5776121238218521,2.691356285274723E-5,6.09195049281736,1
4825,0.0,0.743158841304337,2.0581735620107797,1
4826,0.08014977054805046,0.054271392952561975,1.9739924260514727,1
4827,0.68289593373763,0.39409884285367713,0.32087329660223673,1
4828,0.8675888785010274,0.3255489195386757,6.240087868547492,1
4829,0.4437198100923923,0.7919054390575564,3.441797717240576,1
4830,0.7083364818271003,0.8731141181460855,3.047841825717732,1
4831,0.7947549498535699,0.6774633098910492,0.6279192183897374,1
4832,0.7950442137043294,1.0,1.0551535794824785,1
4833,0.3306047224415772,1.0,0.8429857214456711,1
4834,0.036121396719781554,0.3617086821092404,2.0392021947912258,1
4835,0.8629869466357659,0.3291287277798485,0.006579025525981663,1
4836,0.6882035510775554,0.6878698474025826,1.1201464596212667,1
4837,0.9624637505904526,0.1779351519830391,1.3302018275422505,1
4838,0.8778744957692189,0.8437991603313468,0.41454734475675636,1
4839,0.3677218730341343,0.598640637320548,3.365550720140189,1
4840,0.0,0.34254672795662344,2.0199293391765893,1
4841,0.32052278093304165,0.8867025377404746,2.727455956439167,1
4842,0.6981886839736983,0.9997186965050303,0.44335432029654087,1
4843,0.35894796204706886,0.2471171111170725,6.0520875541561985,1
4844,0.45827970552383696,0.5155955049492604,5.135080909546907,1
4845,0.18912574112625252,0.37549248031447224,4.255998936112059,1
4846,0.9948935872748059,0.04072829265631556,4.735609946602133,1
4847,0.6111379462618305,0.27792042669486955,1.1633006451242631,1
4848,0.8599916429543036,0.0015970114092549023,2.7206821775638494,1
4849,0.9974661768994302,0.9487930626621787,0.031148952629133753,1
4850,0.7801022414342721,0.31865907406928834,1.1993493701375735,1
4851,0.05623660490935182,0.2824740611774641,5.24102814784688,1
4852,0.08002354245320631,0.46444415476546497,5.467329282073396,1
4853,0.7892801997279697,0.023360778296641408,3.563534657624375,1
4854,0.2715458618971941,0.8375442386459766,1.304441782693811,1
4855,0.019553761026932924,0.2720803134397612,1.0736281511680696,1
4856,0.6266100567540215,0.4173971904518605,3.8529268368529026,1
4857,0.49731261557944656,0.4832275080222403,6.150505469474982,1
4858,0.8026178251001578,0.48718457198953274,0.48888612114504215,1
4859,0.20233644263742084,0.9276425456099556,1.253505997968219,1
4860,0.8508279351255219,0.004283286220831786,0.2773406159981707,1
4861,0.9888130746323376,0.6666217546996631,1.634455410077786,1
4862,0.5299348063431286,0.0,5.418374624059405,1
4863,0.19936312996468777,0.6987283673055126,3.4978404994335457,1
4864,0.45278125579925654,0.9869751655089279,6.279578972760172,1
4865,0.6266232647936866,0.0,5.713286952838826,1
4866,0.21562577045206843,0.0,4.543568671372341,1
4867,0.1548160813244961,0.8592719493642978,5.833359553868147,1
4868,0.34159938096448306,0.3677461757150585,1.9097424059490216,1
4869,0.5788644351688476,0.9964973205188347,0.33016768916207784,1
4870,0.2388224998291019,0.3983792767807959,4.635294093509877,1
4871,0.041038644075850325,0.7427878039413912,4.182033053154451,1
4872,0.03336567716489623,0.5532674986331679,2.3915094757312345,1
4873,0.0,0.42374596698151173,3.542815422380917,1
4874,0.9988505498273951,0.6751342059420908,5.785793450175919,1
4875,0.9711352574034874,0.3454117505646054,2.335670750253006,1
4876,0.4513264285957046,0.7077932700722197,2.5347248437592103,1
4877,0.42470196677622285,0.9124684978229746,1.8867070278551676,1
4878,0.9835503956625596,0.3878528130265337,4.911543214010696,1
4879,0.7392997173685186,0.49701797748312254,4.638514330884101,1
4880,0.596029776731748,0.029858586225116234,6.053919380486891,1
4881,0.4951454971730552,0.2482548577089301,6.279557319159705,1
4882,0.001650259819379408,0.5165413976001767,5.047851669270494,1
4883,0.04217403174507914,0.30609782276053216,1.3204129394052055,1
4884,0.5362940872091758,0.022118902525275617,0.41352415822384797,1
4885,0.866827578266274,0.0,3.857674200500236,1
4886,0.6194304861251866,0.9969885518962646,0.37542197451857984,1
4887,0.8546854035860096,0.13134593698708644,1.3835197747657908,1
4888,0.22962795949262596,0.8682696564387705,2.415524808471701,1
4889,0.19254622943602526,0.8987943767922777,4.739080784710075,1
4890,0.7066458547686959,0.9994507840305649,2.08539074017013,1
4891,0.0,0.6097908323424259,3.1030705628838007,1
4892,0.5676666396697914,0.6198497143078852,2.948959250600562,1
4893,0.9516082175820605,0.6516012318884195,1.9330995927046586,1
4894,0.5347101918354731,0.41945083573323255,5.108272316607413,1
4895,0.42738151775238864,0.6226110027592627,2.444687642121612,1
4896,0.4087555732440302,0.1542452331355798,2.997099005145999,1
4897,0.3945701051031879,0.2618776266931433,3.1176309675180502,1
4898,0.28483683812389377,0.34248380008043494,1.5356306349583935,1
4899,0.8832593568153042,0.23228284631132898,2.1215349322219006,1
4900,0.2665964268183094,0.4595623633817764,5.795998284039281,1
4901,0.8380122422011953,0.9974574962987139,2.896232382971047,1
4902,0.588706771493555,1.0,1.3545092750301264,1
4903,0.0,0.6022249339802788,2.3572974776284044,1
4904,0.6116077035637213,0.21913054889984865,3.028402812741,1
4905,0.9224301119525988,0.0,4.864221131284877,1
4906,0.48713035919116604,0.22772731067142135,2.474679584358958,1
4907,0.9993832870139775,0.8181297225961837,4.655151529090665,1
4908,0.23807316746117646,0.21712736680451444,4.43938615812662,1
4909,0.1981174745955433,0.027105421683679687,4.719839496303172,1
4910,0.1536229450582016,0.8050388310538804,4.0434962865061665,1
4911,0.06278177494890276,0.7110223810807731,5.516388277597071,1
4912,0.24517891176246442,0.6502988673619294,3.2997394881593642,1
4913,0.4004108257283289,0.6495734061574915,5.681420773721569,1
4914,0.07382659406292907,0.642459262328737,0.4628128638330753,1
4915,0.32169577548051076,0.951276761006982,2.55556255461259,1
4916,0.031439706948723174,0.30231861455574655,0.5037293491018864,1
4917,0.03877846048764578,0.20007179776911138,5.741695575669308,1
4918,0.3511174309312864,0.5436586501549743,3.833308633697741,1
4919,0.14578249066251073,0.0,5.597320457525716,1
4920,0.3884134734016867,0.44812813997242723,5.338624742240608,1
4921,0.5246101619398842,0.0,4.236112899352144,1
4922,0.9996801769818241,0.13766609250162423,0.25647914586842013,1
4923,0.9781254497314541,0.0,4.4363587364880654,1
4924,0.003793081057498909,0.47704623805959906,4.3039226672734,1
4925,0.7492382211679304,0.48130427524824276,0.006743479175490238,1
4926,0.23350106921482855,0.007789230191126103,3.367446983824474,1
4927,0.3433713631736093,0.10469631392140068,5.162811620469351,1
4928,0.3342812925375591,0.9662990622610246,5.676106579507937,1
4929,0.38345471164159955,0.32795608602740395,0.06429047504676223,1
4930,0.24708990346960547,0.43721196212817814,3.409857790745898,1
4931,0.9540753899865267,0.9061950227520793,1.23009815227177,1
4932,0.048894775416326336,0.11373401458059981,4.7044719646843935,1
4933,0.9695696491933682,0.0,4.650360348008319,1
4934,0.3109479210606978,0.4555885100919256,0.6075472002153762,1
4935,0.8303006809822537,0.8539157292450038,4.6593695918132125,1
4936,0.14424063470733303,0.3492886258232616,2.8446704206507043,1
4937,0.6520686933364086,0.3340581271003594,0.3346815783032344,1
4938,0.6282777448952294,0.9782255473745395,3.2374620386331925,1
4939,0.24197774395599797,0.9072569478481635,2.962229076909661,1
4940,0.1660018695254554,0.8879336743117764,6.261408537206794,1
4941,0.7478030396850339,0.47760380963886173,3.3616629290428626,1
4942,0.8169219220738739,0.30527350265176895,0.37325747955180333,1
4943,0.991725488780264,0.0,5.442310001900767,1
4944,0.9906187080915366,0.6878584560445523,0.33365835223574947,1
4945,0.3500101086917576,0.469600767686442,2.69946221656012,1
4946,1.0,0.4877584656339434,5.924537435918217,1
4947,0.876262307362159,0.5087329194444586,0.1877696814629404,1
4948,0.2553045478281181,0.4545920236647449,5.397574942858724,1
4949,0.9330733660594968,0.2274815001536364,2.6319076778012707,1
4950,0.5634595843066686,0.04592173881752669,1.4534225929509244,1
4951,0.9053574111250877,0.14389912991115963,4.251526786757523,1
4952,0.7831924576832989,0.08652813401703059,4.238862542567821,1
4953,0.031157343371651765,0.6553814817664914,3.597751104154595,1
4954,0.6983369530842605,0.8748629225156322,2.0436206561308534,1
4955,0.19950497658907795,0.5909051867618639,1.9821007427133555,1
4956,0.0,0.38757595633521275,2.159365011016693,1
4957,0.2090264137017779,0.36568945452143636,3.6171124566942074,1
4958,0.19003555423859161,0.9744763932208537,0.7458208286661542,1
4959,0.6910518184523503,0.7034824566752195,0.5425513896792573,1
4960,0.18741681223751377,0.21131291668504343,1.8125878021491513,1
4961,0.6142227427721483,0.387375238812439,4.213759340807096,1
4962,0.117770834592582,0.7023765053661445,1.55748756891189,1
4963,0.0,0.9828342659490045,3.737918946098761,1
4964,0.8387204290260051,0.47793854874254454,5.485073660141456,1
4965,0.8886074724396658,0.190979169467991,6.200926736016637,1
4966,0.3717113346982388,0.9213001428166125,5.644891431267635,1
4967,0.24338849026704937,0.3100319927086402,3.6215352906866847,1
4968,0.4737846897121088,0.47309443307454135,0.15301350249845538,1
4969,0.7731083980459432,0.4946066943249991,0.8326019511152393,1
4970,0.7217383640473207,0.5034007269109165,3.7004158381250303,1
4971,0.34567454646916235,0.4174639590665621,0.76832383342922,1
4972,0.5941509206095089,0.561490616866443,5.373571460148537,1
4973,0.33661617092500634,0.8443069057812563,4.826796497240578,1
4974,0.7904270941481387,0.32814531600506586,1.7258750388194302,1
4975,0.5935397165708647,0.7984596488436475,1.6887070184856865,1
4976,1.0,0.6587429246470152,4.962640943101677,1
4977,0.22497220842815863,0.09870549517840481,3.1050777167247765,1
4978,0.10650615216545065,0.3035877070896664,5.060754810029477,1
4979,0.7773523643277341,0.6205281000456977,5.541582588193967,1
4980,0.714335611790436,0.15353250134856128,1.8248905015028647,1
4981,0.08529292339054743,1.0,2.3199041796277315,1
4982,0.5500905785371659,0.8169449491078881,2.7962039083888777,1
4983,0.203716655027552,0.999085723505951,0.48203785792388765,1
4984,0.23882012313857534,0.03753880303510606,0.006893517389302772,1
4985,0.9980380208769828,0.772687786048025,0.796497182681732,1
4986,0.23087420822547014,0.03239567916763841,4.3329609494050185,1
4987,0.999727108750097,0.9490816785608771,5.68769428648445,1
4988,0.707153906822116,0.12400186888646583,3.2786721732432142,1
4989,0.2052298553028024,0.008282369080093076,2.886758534409584,1
4990,0.007977748512415755,0.7773751662467436,4.5171574295347945,1
4991,0.39572633037695765,0.07204885169332015,6.182932245133356,1
4992,0.6227099046527924,0.9839246832959326,6.178780151278449,1
4993,0.3292951592156688,0.9892541081637137,3.298566386419178,1
4994,0.37287723614611057,0.49004831752082617,2.9739712060787555,1
4995,0.44658584964034725,0.4381722462503185,2.6576299468760407,1
4996,0.6211178459547112,0.3792141931294499,1.1949116443435612,1
4997,0.041389860903729175,0.0,4.195629684481314,1
4998,1.0,0.11767837123431246,0.49519882714526303,1
4999,0.9531937750950921,0.2947852263734584,1.6412511710438296,1
5000,0.0,0.8573877841876643,3.667208842687515,1
