11240,199.294
1,0.07942931733499724,0.06169053434312635,6.0032956967404365,0
2,0.4125226312896602,0.40949537342738984,0.5756104094150034,1
3,0.372958421569934,0.40188058359439244,3.989916090731699,0
4,0.6461142718312657,0.44298225767532445,5.612397161781293,1
5,0.5443738843680426,0.5836270880869647,2.7294006267887223,1
6,0.7468376399979676,0.5735691362907546,0.3335635882506194,0
7,0.21103302643555685,0.8612207428314484,1.602889994589784,0
8,0.7181814517680734,0.47895656961252303,5.6462349345271186,0
9,0.4246140882738012,0.3501204580346061,3.075622164067471,1
10,0.3372208045539786,0.5036276569412349,5.8522800470623055,1
11,0.5535883535328554,0.29642098187981686,3.7748059916165677,0
12,0.369905117609508,0.6657141071660232,5.531292281036728,1
13,0.5893288308866708,0.5510484562711515,4.141226454728023,1
14,0.5379054875200481,0.4530517881068857,2.2654940276321582,1
15,0.5544001260725928,0.48251935867367585,0.3715258657894353,1
16,0.6180887597956773,0.5395117871336642,3.245475900296899,1
17,0.5004454429688157,0.3216954880527721,6.172858335141017,1
18,0.41632715668057907,0.4717549270923059,2.9590185053733724,1
19,0.26011134165282673,0.6680632747649279,2.652136651383111,1
20,0.5549004158648411,0.6842264156623975,5.997221124022746,1
21,0.5229101691550906,0.35632631938292664,5.218224429554491,1
22,0.37850953384391517,0.391674602172429,1.7685824802061232,1
23,0.758370892646024,0.5752625481717496,4.839528671313265,1
24,0.2735545272440607,0.5247749917694162,2.186955376255923,1
25,0.6958687743165403,0.5923775090903172,0.06726573797068852,1
26,0.4696375066321692,0.6617347296798436,3.597746824172176,1
27,0.7509114349878224,0.4085723550644324,3.758265533421398,1
28,0.6696778397913368,0.47566421250227603,2.7925169402053065,1
29,0.5328620975731743,0.4855825295827842,3.607342612408747,1
30,0.6481210328489682,0.44445585709370566,0.7146087106110616,1
31,0.49320118502871946,0.3628092392289081,0.11294606550604032,1
32,0.037893829618646624,0.034861414858049354,1.827805770764061,0
33,0.28659011440691884,0.5151068042891761,5.1011493748405545,1
34,0.44948911694260135,0.5502012554456697,5.934927991661043,1
35,0.7460382534221562,0.4549444583866686,5.515206091312474,0
36,0.3733063059399517,0.7046160253213004,1.8216379510173357,1
37,0.2592392952948208,0.6263084498623702,3.730940718375232,0
38,0.5020096085056632,0.5023446505467337,3.5435037667450855,1
39,0.36778199938326156,0.7188718800701561,2.7740043335383597,0
40,0.5655443451841641,0.29529641357815317,4.428269143546602,0
41,0.5576885290037323,0.348252244305332,2.2860586795374274,1
42,0.45578366753438837,0.3638944235551731,5.554433485220052,1
43,0.5790816462772624,0.7173491811498949,1.4317833631338603,0
44,0.7245382121099316,0.367558907708687,4.271264948731156,1
45,0.677810539576783,0.569813927213679,0.2692585204609789,1
46,0.5967427352216893,0.5812638347617938,4.252649699036515,1
47,0.4017245923945815,0.5282609165884666,0.6796873948205218,1
48,0.3309201967153925,0.6889092570324199,2.7015700393921342,0
49,0.3944403646796743,0.6844056128079268,3.092341480888469,1
50,0.7160469520905519,0.4905141749713798,4.539567905923539,1
51,0.47301095667476967,0.6450347603750283,5.35528824402241,1
52,0.4649154927871449,0.6689671349171387,2.4475137088541423,1
53,0.7455909326127237,0.43435884148343956,5.87579463691531,0
54,0.2646161759467467,0.6861735224350037,0.05363257373193353,1
55,0.6275727319790225,0.6171866456684618,0.41541130533757975,1
56,0.6773852212098548,0.5876284660394161,3.2674303179504105,1
57,0.4442335208351724,0.6859624779495421,5.2763934517988655,1
58,0.42023851128021983,0.33619640807297024,2.474278109533852,1
59,0.4700912085657323,0.4291758478796465,6.267144430590093,1
60,0.5191829397699276,0.6992108158617786,3.8960644442943146,1
61,0.33047593399260833,0.7024627807003277,1.1878263889758447,0
62,0.38295851386378066,0.3388217138534453,0.45775407985567057,1
63,0.6716704525625701,0.3973431925057886,4.878386095995246,1
64,0.6329727335975472,0.37600897375448117,3.8671977154891573,1
65,0.5542943988504089,0.36924363711542274,3.89217911480496,1
66,0.7145394572834921,0.3681033344570937,5.697358709002083,0
67,0.6095762995422288,0.6863040595341403,0.8100744098972713,0
68,0.5226752699608661,0.4571234089722022,2.8516070694302003,1
69,0.3358183861829109,0.6210230843482182,1.5918289165645363,1
70,0.4636575010660552,0.6707720353415465,2.8360106271519987,1
71,0.7705121300660349,0.4478489173364741,5.477114702170037,0
72,0.7324777322371216,0.6348044525489134,1.118619537782853,0
73,0.7441575482884345,0.5900439843316675,1.521866608216586,0
74,0.44878128855641114,0.5123772146411376,2.8645737413672814,1
75,0.39338358132471124,0.6979242379906879,3.5156358927114684,1
76,0.466933724145192,0.7343779136671048,1.033263781636247,0
77,0.4781854550086558,0.7287317268699591,2.5503812774173014,1
78,0.7279625681787599,0.5715611103453722,0.6687340938275956,0
79,0.7418865714307047,0.42359223793085693,4.902058799626657,1
80,0.25303981658528635,0.6653083523786817,1.4520752475352061,1
81,0.6921756542123869,0.3663504709162415,0.28167287728033047,1
82,0.4225323663939823,0.3312322311183056,3.8633739386970514,0
83,0.2390992203259566,0.5551469682136774,1.9879983296280619,1
84,0.3029982263615719,0.5073336025380073,1.363872478967297,1
85,0.6669848424237859,0.6229926324057239,4.70318774663635,1
86,0.3860608524953832,0.6521991312601932,4.832430792084821,1
87,0.6891561366482646,0.4291136094129621,1.9198208422877117,1
88,0.24100975598338767,0.539231477797368,4.208943152511244,0
89,0.2675367604327873,0.5848131944535485,2.23621423786916,0
90,0.742036650742026,0.5343451156238442,5.605718268012421,0
91,0.29479024970458995,0.49767150726178044,2.8400493988385143,0
92,0.3052854723511508,0.6076613612653069,1.2340772683868912,1
93,0.3727266468058856,0.48461201660087244,3.4090270642983374,1
94,0.5880601373484243,0.568529049370324,1.5397229890339783,1
95,0.2768362991530451,0.6808823206566217,0.8028810667759515,1
96,0.2303697595007592,0.4647045240000385,3.436954737773538,0
97,0.28353328955013746,0.42809118318610984,4.111229271780339,0
98,0.40987958109860795,0.481044494987431,4.1183510151803135,1
99,0.6498995209806249,0.6734348185020718,1.5457564452506318,0
100,0.40464914703615085,0.6860470271093381,1.3917226876435242,1
101,0.5613477188119171,0.4365497135246721,6.271226594009387,1
102,0.31067795792577635,0.33178067029500574,3.803164004256927,0
103,0.4786327703119427,0.3098057095993988,5.934288159066719,1
104,0.3086078668487226,0.5603898320646011,2.9674375187038176,0
105,0.5746235892381533,0.7073926971295496,1.0601764298420049,0
106,0.747123430792192,0.5756859906085978,0.29414093173374967,0
107,0.2951655962521489,0.5931516239483458,1.2919059419785126,1
108,0.6089542700623853,0.6395902119680237,3.9612253178524326,1
109,0.2492597580072391,0.6604493816462558,2.2247551750837973,0
110,0.5669665343759637,0.5698984397499727,5.748585650250869,1
111,0.4384079737933707,0.6846902759196742,5.545285850364593,1
112,0.6921217201618086,0.3912604173110747,5.969689748847127,0
113,0.7121551917665487,0.5191565470307556,4.994676659933454,1
114,0.5843130636061923,0.608641059824989,1.4423624739584924,1
115,0.3785967968571281,0.6147846952150591,1.1382081311759762,1
116,0.7179974900245467,0.5460235957128233,5.54372369150224,1
117,0.5618213475938469,0.3993251622919496,2.216361972801984,1
118,0.3720131583794963,0.5937254560111573,1.8674920793931322,1
119,0.5941488611911712,0.3645634238110895,4.20578326400433,1
120,0.25435945826153705,0.6586447593817812,2.868972097461715,0
121,0.2468266297125047,0.4973700972178667,4.417973047689255,0
122,0.2616561722764206,0.5807157509519657,2.834622538126328,1
123,0.34923627229206,0.3316248021814834,5.402357990862733,1
124,0.5534540309101756,0.5052647190273032,2.004251133070886,1
125,0.6478742783479375,0.35229189647657905,3.801282425061851,1
126,0.2690523688666606,0.5852854374074538,1.8527149511935759,1
127,0.5189851630207345,0.4497167201389504,0.5473997542614253,1
128,0.6210402443320714,0.6450001401967798,4.683776722726789,1
129,0.24426594126339682,0.5680838337858638,2.5214110326138317,0
130,0.505989129888236,0.3017917278706142,5.019003340477016,0
131,0.18776281030638517,0.21079780388559577,3.8672303954349454,0
132,0.520829729937725,0.3071253433036123,4.404097454603674,0
133,0.39254512307408235,0.7185551475749676,1.7600763632556633,0
134,0.715130748281494,0.48839129834938605,0.8060174014353101,1
135,0.29026545648693697,0.5120854170396634,3.1324640384267086,0
136,0.32070247989199424,0.6759658555130815,0.2909170701067015,1
137,0.30994538779128294,0.5119015579010057,3.853330048986908,1
138,0.3941946235639669,0.3426950074511458,3.7065440333983144,0
139,0.6604974818671169,0.4970680957198826,1.4821208712510272,1
140,0.29269202356373936,0.5831626783801337,6.2357706116602145,1
141,0.25990846889515784,0.6681806373027476,2.1353606473011344,0
142,0.6741206087260658,0.5218191866592062,3.33071657635086,1
143,0.22270491793493413,0.4959302660362905,2.4760112991404974,0
144,0.7093201463163428,0.5869153760361622,1.4442059744509834,1
145,0.5532008120638869,0.602204394544702,1.6975358322362948,1
146,0.4527987502454819,0.74033750892239,2.578802619021655,0
147,0.6301629231829019,0.3885513045134306,3.2702410691117523,1
148,0.7019154472368173,0.6202060381092479,6.116156197426822,0
149,0.2983434461573702,0.696083091492695,0.7050760700241495,1
150,0.7376170010088456,0.5790781613521968,0.8064631815123269,0
151,0.6522572575570141,0.33263650163064207,4.490749625422618,0
152,0.5353596862743222,0.7355410845444347,5.849825487064883,1
153,0.655230549526019,0.4807836551815765,5.930219121433037,1
154,0.28673119254249424,0.4621215614061116,1.2523448151419003,1
155,0.37747188072783294,0.711943678248088,3.7905448242132187,1
156,0.32895007305532553,0.6392583050641878,3.9330059941172033,1
157,0.5014282010466137,0.44056919275952144,4.972210779875707,1
158,0.3323422089351713,0.47447080552750664,4.187626763718045,0
159,0.45304267077766275,0.31335333214257216,4.371377758584129,0
160,0.9639922321717793,4.4454129208465373E-4,1.9552082372564543,0
161,0.5123605877003804,0.2707146981733754,5.73943176696455,0
162,0.6001996647633774,0.35069732739919063,3.865435121948125,1
163,0.9976795928888753,0.14015617642536005,1.0901225376061776,0
164,0.5869991451594208,0.4914190010073619,4.755297135465376,1
165,0.6376352147585005,0.6756365706656535,4.9948545132844595,1
166,0.37197119943967144,0.7056958167923126,2.7522060169930853,0
167,0.7362237500593424,0.4737034939038631,5.120491698306196,1
168,0.28218222691456113,0.47311723188991567,0.265402680864539,1
169,0.4961597394255491,0.4431974366571478,0.3779900523495065,1
170,0.7362608965789504,0.41679492297043397,5.727013871983286,0
171,0.30437943984691285,0.49916247688889814,2.588052393620363,1
172,0.23024557246980948,0.5063387751782432,2.1786018648177894,1
173,0.7442975529764543,0.5530225766232973,5.256759039124384,1
174,0.37518073174960703,0.5279866439314334,0.3778214685339386,1
175,0.7508363022495698,0.5628738319549726,5.772466542806046,0
176,0.23505758238935648,0.5132737742961664,3.5219309694716925,0
177,0.5851304556089654,0.3285036126563349,3.672424422282262,1
178,0.669923543099497,0.34544800572459194,1.5779704843816633,1
179,0.20935638166459267,0.5412212466521285,3.0639784261038048,0
180,0.8026385918488976,0.4751410051653504,5.724986526112858,0
181,0.3982370270484293,0.394229520105896,5.595881709422252,1
182,0.5276541676048301,0.4941288799293542,2.7048232001571018,1
183,0.29408674177848954,0.5822615598373372,2.3368897462291742,1
184,0.6332786796456581,0.5082948015551798,0.005036253592730688,1
185,0.836205602065996,0.8039229329189392,3.652470199654476,1
186,0.6017567946417345,0.35121044038096044,5.007402577501322,1
187,0.7099972639486833,0.5972093501140695,1.476392489594232,1
188,0.31860891406311553,0.33788903461656633,5.860566926800383,1
189,0.2545313899944373,0.5617570431048309,0.8758773379871018,1
190,0.5218893054392247,0.7182593476667413,5.277163174953666,1
191,0.6797190296253561,0.6162642502857715,2.7303349757906887,1
192,0.30477802023268336,0.4229876870524124,4.728708712434601,0
193,0.4132894693055905,0.3819685428530052,2.118793628515145,1
194,0.3629415635480213,0.3124586276434147,4.859898319698155,0
195,0.6842988236534822,0.4595651574550451,5.491472318779165,1
196,0.7471342505341338,0.46525572349154626,0.23123500041080863,0
197,0.5749999751089061,0.6802577206251746,2.2462792143089505,1
198,0.4003896350586308,0.38733732578138147,5.479966144993241,1
199,0.3299328101749359,0.6226361415649143,2.732877625061463,0
200,0.4543275338947409,0.5368791681121832,2.703819136623321,1
201,0.2946729267403572,0.4079153765116231,1.5470890653995049,1
202,0.6178058907015335,0.6665878583665436,2.4276664459756034,1
203,0.4462612535172239,0.5219183096794674,5.826331175454888,1
204,0.525001270984252,0.6667700948735623,5.1136171775326416,1
205,0.25887180389663444,0.5393011215598653,1.2454052633882267,1
206,0.35301467270293974,0.6993980599251045,3.5702282433003107,1
207,0.23249810080752226,0.6175201649882605,2.6400648417615065,0
208,0.2385732037775076,0.4826663136950915,2.363066201106004,0
209,0.7157463528101098,0.39509753433159034,5.823815741002053,0
210,0.5700407304881504,0.2865876225257547,3.802080414357964,0
211,0.6889531378127526,0.6231059912520477,1.8698575746708999,0
212,0.2662969677754712,0.6720757312501653,1.6621894139223141,0
213,0.5020122564830616,0.5286375982557655,2.2425800892550147,1
214,0.48344339152622506,0.5548477324663665,0.2509059158730223,1
215,0.5442454378713277,0.265453317263423,4.0689543824541605,0
216,0.2778693476731374,0.4086020859409301,3.9383272520306307,0
217,0.5454223699940005,0.39861544180023056,2.1207994228559235,1
218,0.22288883963025433,0.615673218233555,2.0054785568424136,0
219,0.5704414859923139,0.4534007220324254,5.210594270132316,1
220,0.4984732030949559,0.7431297869660279,2.3806323628026087,1
221,0.403462549247704,0.688342355272567,1.6496325858337098,0
222,0.7383109353029715,0.490886807327905,5.763372993859576,0
223,0.7448807375909081,0.564586051383224,1.754670742664531,1
224,0.5292878873080015,0.39067324488350896,2.685624687869699,1
225,0.5052229546615215,0.44110291903460996,5.95505075367029,1
226,0.7441192644760594,0.5746900208656559,0.6576891139881564,0
227,0.3095124924357454,0.3702827947540763,3.1183384417809306,0
228,0.4573274015879909,0.6432224506611152,1.282290595801554,1
229,0.5433159075839483,0.43294786752337594,0.6534149081449805,1
230,0.725478088643448,0.3803725204975411,0.5384959787592338,0
231,0.7392328643804376,0.4372993198916534,4.27624514938884,1
232,0.35852585847668295,0.457064028646168,2.7011478016456083,1
233,0.33652771146638777,0.7176801748379967,1.9278898569413858,0
234,0.3358613169543529,0.4729778473986263,3.5814684494571014,1
235,0.7453109133723533,0.5161169865142092,1.3983260488306135,1
236,0.44668573834658054,0.34029476399296826,5.42281011810191,1
237,0.47002468094250177,0.29770431038676537,0.5372948109879313,1
238,0.36238844883456567,0.4061529194633251,1.3874707598547797,1
239,0.48921547984172215,0.6553567593835199,2.0737359508808137,1
240,0.4599062135185413,0.519358903026251,2.8633023608660153,1
241,0.6874330865693935,0.3582137238925172,4.634902472830481,0
242,0.45876364313683926,0.6814371187173875,1.8098871428899588,1
243,0.7360060452262407,0.41830188841472843,0.24781087488597986,1
244,0.5373666592285096,0.7533252988066232,2.622902857093467,0
245,0.4655586329404318,0.30293602827508676,0.06676374299517729,1
246,0.5854463556230497,0.3063191270828011,4.459931778474344,0
247,0.5050491534804781,0.6301120313520843,6.034572447930417,1
248,0.7276284986004532,0.632351547817408,2.1422205845173656,1
249,0.25501425479778755,0.6653948713520689,1.6728437948365134,1
250,0.3056649854827301,0.36568338682350476,4.141461290562954,0
251,0.4631073690516263,0.39169253164931656,3.2530825988854506,1
252,0.7046740252215647,0.5111628936369849,3.1232481498523867,1
253,0.8717652442501695,0.08169022428588696,5.642960778216958,0
254,0.5314523508462289,0.6517314696808493,3.90813966699378,1
255,0.59372984762845,0.3357760819705908,4.440838973735871,0
256,0.38557177139195886,0.7129729659755876,1.930273475866942,0
257,0.3816531536077594,0.3310377040762127,2.6768283434618465,1
258,0.5455543440892411,0.5656027128456856,5.367780077437591,1
259,0.43489919867627846,0.7264716815259702,0.5541922918267324,1
260,0.23196224603752083,0.6125502824609637,3.6895135279954925,0
261,0.6396718449827244,0.4236833211906347,2.8761367191283673,1
262,0.5435084027748617,0.36057661040723354,4.997324167172834,0
263,0.2417749786326545,0.6379811664827545,3.045798389863019,0
264,0.30328883713813093,0.49422098788783614,3.391677101107785,0
265,0.5986219378355998,0.7137342480959334,5.039111284071751,1
266,0.3912410310515932,0.257547360316987,3.2869255869013747,0
267,0.49214465432928267,0.5102778173123506,1.9991129849302505,1
268,0.44225986186929167,0.5148499310414404,4.226358651523048,1
269,0.621936217335802,0.36574488436589436,4.183680220533043,1
270,0.3079513624859268,0.6110418928792669,2.3857113055322956,1
271,0.32678770394778933,0.5229276405739993,6.069100905943624,1
272,0.6911988491663139,0.6221679679971983,0.7070141904204477,0
273,0.38362094826625803,0.6037523760328756,5.623073336410954,1
274,0.6257090511534157,0.6755780918786523,1.466049110889108,0
275,0.42173855062887416,0.5238022333201224,3.488528608910034,1
276,0.6733991412948188,0.6537601877899689,2.529303184652684,1
277,0.4928947573459537,0.7208180102232167,0.4874694376811154,1
278,0.8443068003614057,0.7910811248146449,4.591313572860264,1
279,0.681264182538751,0.5989116404758393,5.194083934859057,1
280,0.3324816721009729,0.4917252088654772,5.118113226512364,1
281,0.5166780810674335,0.3744772159794702,4.08040439590905,1
282,0.6790846412191206,0.600348365334784,0.05480365284894617,1
283,0.35104895809494013,0.49798784138733115,4.463291817440933,1
284,0.5997958503630323,0.3609716414787251,0.4437974354995241,1
285,0.6078319398848816,0.5800631624124484,5.005892993822993,1
286,0.6212849475301778,0.5149997503171784,3.2684462110616033,1
287,0.6221764559076575,0.6979943749016468,1.2202114026251478,0
288,0.4007338578467064,0.7061805059900745,3.335624374972311,1
289,0.6649788441067709,0.380327702630889,0.9850246812409134,1
290,0.7362965375626911,0.4189277131718593,5.147567724815489,1
291,0.6715585605426246,0.34695122303810333,0.14200118980923815,0
292,0.37599402708367324,0.3702806950703069,4.705278582879765,0
293,0.627532368929908,0.6462369575157663,1.6337898147106857,0
294,0.31548392639626505,0.3587527409756739,2.1124456480685825,1
295,0.47055178426803645,0.5261442536356475,6.129612262340634,1
296,0.3972651091520398,0.39824911937554597,3.923588589513459,1
297,0.35544452578162905,0.40024046265087637,6.052370163569518,1
298,0.5128608141043173,0.5220556129563406,2.1429516037013183,1
299,0.4389734107198035,0.3225147146308973,0.5554904165134242,1
300,0.649235773438902,0.40087972069563205,5.619294167717949,0
301,0.5089740601548988,0.6549165380692469,0.4923940458056844,1
302,0.5311617834972311,0.354113012117691,0.35766777609325184,1
303,0.44775878937794933,0.7337571039095652,3.8420604750702876,1
304,0.4602129657473416,0.7471258951010926,2.955174615031743,1
305,0.48697089799753207,0.34279073566013857,2.6062569280824475,1
306,0.49951378387595397,0.7460371242480326,3.270192983922153,1
307,0.4505650664478273,0.2981283998537217,3.8098513516885704,0
308,0.3771647424450435,0.37520132441725385,1.864611820699706,1
309,0.5119299924853675,0.6248957516926734,5.298489210766682,1
310,0.25899870414716,0.6682921278326789,2.240392169400486,1
311,0.35274810967732523,0.6595213098840487,0.4116747522164924,1
312,0.637480245694405,0.6144745295754634,1.7783173927149276,1
313,0.34114528387290105,0.6596235787561907,1.3977317005583683,1
314,0.2577504168701943,0.6664044858193742,2.421864151417795,1
315,0.44617162877998057,0.31162833082461394,5.7842254597629665,1
316,0.5674884580695088,0.308071078711494,4.9705106372992685,0
317,0.6305606186357361,0.2848792850852322,3.54421467423102,1
318,0.43238900210864956,0.7286936604816393,1.327065862860171,0
319,0.7369383134049855,0.5713846475431845,3.9200000944108533,1
320,0.6153722910900593,0.40363683382944554,0.0011241893191247243,1
321,0.45719630477556844,0.5696673438295082,5.746339968852756,1
322,0.7399957673340178,0.4819850200810555,0.058198534042014194,0
323,0.6377302764225298,0.3125398082421052,5.5810768106227595,0
324,0.297509631842553,0.48481586283104067,3.5647552804437166,0
325,0.25872876590366617,0.6432066216585922,1.5884688779140963,1
326,0.28579799939601214,0.594166316612107,2.07929133977707,0
327,0.23139498537516684,0.503406770662851,3.081763901052094,0
328,0.2929334457300992,0.45705361039136455,2.0557624241641723,1
329,0.5802405293216732,0.48470509721177923,4.129258463362352,1
330,0.37876717252659625,0.3467033936217762,1.1420027543249867,1
331,0.3392182430907626,0.42033032199861603,5.814201986183639,1
332,0.6854716242783733,0.43395600907675774,0.14069387679058,1
333,0.5004624879746693,0.28632100158362234,4.246375261232453,0
334,0.49096312031009315,0.7409672615224805,3.5727888232958294,1
335,0.36310793722450213,0.360440764643347,3.998909448846424,0
336,0.4831891677312234,0.5531240047331469,2.0326546522286777,1
337,0.253231572945331,0.4536308566009775,5.286474145690429,1
338,0.3600896179218506,0.7029419527138682,2.9602163164096718,0
339,0.5438180851513355,0.6946074467592434,3.3387032544681285,1
340,0.4753927172603533,0.6668413319242888,3.325690965044871,1
341,0.46203846445800484,0.4437640519110522,2.2757367383463776,1
342,0.3409665975067225,0.42050499408595393,1.877359557275963,1
343,0.37901094460178725,0.4282923489335114,1.838971354814892,1
344,0.6340454516448405,0.4187563021398338,6.121296039178144,1
345,0.27250801597954943,0.6232700565576383,2.6567038851424485,0
346,0.4314007282103706,0.31910560083734807,3.3042311813189746,0
347,0.7195436297932577,0.4017200442999559,6.075868841775758,0
348,0.5458767643851322,0.4886894757673031,0.8653890652052368,1
349,0.2277962459222436,0.5145181021648789,1.563009628028722,1
350,0.7344925591522171,0.5090679951221123,5.651526346415777,0
351,0.4508193364108193,0.5903481906506388,3.8891823352680936,1
352,0.36794087311160867,0.5164225856348386,1.384247995951548,1
353,0.312544758601333,0.5628056671333681,0.5282051477577083,1
354,0.37278561263485754,0.6820236182638028,2.61398372596902,1
355,0.36411965726290596,0.7416502217692676,0.5929720211550343,1
356,0.5920421890984904,0.2863595430476633,3.4175809081322863,1
357,0.3162288496541428,0.6996044782356086,6.1061962958016185,1
358,0.623151831463344,0.36265229114970476,2.438889869865298,1
359,0.5817054885483987,0.36677355960292907,5.614840581252521,1
360,0.4686020861715372,0.7059891038421454,3.1036837372727315,1
361,0.7549273737125187,0.4582475732799647,0.4978089387600416,0
362,0.7350186287617076,0.4161935247996474,0.42007254021629054,1
363,0.7384259994648597,0.5645284227597926,0.3887435720032081,0
364,0.558687175894685,0.36387153353749035,4.858386306804579,0
365,0.7908180526337014,0.9871774362634003,2.3651248008398635,0
366,0.38550833803444223,0.35787301130225707,3.7160375429357395,0
367,0.41289373332874596,0.5863822997516669,0.22630587175283928,1
368,0.27092899777152113,0.5756317321997668,1.899936129312936,1
369,0.7372539689006454,0.42410146469920385,6.0318254047630475,1
370,0.41276240445197826,0.356070173867068,2.9148635434259664,1
371,0.7154314679174906,0.42664794499392406,2.8122426062108126,1
372,0.46160005764722767,0.5400389745804395,5.186650504393938,1
373,0.6927907771023164,0.6145307273019782,6.25530948285043,1
374,0.3345787853324705,0.668213153767227,4.252550131288628,1
375,0.49934153855039054,0.6075800113035212,1.9882854878390035,1
376,0.3701524859377167,0.6984616797889229,6.154228541124113,1
377,0.6915429369352861,0.6209147252687109,0.38883524625117327,1
378,0.49441097138569085,0.4308839862504359,1.765831203179666,1
379,0.5609241247575006,0.3148845445234892,1.481202246468442,1
380,0.574689461372621,0.27164017036400673,5.813126927065506,0
381,0.5082199793670751,0.7304268489503486,0.011711262189455375,1
382,0.36270454565628363,0.3382916067145936,5.386981235386876,1
383,0.7329300813381319,0.523231102298659,2.2732135595101575,1
384,0.734611568176516,0.4082575941535472,0.18978565387695306,1
385,0.44883069027695327,0.7171366195401574,1.4434280912004835,0
386,0.4359826898505762,0.47699415889169755,2.54589640147123,1
387,0.49092276030717547,0.7111969495485447,0.3619829237103124,1
388,0.3024231425212635,0.4244735087648041,1.315331071947422,1
389,0.9669194141344236,0.955993693095131,0.3619039534136713,0
390,0.610122201486927,0.35243647441817905,5.071609268929926,0
391,0.4530734214519871,0.4121269426890512,1.9417123945282828,1
392,0.5169431513705028,0.6275887851348384,1.4895919252292749,1
393,0.2654479723391117,0.568861916166643,1.2790988454980694,1
394,0.3801331931205529,0.72126938557294,3.9409481355448057,1
395,0.5340162918774684,0.5909159713526478,0.9295903475263265,1
396,0.3419430176751304,0.5521851445964426,4.6439240366191274,1
397,0.3847646356940258,0.465766353046042,4.665644076430485,1
398,0.5084281000511343,0.5333312631140387,0.5147092759575265,1
399,0.4746668526396724,0.5534737193432778,3.6023475485011107,1
400,0.50329532789559,0.34022715467065595,0.3891833803732817,1
401,0.5642971920771606,0.44731695569952873,2.6188220829097975,1
402,0.21256761052238685,0.5916673554390414,4.348932958611534,0
403,0.4293173965225753,0.6555606068671765,1.746757557940466,1
404,0.5355712032650686,0.7060863552053898,1.6739796107542277,0
405,0.6913104255698866,0.4308309477869237,4.1868622804051,1
406,0.7359474301255673,0.5261638603983168,1.043918650405647,1
407,0.4638998833681098,0.7318560662654798,6.12350780267355,1
408,0.7320875336114877,0.5308692790618355,1.2515346070085624,1
409,0.9342398868751873,0.08479048781522858,4.768137507353082,0
410,0.562808437029617,0.4389953263814358,2.2369356520910793,1
411,0.33000662482882837,0.6467045635169323,2.5714482251104784,0
412,0.34428838965520064,0.6532124648989212,3.1592798215836146,1
413,0.2554831926761061,0.6681916687928088,1.394168552533452,1
414,0.532777131318024,0.7292203147406456,0.3913863867165462,0
415,0.36132116621598515,0.6854212607997382,6.246174177905237,1
416,0.33971874078103786,0.5526412857437207,0.6204218891668973,1
417,0.6450144889838275,0.5580915720158526,0.7490517427736153,0
418,0.6849696464319637,0.281422230625694,3.4222283272912817,1
419,0.2605631127885323,0.5798921619700836,3.2832289816106837,0
420,0.44190714739610604,0.5630822429090913,6.2325558417978195,1
421,0.37343263479484684,0.47717367084061285,2.0255797403104756,1
422,0.42930510362888236,0.6637007427931322,2.740796602545382,1
423,0.412151919351569,0.6266091610848934,3.382115783314364,1
424,0.2376536063605581,0.4422843543013548,3.3238196982810795,0
425,0.6736594450360089,0.4243233318048744,3.2678463690212607,1
426,0.6173684050549102,0.3508608037346572,6.034904043526857,1
427,0.7639230718348768,0.5017056464073698,0.6665765769879998,0
428,0.5834988584444566,0.640826519449622,1.0456356828192397,0
429,0.7355117727244149,0.4906379091726259,3.9390474938886313,1
430,0.6946437494440106,0.5445970182097727,6.051570948284082,1
431,0.24980032881302192,0.5754372819087382,3.4958716223949,1
432,0.3082758893471675,0.43564769478080606,3.086247962686599,0
433,0.3800105402393704,0.4221494405020194,3.4496943936835653,0
434,0.3838742916579719,0.7090967085004466,3.123375823527194,1
435,0.7414403928151768,0.43376473835039847,2.073985565667544,1
436,0.6292831020777364,0.5598128496290493,4.268498805249561,1
437,0.273190504491891,0.6784118807435539,0.6326690716276784,1
438,0.4380173361160662,0.7497821209290857,2.4942258771301384,0
439,0.5616960685834091,0.459423279926876,0.8769814431626954,1
440,0.9873520505875637,0.8892877141460042,2.811230736236011,0
441,0.2774357708518432,0.5746121368563342,2.3474488917146754,1
442,0.545901205075461,0.26286260264020955,3.8140286829367813,0
443,0.7408650365893555,0.343293186973307,3.9601328306906365,1
444,0.5058754201920728,0.5251833693995855,1.2587766912237977,1
445,0.7323025442452878,0.6136065643793502,6.143388544034491,0
446,0.7548977407247501,0.4669251205527731,1.0796665802377376,1
447,0.40148889483556754,0.38067194858379266,1.5203304963838358,1
448,0.5184812030919704,0.6128431011321147,1.7858320753717842,1
449,0.5160461833262152,0.6671689396582234,3.042761344969343,1
450,0.689759561846315,0.3843538106901848,5.154924352222928,0
451,0.24918528685629956,0.5733313231977166,2.1148178817040746,1
452,0.5314053508104123,0.39873853850202295,0.7968559003167233,1
453,0.6134873323220326,0.6099310751941678,4.095637072802798,1
454,0.4839546801504624,0.34437283740874813,4.092252720129578,1
455,0.22581196383464514,0.615322289861217,3.013235444153893,0
456,0.4295998085089163,0.7271680749647513,0.3600783346536678,1
457,0.23958245853744214,0.5549859285470687,3.125300272033092,1
458,0.6061872525005908,0.6232379271716506,4.908978099981418,1
459,0.2738393405400415,0.6226545180651424,1.2046861782985963,1
460,0.34703325720315786,0.6670858478405377,0.9183762298158542,1
461,0.6075707361775495,0.5000543923424947,1.8834594843946686,1
462,0.5638246038968284,0.40352323403111034,4.728599580748181,1
463,0.6183009403592222,0.6648043847189042,1.1072486034100195,1
464,0.4646927358942854,0.7284540554969124,1.1119309073535182,1
465,0.7044152520174863,0.36656844118917925,4.646795274559218,0
466,0.014028239678378468,0.22490010455918874,3.9455252777218948,0
467,0.3150072759960664,0.38427511391251906,2.7096068650788356,0
468,0.7260380143701963,0.5543326234319,6.015434228951092,1
469,0.49835625478187184,0.586383730642997,3.7987653387746017,1
470,0.8355342047409423,0.33598637327531067,1.0759286300349933,0
471,0.5803421802410942,0.38441785886851526,3.402322210788289,1
472,0.6339689640816462,0.33287852829218206,5.529463520776531,0
473,0.39684805090150227,0.7212804824910327,3.4491585698579454,1
474,0.6444165655823276,0.30353498560494374,4.505701590747345,0
475,0.5421248700415328,0.25625881923042243,5.412027995534168,0
476,0.4640145806173149,0.7027291518334248,3.7860079503847825,1
477,0.5461953130701572,0.7122005574052356,1.6751280463499607,0
478,0.4316575803698445,0.5181057643859943,5.464169383906541,1
479,0.4054595692089685,0.37975404009674724,4.348977755550523,0
480,0.7167418276933444,0.37571313429903835,4.769177996868633,0
481,0.6062841064244622,0.6195331554631376,4.505416766170854,1
482,0.46386954222921806,0.734557844964596,1.2360456964064097,0
483,0.5227643169535543,0.3061503252762009,4.932058639602467,0
484,0.5158489087125278,0.7252079530387061,1.1569122798292315,0
485,0.6266265520623301,0.6956090067703811,2.8007579041732464,1
486,0.24182800911058405,0.5586969087136621,1.4662640931505555,1
487,0.6256938297819378,0.3864479099134872,6.006769652669092,1
488,0.7134875388193358,0.4305572453534654,4.518760692872701,1
489,0.6780602805356806,0.3322251323926394,3.1328969769878547,1
490,0.6351569833688341,0.6709682930269331,1.0224865532179432,0
491,0.725140519851814,0.5434099138905794,0.7495895127111538,0
492,0.6152046603076274,0.5813379809674959,0.29766591258085173,1
493,0.63712247876524,0.6712586315963464,2.8547391381039438,1
494,0.5786238902171447,0.3064518365610171,3.6970508835178624,1
495,0.7541615546282281,0.5464242305355579,1.1203861959892911,0
496,0.6360113535864074,0.3080892940634885,4.729351412493692,0
497,0.6987332015346043,0.5977712748196052,5.6856032982108236,1
498,0.00640225968038571,0.971508207549403,5.280089338815066,0
499,0.6532856711758827,0.6562087990004317,5.590500308802979,1
500,0.6941587737797505,0.6199274771056222,1.0777386577563566,0
