16550,290.234
1,0.10237395265028552,0.06134079509538384,0.738167273769989,0
2,0.7083600925056842,0.46174074911385804,4.804975725201799,1
3,0.559978680970765,0.45215444988787906,1.7131075874217312,1
4,0.4694618088762597,0.4034681179920123,1.5913911454490293,1
5,0.5392211096972979,0.6235361068599933,3.006648395053717,1
6,0.3732394193781521,0.7151913170465577,1.796606789160047,0
7,0.5243371458108884,0.7085016648439597,5.186163123459141,1
8,0.532392760508173,0.33583360327441764,3.538253104902826,1
9,0.3478397333868082,0.7742387627095506,2.0008350445865744,0
10,0.40710436193017613,0.4311685299955392,0.20860674704923815,1
11,0.4782257804260461,0.7923582620883619,1.7644346517178533,0
12,0.5274795694104467,0.5367415577401885,5.371243982814286,1
13,0.5274333350976133,0.5888406913306764,0.1253001423805279,1
14,0.5012416253445044,0.7756087320014206,2.012638736454317,0
15,0.7476205219337372,0.4416096247963748,4.676233189661133,0
16,0.5611530147641886,0.37711446122936426,5.685123160741018,1
17,0.46475356690121206,0.7678546637555403,1.1535388082617632,0
18,0.726239107819308,0.430762727896305,5.048036229014384,0
19,0.6566046658204054,0.4968318659118394,0.11988769925166484,0
20,0.2872433229391148,0.5803010426435854,5.535755398272461,1
21,0.4215047705099642,0.6745828335407821,3.503369197292056,1
22,0.487709311852434,0.6313112445906368,3.883304918094732,1
23,0.7123068547473219,0.43915445210167886,3.8933047920696513,1
24,0.5583653392487996,0.3968752705108128,4.106289320010798,1
25,0.33480664745143435,0.44049462550791707,3.353929716549694,0
26,0.6263782955804006,0.45800631300265476,0.976969133850714,1
27,0.7746624326585165,0.5145154794170337,5.573863606392066,0
28,0.4754003167190546,0.36289115860862403,2.219634223021015,1
29,0.40131247375678286,0.6945354945526477,3.2585894252254035,1
30,0.3249255459074539,0.6941636734130552,2.8178563365981626,0
31,0.4170923259748015,0.8046655762044436,0.2269612987214906,1
32,0.15917293846132136,0.06706066843685615,6.153400253018492,0
33,0.6139870704418354,0.7391640163603274,4.201463654094926,1
34,0.37948576303432136,0.7950253030828951,1.1450277739071006,0
35,0.6975201758106155,0.3772664046091813,3.9396041953846535,1
36,0.34092852200667,0.7011488042391132,5.645540124454452,1
37,0.6163106548840109,0.4517665705068969,4.09158851496931,1
38,0.574999673162804,0.45555822926589956,5.6712430548459665,1
39,0.31170710029995224,0.6178504215223432,6.142399017388697,1
40,0.6793995890172624,0.34111782238952026,3.5554864810066,1
41,0.44889622477032276,0.32304544067619173,5.279052140975869,1
42,0.5802633241666049,0.3010973187213049,3.3284801125965933,1
43,0.5389954132709768,0.7606221267374406,1.6965619789604198,0
44,0.36215645060332985,0.7104252434074345,1.9919412180961151,0
45,0.36484462631818537,0.41962761542908616,4.162383203386548,0
46,0.6315527318684258,0.3656524827539717,4.508158716953187,1
47,0.4931777165732846,0.30964282188563697,0.5292374362503096,1
48,0.5424429183410105,0.4688632199244742,5.095750470074988,1
49,0.6315530863296449,0.3159563365532474,3.985288602416833,0
50,0.6977936515684429,0.6122271200160828,5.322743635025312,1
51,0.3197245258869711,0.4469141147168765,2.111039110659617,1
52,0.7856641618202385,0.49718266843567854,1.3345402209492458,1
53,0.30142366148643657,0.7379613078418451,3.899967254967541,0
54,0.3112292459476906,0.5588656583494379,4.252234767375401,0
55,0.3388039207609517,0.6662939572946981,3.3494919582346867,1
56,0.4576424942740204,0.7885171875649493,3.4481517423238297,1
57,0.46492045131903914,0.5604024047348091,5.821100611492882,1
58,0.6120601186187109,0.4232249896110265,1.8229380292139061,1
59,0.47584225697089494,0.45675356179376453,4.0580829554098585,1
60,0.5050434801078536,0.3083995578511738,5.846745048389818,1
61,0.4684397941199392,0.5321813130100407,5.841616839340027,1
62,0.4537269967522513,0.5520443376088492,5.416469235429614,1
63,0.335068147411205,0.43040923538766834,3.0911856643300655,0
64,0.571616647071626,0.6325153019880413,5.124379683769821,1
65,0.3231452382810047,0.4694355809652559,4.363925107934181,0
66,0.7734912404800205,0.4853869294939468,1.0116815250395956,1
67,0.24970239604848365,0.6160577613682671,4.3647515823251775,0
68,0.3749473400989689,0.6967647031522564,3.1044597953151665,1
69,0.45130000962377037,0.41462686922670533,0.578874722936067,1
70,0.3499159654973445,0.5306991355793724,3.157577672110765,0
71,0.32896197701626206,0.4463306355563522,3.9150305901122837,0
72,0.6316758985960913,0.5402010897119351,5.037478378250537,1
73,0.5485821930417957,0.4319828947182331,4.922856126754059,1
74,0.4704194200591547,0.33254346431192366,4.7607417483424115,1
75,0.6610150405826182,0.38342599424633983,5.177554138023299,0
76,0.6118097645204005,0.5259080160363291,1.5652434466475265,1
77,0.6185371219698862,0.38496830982225594,4.502570183339842,1
78,0.6011584588899638,0.3018575417668547,0.2550679665824662,1
79,0.686454997487283,0.658088928711353,1.9713230540310949,1
80,0.4776950817846046,0.33181086190584463,4.610559656998593,0
81,0.6514932005990812,0.6428585112287376,2.9172528918272786,1
82,0.47833836100722743,0.6892757431575183,5.332641294194662,1
83,0.4808618068169444,0.3213621856350761,3.408636631425026,1
84,0.7659190896872439,0.5620111162171522,0.3683847012837617,0
85,0.439541912501685,0.7601237803603843,0.14596906724670075,1
86,0.7165566715023662,0.7322870880359664,0.025718148226913762,0
87,0.40726403224420793,0.34884004731325197,0.2740732909415814,1
88,0.5683428541187145,0.745683781985641,1.298135981718702,0
89,0.4096264109173647,0.48885955522542535,4.274974120171873,1
90,0.43060104244366854,0.6624067925309165,1.6038841592497541,1
91,0.33049495541692947,0.6816474542014113,3.447830559822771,0
92,0.48542709164113135,0.33438996399776344,1.438838361748416,1
93,0.4093202624494366,0.3257851551789615,5.198829235311199,1
94,0.6428890574272926,0.38782911970741096,4.797316032965788,1
95,0.31665718473187954,0.4722380366243579,3.3700924908055545,0
96,0.3743210268878279,0.5070880839772033,3.416865586969342,0
97,0.3165403444508472,0.6319941389366737,3.020556557837685,0
98,0.7634182362274234,0.5126179173555703,0.9843229895329032,0
99,0.5117788196651699,0.27952444075962285,5.211211953007974,0
100,0.3977832749722866,0.7743177142291706,1.572228558976244,0
101,0.6180216250549494,0.6566085205586352,4.386708715476884,1
102,0.46818420342423256,0.28840972999815745,5.015305691420877,0
103,0.6831388394374172,0.6461127874340061,2.397356497523806,1
104,0.6200853475961764,0.7770503875408721,2.207620126004238,0
105,0.710257818877917,0.4310990039771257,3.803397481314275,1
106,0.370238866783281,0.7564569001914442,3.7851389421379538,1
107,0.6150710696787418,0.6915799838337758,6.015468503177556,1
108,0.5262177327290439,0.7577520382395079,3.7932960375361855,1
109,0.4663118653232076,0.7258443052076445,4.778238351653269,1
110,0.4488435784970668,0.8028682895232787,0.7144593110780901,0
111,0.3772412766778427,0.7371447091008999,5.419734070203104,1
112,0.5112395677840252,0.6726315786608894,1.2917240556367164,1
113,0.29487196591316456,0.6032177677645391,4.898919513802396,1
114,0.4745536486986205,0.3534592050354837,0.3834140462694321,1
115,0.6106990762201874,0.6118498472078266,1.7617377615098893,1
116,0.4974378867391742,0.48340666176581215,0.3798562975046454,1
117,0.7572922599303841,0.4405012683133928,4.434159630334002,1
118,0.4509586007134881,0.7379813670564188,0.005017026684067893,1
119,0.6885712299731102,0.39949799653165624,0.7865776874582366,1
120,0.6010577020700928,0.4005116408711873,5.126366769232474,1
121,0.5280530814816021,0.33062063752982523,3.1461988980235045,1
122,0.6483142985607309,0.5862946572962414,4.032081109913988,1
123,0.4319958944074978,0.4208371582836875,0.35526434836918086,1
124,0.6336426562099244,0.2985754889568927,3.9445628897091938,0
125,0.7047635990376772,0.6179098039530408,2.506551185704458,1
126,0.7055312909446407,0.6337764866261776,2.390710792116461,1
127,0.5986545518104529,0.39024209029390544,2.4206945748019164,1
128,0.4824934598111935,0.4876885898265724,4.990712234230154,1
129,0.6578253800016323,0.46457290277751717,0.07189704359779014,1
130,0.5957186794115371,0.6873009690071465,0.19865428248719755,1
131,0.523449903999538,0.5951266273074579,0.8349115878664886,1
132,0.5361598884499259,0.41572306972855727,4.107952613003841,1
133,0.5137145973086684,0.3292602592124882,3.693800134491746,1
134,0.47262774142754554,0.6259458916157454,4.209624994114478,1
135,0.6732873236547852,0.5631938024904058,2.4994385506282555,1
136,0.3156568392071972,0.472927084745263,4.329946927678949,1
137,0.5390895556022005,0.7849563034876793,0.7328135554370785,0
138,0.6561371566688513,0.5600818100668107,4.188700095961055,1
139,0.3271857703836061,0.7070747436936085,2.810033257993404,0
140,0.42676575039652703,0.32046708570234544,4.468156685269524,0
141,0.33608797692466047,0.5188925347003992,4.385911489713333,1
142,0.37724124948757115,0.32873056844899695,3.522049617754265,0
143,0.5109924488844173,0.321159277640718,5.374239358082705,1
144,0.3182892647637962,0.5562265651526184,3.574429471923622,0
145,0.7612638958623357,0.5457957991591739,4.401988845814253,1
146,0.718859720432759,0.48813037176657065,1.6278532502874214,1
147,0.5438932809776301,0.7861534977926304,1.836106837058743,0
148,0.564910683410181,0.7068947810858175,0.3338263861399139,1
149,0.6490711869354875,0.4607468839267798,3.3760355183872655,1
150,0.38949972667278326,0.48235366718661515,5.110871714701771,1
151,0.5680320806749979,0.31853906247508895,4.145837325409217,1
152,0.37052841340334436,0.7123908650019459,2.5437023001075674,1
153,0.44713107983194605,0.4286737815968808,3.1623212081049186,1
154,0.4044821863256612,0.6124076431027534,4.848432078155245,1
155,0.5123874341529377,0.3401342380865133,0.22243664347552305,1
156,0.6645703161681509,0.5059023302136756,1.4090780594539791,1
157,0.6334456744323744,0.27900486320143625,5.925859989099992,0
158,0.5628359244384359,0.3824098823069289,3.7659861001508625,1
159,0.5298263015945449,0.6311494147786493,1.4365361745281404,1
160,0.9207299844370304,0.02233752870786559,5.935019129949754,0
161,0.586661409824106,0.626085595733195,5.28583293761489,1
162,0.39506978115609803,0.43797141470679546,5.908169556924191,1
163,0.8318899647748127,0.33842221441433884,1.5163843125756267,1
164,0.5811796852191984,0.6585304592966942,1.2399527459805069,1
165,0.611901840064973,0.5466499148401328,0.37132706277465527,1
166,0.36525069566946383,0.3643597738283716,3.0701548004869217,0
167,0.4342039116815772,0.5659446342121748,1.9115556895653478,1
168,0.3532397309385572,0.675860609994872,1.4007917025577235,1
169,0.41511467399914287,0.6289923319689866,6.256602965206941,1
170,0.3596189722661457,0.7780759713361177,2.03598399543752,0
171,0.5122108828822803,0.5308218575337927,0.6931857567041357,1
172,0.6337798166021519,0.3481547552490087,4.854346196261359,0
173,0.5102906481419787,0.8004842788175522,0.1304197443558908,1
174,0.6670209704961061,0.7040405674426596,0.4299274873713924,0
175,0.38942740700962963,0.5528758041303495,4.731885341723162,1
176,0.32896144454386195,0.4435614003805586,3.3230039913630582,0
177,0.7652872511148207,0.5098118668469255,5.351057225673778,1
178,0.4928772074177027,0.7301460938971236,2.1524421328077645,1
179,0.46757782243803536,0.2944548031013625,5.500003508680934,1
180,0.576884151216116,0.3547949408955172,4.473413644393591,0
181,0.3495339789142906,0.5092927019560743,1.6173141120779344,1
182,0.575363965791131,0.479967620210092,0.41102659932713037,1
183,0.5425929809981918,0.322114014879847,5.679777991612785,0
184,0.4242864243054779,0.428101703603988,5.5568561799027565,1
185,0.4429812952789351,0.7347287915468093,1.9777536987624447,1
186,0.3584347507909433,0.7109961362781306,1.470439143524184,1
187,0.514125467177555,0.4897697573129903,2.8154865493731847,1
188,0.7472708478590622,0.46687632424684694,5.960727430730594,0
189,0.38099970536240746,0.6796939065096914,0.027694110495733885,1
190,0.4830036279904529,0.6804584026965558,3.6669016455302943,1
191,0.43338166744883805,0.6434808562778477,3.5337898632446807,1
192,0.36514301471125804,0.6226036544829654,0.7249349272759089,1
193,0.525892872282755,0.47750880509852495,4.552388181761975,1
194,0.5074651217445418,0.36477498076356546,2.4008835200329535,1
195,0.3693100025813594,0.6531904003570266,1.5608984643680774,1
196,0.6028160551261247,0.49365462368556245,2.1665917779612873,1
197,0.5892898141640481,0.7379994954238963,2.249473302811939,1
198,0.5507404581715531,0.5850394880596741,2.316147439643333,1
199,0.7204562338598209,0.47332408038766305,0.5685905003437446,0
200,0.3358946191619211,0.41745817683242104,2.4184085160249458,1
201,0.7096601379019315,0.3791729265038427,4.875721990594237,0
202,0.5590272620619765,0.30738851480586016,5.963934487077994,1
203,0.4690457432945814,0.4392000138464826,0.11078127923899395,1
204,0.5957710060816,0.3545313417251417,4.96870704002493,0
205,0.7622366750605656,0.46222098939535433,3.9884349100023178,1
206,0.5190472638153624,0.47687183524563637,4.10147646762905,1
207,0.5860410310774032,0.7352837676368682,0.7242612254938743,1
208,0.3791901842921079,0.7893809743307767,3.0216320075162595,0
209,0.7777340009738701,0.4520300775594464,6.281350166765922,0
210,0.7455818562567228,0.6124380398610798,2.0439912967831555,1
211,0.7716703693496476,0.4857640512679435,5.972112437803641,0
212,0.349524876454513,0.5324203486208777,3.6431722338900765,1
213,0.4791307770861856,0.6881302205856088,1.956626200878671,1
214,0.6124495700446038,0.6192706091805675,0.1608955844451745,1
215,0.7212673694249363,0.6132512739348818,6.210384652499298,0
216,0.577030077927298,0.3431916356058229,5.690496394802257,0
217,0.56447017491654,0.6744253785856591,3.7362909436288683,1
218,0.7417125496042389,0.5869761557440827,0.5446549705353176,0
219,0.3102970809449215,0.6160685330759347,5.345903393380018,1
220,0.37509901408749485,0.4864590759196532,1.6976321787095026,1
221,0.5994615560806604,0.7979721836659702,0.802327721279095,0
222,0.43856980075555485,0.31029040138497305,2.1750712239838754,1
223,0.6718552512924334,0.6040918106694394,3.8414753387975007,1
224,0.3843225230160208,0.36715019409112976,3.4478695532309636,0
225,0.3209904372696399,0.5940187028700226,1.8960820638111502,1
226,0.47150661526389354,0.2967424278245913,4.684330574517864,0
227,0.6989309609432002,0.6292590600801846,0.046860712476541694,0
228,0.685337888228167,0.49162843076131624,5.978396399332999,0
229,0.7758782955177281,0.5430751070139754,0.7605716121595079,0
230,0.3098606583267605,0.6936689402449954,4.458682284179121,1
231,0.6418553724896008,0.4651043563340742,2.2685805137348303,1
232,0.3093944109661355,0.6183824768424739,1.8959748664594638,1
233,0.5451387500834334,0.7815227789673491,0.5089401732679053,0
234,0.583832774719501,0.32052082172288776,1.3227380241460043,1
235,0.5796515168724681,0.5210583012585691,5.792836558624828,1
236,0.7001001664083424,0.43387325263274396,5.021599405879083,1
237,0.33536149302887003,0.5717684982898106,5.549925964602879,1
238,0.6433760917871885,0.5412423113144991,1.5654112176142103,1
239,0.3898920453574521,0.3939184178293637,1.6465672235569493,1
240,0.5889441099796026,0.740953485943791,5.265581140988836,1
241,0.3328849707599896,0.44273018055309127,3.825498083287888,0
242,0.5491282174242914,0.7196915666254009,2.654832220811311,1
243,0.5469385047665766,0.519699309761971,0.3181244468132055,1
244,0.3307791272252492,0.5482945787643674,4.064480406249893,1
245,0.6424398566991174,0.7191196696081121,0.8950248968332597,0
246,0.6134536345160448,0.5206556181439521,4.974405926781925,1
247,0.5941155164384259,0.7277403445517915,0.678392969730438,0
248,0.4613769401506406,0.35676926917942237,4.893639775403057,1
249,0.3882036900290451,0.34453243163552283,3.1832120008353133,0
250,0.33036114723402676,0.6575402300165427,2.0275837052331,0
251,0.4779899489684904,0.6238933735832384,4.842316508274578,1
252,0.5159200408564184,0.5658350404435937,4.8809634354925295,1
253,0.6447809487342037,0.682722149777762,2.7170016270183144,1
254,0.5193216649891396,0.4584354182704904,1.2954094722260472,1
255,0.7520331613210008,0.4262913221295241,5.512193853766197,0
256,0.47652017976533606,0.795452320823045,1.5038191837982637,0
257,0.6257988642520582,0.44239472245952727,4.250377017676094,1
258,0.48336615905398045,0.32392328647647045,0.28506052860472353,1
259,0.3314094972643603,0.68625473789766,2.3117257905649513,0
260,0.46318657290010756,0.36980182088654057,2.5203160757396694,1
261,0.5613310915592976,0.7176013061042193,4.956122181131148,1
262,0.3371253693754849,0.6443762113376996,5.566838875320256,1
263,0.7796994061829405,0.4748816646612626,6.152430169286494,0
264,0.6567796775252485,0.31497988081000833,4.974985453400045,0
265,0.6274615293813932,0.541803425916577,1.6163878892623855,1
266,0.6802333230503198,0.5253758439679194,5.1746465948182285,1
267,0.3727950950656898,0.7850927526899726,0.10452030831284365,1
268,0.6809354543814683,0.6457361130880613,0.8366509818862257,0
269,0.4226534094471131,0.523865270279798,5.843771011352024,1
270,0.4671071578495292,0.33753640396126466,4.672125174873697,1
271,0.5350284286463005,0.31493125325846516,3.3674663383502077,1
272,0.5067657314746491,0.5005943052524283,2.3522111944620137,1
273,0.5302920774591238,0.5015148644670101,5.912079095368405,1
274,0.4419310689665044,0.7334726677502236,2.819016951471576,0
275,0.3088850849557057,0.5619367235954165,3.21802611256132,0
276,0.3285276034832466,0.5726887734918552,2.2234062901675857,1
277,0.42013784972596363,0.39219651008315515,2.1995085840460584,1
278,0.6024809295624993,0.741202141913833,0.7236328353190842,0
279,0.5759763031726345,0.7551411834497831,6.256623526241248,1
280,0.3895316356090379,0.6782300011383375,4.6947576829783655,1
281,0.4186407579540675,0.6785342113870294,0.41344254457203106,1
282,0.6440126141919224,0.47790326542482525,1.0115961623968175,1
283,0.39317443981967304,0.4974960701202606,1.961203610601507,1
284,0.3211864838990928,0.6315184135731349,2.026508438009193,1
285,0.7612416082694433,0.45486492779483134,5.553667057635217,0
286,0.5428534364023955,0.32364825059876823,5.38543124399403,1
287,0.5065950149184106,0.7946464614828141,0.6214827192497194,0
288,0.38102115216942134,0.4599846281279284,4.895572802425155,1
289,0.4926800370114219,0.8169062355855321,2.7447740038229003,0
290,0.6662462408529851,0.6528623501620726,2.491302919584161,1
291,0.2976805730352359,0.4620402917453631,4.222820938145761,0
292,0.7145345426822726,0.7098396035309992,1.0590687385369986,0
293,0.7050457715788474,0.3949538501109556,1.1544852435460078,1
294,0.3181711129423789,0.5735917506758541,1.7197068123978678,1
295,0.7359317540336117,0.5064959826270691,0.7771581063769741,0
296,0.5577739129778514,0.514229601828098,0.6009643669350677,1
297,0.40885923856914286,0.32978650802805165,2.6507312684771267,1
298,0.46430035354737437,0.741531218959113,4.76925123091606,1
299,0.7565722638578594,0.5945939206963515,5.679069041328267,0
300,0.615664987729447,0.5135138359878617,0.5496908519401971,1
301,0.5631625918031732,0.2821334945161695,2.8526207852008114,1
302,0.36460555468539946,0.6640998322465053,5.260823347033013,1
303,0.5273282532178192,0.6268467374719299,1.9851076847615416,1
304,0.7575598417205612,0.41146933076520464,0.546850068606424,0
305,0.3862481509916537,0.33797710789089486,3.34793709693485,0
306,0.6282359177909624,0.5333100356324088,5.707392633699765,1
307,0.6376486579672911,0.35997880263116594,1.3588335422897877,1
308,0.4356576006390686,0.31250148383881293,2.6956091986735147,1
309,0.5149318109128685,0.6101997981633822,1.572510548991819,1
310,0.6643779981443775,0.33353255002454535,1.5778121485986103,1
311,0.768552857077812,0.4788765636481565,4.834264546183247,1
312,0.6751792101665709,0.6326958970442377,3.192657649470295,1
313,0.575066799299953,0.27867627892968755,2.6118702206774147,1
314,0.5351017100759272,0.31901722657223985,4.487764546385949,0
315,0.4833447354577982,0.2942976141408159,5.930012263082207,1
316,0.45862459934442856,0.7491471911150996,2.053736919734949,0
317,0.3562072454797248,0.6082823232768544,3.136242424644283,0
318,0.5548972669902311,0.6394917038284246,3.268397704132484,1
319,0.6271468454909565,0.5750356817842296,3.561174718175314,1
320,0.4340035402918675,0.7928045292534339,0.3685130067676621,1
321,0.7119166765406466,0.41361358981372986,5.953825143381576,0
322,0.3290418039214757,0.6648662624378282,3.6350696441687433,1
323,0.6816439525070563,0.41900671074623325,0.7193910618041298,1
324,0.6602815844854337,0.5533391775681712,5.088180494299556,1
325,0.29897344289794886,0.6270232495883311,4.191166839776869,1
326,0.7700426782326079,0.5770651212975385,2.4300471156227927,1
327,0.5182946019359641,0.610773677604464,2.771154769294356,1
328,0.6494522329357942,0.6400471177121564,0.7372578025373405,1
329,0.476157833553205,0.7945147159016879,0.6584639373881838,1
330,0.40322669461181126,0.3412567973104522,3.8110930852879292,0
331,0.5072162865646277,0.7476795015542472,4.244501593774766,1
332,0.5621716860015801,0.4654248232740515,5.485394796003011,1
333,0.4059814943070682,0.6241086726443208,3.856101383112604,1
334,0.5262393568934641,0.6227695938684037,3.346137569424021,1
335,0.34469185374269584,0.47430697003933847,3.3012933136379243,0
336,0.6030824496589996,0.8047993914463039,2.116564129172964,0
337,0.6428646568557412,0.36242085914058964,4.1813570309248,1
338,0.3114788107240149,0.47389318692397897,2.6523602232870367,0
339,0.37380452927206276,0.5627020707029657,5.047019777966514,1
340,0.6455717323977774,0.4389094499183801,5.138207639651252,1
341,0.3051558509263504,0.6380932923934672,4.044888489759801,1
342,0.36250218974683934,0.5811548851541034,2.4862231906204157,1
343,0.5344546003082916,0.3685419594346735,5.117961448195707,1
344,0.4372043592902618,0.632897391362242,1.9786861997165734,1
345,0.6419531317044055,0.7053394974585443,4.444648894289374,1
346,0.5841494449689255,0.43015148727290436,0.2883464154695491,1
347,0.3984618883188996,0.5526188915594854,3.8350221841144525,1
348,0.592268963778722,0.37277780093383334,4.585631783612173,1
349,0.4454948809483524,0.7564584847550299,0.567537678628102,1
350,0.5637400662834895,0.3106331091926773,4.924175243210182,0
351,0.4089637612082778,0.7830729362932736,2.668428795022288,0
352,0.3881632276490537,0.4151766396136713,4.251405796695254,0
353,0.41716121006787615,0.5423998703515475,0.9644982660515223,1
354,0.7341697985521974,0.610329325211304,1.6272553153788867,1
355,0.384096322445542,0.734424928283416,6.005866604074977,1
356,0.5103351216539668,0.5522385527936606,2.580078062103721,1
357,0.68817775008555,0.42331645874115514,1.9485502953767406,1
358,0.6074301540914658,0.4291565089436602,6.282309481847524,1
359,0.390644461788654,0.48826961363769716,1.1567073564299035,1
360,0.6684002341925711,0.4697455271290618,2.7480093006055286,1
361,0.3590359748570896,0.7654305416162623,1.762419352308891,0
362,0.5517275115501347,0.3144523544191762,3.871667509544732,1
363,0.5255573314082056,0.48872666888544447,5.911031724482799,1
364,0.6732288060495608,0.601078348333466,4.566519774956971,1
365,0.670416908739539,0.6506562448117458,0.33414118274618443,0
366,0.6023509858990551,0.5973413310250231,4.820620109774468,1
367,0.4373021853928469,0.5506731998298323,0.8669104390376909,1
368,0.5953114484345357,0.6312046657170315,4.080397532874708,1
369,0.7497326087187027,0.5936677117189717,5.217525552608319,1
370,0.6340028665569049,0.6479214687166105,6.134081914053648,1
371,0.8138219144185695,0.5328556722108693,4.477660160507524,1
372,0.6285187431030845,0.5774799914677413,4.0585390042966525,1
373,0.3607237214177485,0.3749561822721156,3.511605090641703,0
374,0.40808783074309407,0.7759527102790087,6.207263523613501,1
375,0.6364345587726213,0.3795508444463488,1.5501916454646025,1
376,0.7318446643901352,0.3765969201571137,5.415430804579784,0
377,0.35569395360287553,0.3960423543726675,2.98100121219749,0
378,0.6237762304627689,0.39945583955528047,2.599996478369139,1
379,0.5373661334949257,0.6019038683338419,3.3389001335711255,1
380,0.770883603321612,0.49062177845208615,3.960474167130005,1
381,0.6080687463507041,0.617926310052648,4.283774461726271,1
382,0.4601848691208267,0.7911180788393781,3.2241739033081585,1
383,0.4074159020564219,0.3265876562904321,4.977886193156481,1
384,0.4652300139491357,0.40762781169228524,5.636698040886578,1
385,0.37003236013611046,0.4524298092104916,3.8095764042236278,0
386,0.5010069857661377,0.5874269271844349,0.32083977759912463,1
387,0.4029804508258346,0.2944255697046396,5.375127688769398,0
388,0.6429761645075446,0.4032950581584754,5.792324838948307,1
389,0.9329141860824213,0.9063195357234661,5.733706946647659,0
390,0.31894849424003385,0.5730819786064667,2.7615554687595796,1
391,0.535176692092402,0.6352339612335333,5.869677316096108,1
392,0.4340335166261389,0.327911940169417,5.336650415508131,1
393,0.7400316437372424,0.6293202253336772,5.407774632290592,1
394,0.32168576714543023,0.7049974485483622,2.5892089178301436,0
395,0.5640802906378207,0.5646177391710798,6.082086120463298,1
396,0.5356839459823153,0.6391652537461182,1.4541126156269875,1
397,0.5550749268319983,0.7601012587490755,5.012976396223562,1
398,0.3381678505385341,0.5342681062871799,4.874149251566741,1
399,0.756482106489079,0.636393157873332,0.1510973260304053,0
400,0.7716941783303606,0.5052978192265508,0.27038631042297373,0
401,0.4407128560609463,0.6008637248153794,4.796180435254205,1
402,0.4257521797362018,0.6509886911936189,2.2496948173304285,1
403,0.724177678765704,0.5669660087549668,0.7090326737886139,0
404,0.5094471035215387,0.7904352842775867,1.7859487905761602,0
405,0.2984905488045153,0.6390450251793318,4.6572734767908965,1
406,0.3636705933872552,0.5034538755900678,0.27585914534380396,1
407,0.6460352214074212,0.4061498937762105,4.633629054874322,1
408,0.33398442125566413,0.46076181453305587,3.7059349636923185,0
409,0.8990755275738848,0.18180482923941027,4.187266078561969,0
410,0.5339987915701997,0.6370934051337932,3.8164575862863668,1
411,0.6741110317879347,0.3637656493939793,3.938549408888355,1
412,0.31954503219495234,0.5827042477846597,2.9400757058910516,0
413,0.5340728325289555,0.7896122870847899,0.1467105934057425,1
414,0.7327855264983053,0.4656051368675688,4.722507466015543,1
415,0.3375405783910913,0.49832761757969807,1.6952506081211527,1
416,0.5507078363052359,0.35389234339921577,2.9665462201069652,1
417,0.5900492720622923,0.6804024143237505,4.387452737010891,1
418,0.44096694188106955,0.8189329926899616,2.888714798250091,0
419,0.6202370783551268,0.47850544839020054,5.570065443923998,1
420,0.5539483034406032,0.6296402968811283,5.526531674117555,1
421,0.5875016928141196,0.6144847328405345,0.3829409465809068,1
422,0.6286583865423228,0.7282177283137515,5.730203160821382,1
423,0.5479356010496469,0.8033763066304911,1.0434467821072873,0
424,0.3065032548263705,0.6118057832845393,2.437035588866849,1
425,0.46137576327706464,0.8173885916993714,6.232977176846835,1
426,0.5868746981243831,0.36022027673522583,6.029346844749947,1
427,0.3533627107683567,0.725395746850565,2.975270409255125,0
428,0.4712695117385699,0.48602191421261676,3.885649253237784,1
429,0.5412609047300474,0.6874865159478681,4.096317922824908,1
430,0.5266205338852707,0.7247690378278078,2.6757629586046603,1
431,0.5870066727796545,0.7350123707517308,1.3107311924504355,1
432,0.5782596325290611,0.5696453114897925,3.422539919426918,1
433,0.38519876721888713,0.3141618189903928,4.417291281114163,0
434,0.7013743084772859,0.6630527228941048,1.7513721038097572,0
435,0.6442504859484612,0.4044396104697206,1.470554915172728,1
436,0.4976348963312503,0.7115096198996453,2.6479151492203723,1
437,0.6977380512312296,0.5818030219221093,4.436586635094057,1
438,0.3367749526426973,0.6808404398645755,2.803917334060281,1
439,0.3386419523578189,0.3966228054421243,1.6765168556990868,1
440,0.9869230211506427,0.9012773334174057,3.7137238168017537,0
441,0.48899594323302686,0.6535452095266057,0.8870540959086763,1
442,0.5614259241173414,0.7463743008672464,1.1621173514128826,0
443,0.5598047178970795,0.3955744628721075,4.380689205473054,1
444,0.6349353591516124,0.30054996623577407,3.511528705894532,1
445,0.3373769668128018,0.5749274394730362,0.7941508049017808,1
446,0.5027378306593426,0.7411523850070255,0.5286191471682342,1
447,0.5885817107813422,0.7172152975777022,1.2173592915655551,0
448,0.5147071083958497,0.6371099225550466,0.5948659423831129,1
449,0.5519732612069199,0.5082045258936396,1.9915233013106652,1
450,0.39378407102599594,0.5454512544550316,1.8990869311139291,1
451,0.6208010505268947,0.7151476954314722,0.06819991343042364,0
452,0.6583737024904951,0.45370424928446285,4.0658392163782855,1
453,0.4550692010333669,0.7437752322724163,3.4380553247917636,1
454,0.44285451586300784,0.6640004812996187,5.967932903146813,1
455,0.3793290371109402,0.41698089512400077,3.313763527402614,0
456,0.3224700690662919,0.699431005245173,4.118412660712317,1
457,0.617333494474712,0.6380267156602909,1.770933490190875,1
458,0.5975322973802116,0.3806281449709429,2.793071064642217,1
459,0.5666970846109917,0.37237642520825215,0.5463189653386765,1
460,0.47201717075943783,0.7804770156596117,1.2294867477907738,0
461,0.6364875714595913,0.42751695110841653,6.2185397794466555,1
462,0.7254653646680356,0.45840752156400316,0.9324452152807701,1
463,0.5241619047424456,0.6306990788998307,0.05362401631772694,1
464,0.46193734343993037,0.283116735734553,5.593176836061996,0
465,0.7614247686757173,0.5902970974522948,6.056500350124919,0
466,0.0015273030524537209,0.283784203183878,4.601387198568384,0
467,0.3455232810159393,0.772662596720293,3.8478830538963202,1
468,0.7159435652705604,0.37441188045178436,5.0489390701272665,0
469,0.3371646275452934,0.7534688162503375,2.0021878501799146,0
470,0.3892632873717541,0.31558662551406347,5.2218361806916525,1
471,0.5914231109385172,0.7480041268312676,5.488789325975773,1
472,0.6409049789056228,0.5787692196036657,5.353905883014227,1
473,0.6978347059575309,0.646654301170677,0.003492599477909945,0
474,0.712033202356505,0.5955587801413048,5.5710150277179835,0
475,0.5143289502454264,0.3213731353957422,4.57603739072407,0
476,0.41452732887969174,0.31425434739463,5.453609263710135,1
477,0.41538397606460353,0.31225519315398687,4.705735424783157,0
478,0.3585086236489762,0.6016115581382845,0.3838831913136272,1
479,0.6490014716500323,0.392682011203432,0.9638159292390196,1
480,0.4627632713225804,0.593607878443754,1.3308892463083102,1
481,0.6567379110725511,0.3956762689712637,5.433982802115553,0
482,0.5006346765429451,0.463235536690319,3.5627536156875563,1
483,0.33448681428689137,0.6823288858279952,5.111624657183623,1
484,0.6549936111574396,0.6150385560601199,1.1549922458649984,1
485,0.6287351017029974,0.2945385054551982,0.6829340049743295,1
486,0.3448390326583197,0.40913781714433306,4.462445916338156,0
487,0.5217506582571424,0.30779968240885563,1.8850797495810092,1
488,0.6426467789082572,0.7973625745292513,5.822847787298306,0
489,0.46665475120443056,0.2954525031601766,3.6415794092473734,0
490,0.36038658631687914,0.48122097678694986,5.076866008071389,1
491,0.641504927643007,0.6684559459236069,5.401870327033302,1
492,0.7538161244953306,0.525923626655408,0.6092309110043925,0
493,0.7864371084099896,0.47189019685188655,1.696726503822651,1
494,0.3357598182236978,0.6502095868534811,4.940536108456485,1
495,0.4998947524042919,0.5980500276262157,4.013983451239293,1
496,0.369812773218909,0.7967692649455151,0.45731290068753255,1
497,0.4036515981460394,0.6773415729077498,0.40744256212551166,1
498,0.008938102977386274,0.9441835479214739,1.3796956258958428,0
499,0.4440621673588534,0.7726906739005098,0.6435851903864389,1
500,0.6738727376862399,0.4580451424225025,5.7187912989862895,0
