5870,1410.52
1,0.5036611996648362,0.03733146829031677,4.848116322060272,1
2,0.5485485135884025,0.7551376574004512,6.1599048177083775,1
3,0.6876073064050495,0.642457739910511,1.4975492351812276,1
4,0.3576516054385403,0.5562588815154261,5.92724354069699,1
5,0.4629202440180431,0.44204268288274345,5.345586839889518,1
6,0.3982201616593552,1.0,2.2915497918387304,1
7,0.14827814677959653,0.0,3.4475835540261213,1
8,0.35969287966632935,0.7544124423526993,4.638589143582397,1
9,0.14692687720359346,0.9321478178938241,2.743199761796348,1
10,1.0,0.3011140232634085,5.511474930433363,1
11,0.03705682671589876,0.2860469874790195,2.1906305383887807,1
12,0.928306528371013,0.17839142066228336,2.42267467867675,1
13,0.049752117320259595,0.746784221980407,5.240538414078013,1
14,0.4207169693298319,0.3786675327239977,0.3779334756857015,1
15,0.9476667360434036,0.7335372871553907,3.2312205346913645,1
16,0.4055724663751639,0.12480549446092354,5.7988084994603,1
17,1.0,2.7027218684955786E-4,6.151699567924153,1
18,0.3067191754572695,0.18404885139517094,0.40147310623175436,1
19,0.16685143634740177,0.23710937278511257,3.1101524539757457,1
20,0.9940854344046968,0.3835648791968794,1.7584802462722091,1
21,0.02414474821829719,0.20930037332636295,5.330261335008867,1
22,0.8158682485987807,0.2795419796563845,5.564601493173796,1
23,0.053551952667777715,0.3845404375450662,4.313469735160334,1
24,0.8534980283203124,0.0,4.881924941103846,1
25,0.5582105813518897,0.709757476578006,2.60797878636024,1
26,0.0,0.37731225212973596,3.0323682269094223,1
27,0.01461908502172957,0.18492696791817875,5.7068129792923745,1
28,0.335281032353846,0.6499692586065123,1.708942558874835,1
29,0.06785249053493161,0.31209395964074715,2.6145187094435105,1
30,0.13578900319662615,0.7843536836925795,0.907189658159524,1
31,0.4557238911511344,0.829495176733233,2.2549276404962764,1
32,0.2053940984440533,6.867830127955168E-4,4.022089270514765,1
33,0.6508365184009653,0.0,4.802298773844803,1
34,0.8984608156993868,0.9991887727543359,2.769078772645895,1
35,0.3630308926926576,0.5647745738989657,3.8745459628616548,1
36,0.27709364993551355,0.7402059176605157,1.838023739136065,1
37,0.8742177152223464,0.38204534770619386,5.010967431332743,1
38,0.9563373012878811,0.10800046032071951,0.7029441482390857,1
39,0.501229748551422,0.08811542760289832,3.203282371524109,1
40,0.38549721926889224,0.7434656581991972,3.7691948186014113,1
41,0.9032512567210956,0.12018027716716144,0.41993374422609053,1
42,0.6713958994813651,0.009316965117741133,0.8616809455176558,1
43,0.21337326830046446,0.06852247763991456,3.4348722153986406,1
44,0.20641090718248406,0.5037936150024178,6.1539504492492405,1
45,0.8479589931025616,0.001008835070415492,4.389429267345984,1
46,0.025881205141950896,0.7490691154237934,0.523030212928254,1
47,0.17905673586899684,0.3421162238197365,1.5300972384431555,1
48,0.0022253952360277783,0.23499943136215637,5.116993399004358,1
49,0.9967885913443421,0.026630987007870928,0.9122992788198466,1
50,0.9609101799602963,0.49449813177126334,0.8734104953017361,1
51,0.7699342191185975,0.37116638109481975,0.18371256195399502,1
52,0.30926028088082186,0.9989017074666271,2.0170430724321275,1
53,0.9282354759277113,0.9993908779536904,0.8481553829683729,1
54,0.3710953902528457,0.27758227432204946,5.656499191709147,1
55,1.0,0.7462150483834935,0.0627428710027127,1
56,0.5959398447456679,0.11757475306628089,3.7934551729328527,1
57,1.0,0.6375439392043991,0.47629193362123184,1
58,0.5836589347594733,0.04234403419831631,3.913629193264172,1
59,0.2006001250070941,0.2169923281898446,0.6481260005907592,1
60,0.8483378522049155,0.7885176833575888,1.1219145362434577,1
61,0.5985585166935985,1.0,0.8150737175573431,1
62,0.6040035726937282,0.9566233258398794,5.115207737500865,1
63,0.04098341828542894,1.0,1.7496201592496419,1
64,0.1406876031479969,0.40006826601319845,3.5618719160954,1
65,0.3035424981601264,0.39632096127820726,1.2214702635412604,1
66,0.5121389275971445,5.3052940402260234E-5,4.472456210986702,1
67,0.568668159154202,0.7420424577316803,1.0020317855406495,1
68,0.8177064961759009,0.12128681743562275,3.3870953452263532,1
69,0.36129301458791596,0.05295396934127139,3.7653840299352885,1
70,0.7241398481277271,0.8606133667219331,2.2032484883736965,1
71,0.8350788834891262,0.3221757888135897,5.192098186991594,1
72,0.217849881703659,0.8180493153447609,0.47951489685341037,1
73,0.625393271098156,0.8008485274609002,5.244709818974648,1
74,0.3325382597866587,0.9213110758696957,5.173081225583689,1
75,0.9969527673468497,0.04969952794714766,1.7039238934437797,1
76,0.9081882115131777,0.09422365033848583,0.7606143525887562,1
77,0.3339493427118228,0.0,5.64241194686805,1
78,0.39316300432447826,0.545277024655788,2.384327583299199,1
79,2.3481606533801527E-4,0.24398430597113427,3.6020136230605675,1
80,0.548984173860891,0.8956213275270701,1.3449758187719358,1
81,0.8703041152198894,0.8053363904411805,2.0597355492488805,1
82,0.460745477237929,0.9582329656691192,0.12109728763017455,1
83,0.9861980098685742,0.04545369848391867,5.527452880027323,1
84,0.2738158457706745,0.5962810293840884,5.5153619602992405,1
85,0.11500513481109241,0.2600337856768089,1.3868356701668891,1
86,0.030552606537636553,0.8876941220886178,5.105560709362853,1
87,0.8056618158252786,0.1076096379941782,0.5496173075252948,1
88,0.5884691655180682,0.8654569778036042,0.7872396813561788,1
89,0.6665020482358103,0.2357731542404665,2.50095872374809,1
90,0.8028985755989245,0.5382546172514258,2.9183582390688874,1
91,0.6223974880040491,5.197461775465841E-4,3.6530905526434965,1
92,0.32203099481009023,0.4601569593347275,4.189434389891466,1
93,0.35405664883647137,1.0,1.7486829276319462,1
94,0.66201148624123,0.08611733314579827,3.962432611156276,1
95,0.43937858991607165,1.0,0.7662674358728216,1
96,0.5240288328271977,0.17094542421118294,4.487660239513496,1
97,0.36794390755666107,0.7043007473479302,1.9597580699192914,1
98,0.49638800895496293,0.3028930926927772,3.073159334704559,1
99,0.982857327836513,0.6406151551515207,4.725993505102317,1
100,0.3587010979451367,0.7697984701138122,1.010915213744476,1
101,0.2120890897086676,0.2921694285684492,2.6618345696321764,1
102,0.871370567440249,0.0,3.4669807262025962,1
103,0.8726403342508804,0.681168886034466,4.668872579494356,1
104,1.0,0.45377354287818283,5.739806440668958,1
105,0.5059077699347198,0.9369767294744323,2.1244579614114674,1
106,0.8474689166235101,0.7435530020577794,3.555612899445114,1
107,0.8176180456669415,0.8089221013713747,1.534752079844611,1
108,0.5419455411041524,0.15754303362252534,3.055750648164574,1
109,0.8583327806817368,0.13218573468542283,1.6084148748101725,1
110,0.4438002782919614,0.9981514816738875,0.4341617106942532,1
111,0.7346760101039032,0.28187419181601303,2.7619931814744927,1
112,0.8053404693081005,0.5328473809559333,5.631538526402758,1
113,0.2744947125572472,0.26060909163425094,5.192916073693942,1
114,0.8715065167547632,0.5927403829150465,2.31376316809059,1
115,0.9671533808267345,0.26620300648886497,4.787095851877874,1
116,0.8192552661284423,0.5316281453013663,1.759502506815927,1
117,0.3403665401701339,1.0,0.6731501049237599,1
118,0.266704782911725,0.6842437033655857,1.1054690923197823,1
119,0.487851406705567,0.05893848104502197,3.665421125160215,1
120,0.19103816928703884,1.0,1.2377288576200038,1
121,0.3205230641766749,0.20551885651416119,0.5559882973470708,1
122,0.15556593203514546,0.912114386744006,4.0304339556168305,1
123,0.08864682130196913,0.3368549883584288,1.2384234513153667,1
124,0.34332938385650374,0.4364391851104528,0.29255875034748596,1
125,0.6827298494307901,0.7095345916913891,0.299710526948444,1
126,0.8715573212951007,0.2894605390972901,3.405097632057597,1
127,0.04056424673161574,0.0,4.8241542402915565,1
128,0.17489181162514242,1.0,1.0461454317212997,1
129,0.49002398030164696,1.0,0.8197718409822266,1
130,0.18566160649763763,1.0,1.322016425712755,1
131,0.8261620617287487,0.43811814438277064,1.7578388193611705,1
132,0.002737544923444176,0.818426625892023,1.1646691979318993,1
133,0.9871193113695145,0.0,4.450307538399288,1
134,0.6472125920924667,0.8527447515428495,3.2174476326602757,1
135,0.10416827342841349,0.7270709476808976,1.4372389762663405,1
136,0.4328742021873937,0.7906463455737414,1.8130292447375036,1
137,0.30428208392372214,0.0,5.4669371664608954,1
138,0.011862129826149103,0.26147453453319724,4.746140607450881,1
139,0.22613829009961595,0.04145908265451451,1.9631105480932696,1
140,0.20706384079576992,0.5674825465833183,4.866881481290534,1
141,0.12525162227445344,0.2536945225192788,4.830717698270259,1
142,0.7807368934727984,0.9399011473779368,1.8925490704954309,1
143,0.5166610932670335,0.05429787220913392,3.5716747573591365,1
144,1.0,0.9054012303238494,5.859034759913845,1
145,0.0016219168216475728,0.15497713552496922,4.331875628292928,1
146,0.5273284347419498,0.6321769797099449,0.20326662726066422,1
147,0.5452241905939993,0.017078528349805333,4.5657198810593815,1
148,0.6004827515246864,0.0,5.615670901475113,1
149,3.807470509826659E-4,0.8199895511308712,1.863608835458665,1
150,0.5011368387869263,0.8544863351197484,1.2114450972276085,1
151,0.1365664817763572,0.03664083737743108,1.948369967219434,1
152,0.0460520821132346,0.8103951930760261,3.6274751216278323,1
153,0.9766179368149793,0.5125242353931179,3.7724642016060588,1
154,0.9997553750593327,0.6755906170901571,1.8815551231925982,1
155,0.07830210923041021,0.9110540950516152,0.0019166252362046166,1
156,0.03506642033198982,1.0,2.3219745587070535,1
157,0.09813971806906123,0.7336133142627638,0.4806137169283391,1
158,0.08342641861306495,0.6639780824759474,0.6695710686609709,1
159,0.17070480504401184,0.9229884985852298,4.6696827393363005,1
160,0.7483538419310318,0.8382950038851872,2.477236515860216,1
161,0.41777513496215946,0.856953367522862,1.2813501865158312,1
162,0.3206505018303845,0.7950314983467335,1.2259904050006725,1
163,0.10694623716003797,0.15055188457775984,4.555366494287379,1
164,0.5178410250040575,0.77523158486548,4.323774090475389,1
165,0.9967801650659522,0.22887397187345182,5.032388385536018,1
166,0.8820298791747719,0.9901343435353575,3.186613523099431,1
167,0.6144377366859717,0.7668125414239041,2.2353922040734284,1
168,0.9791199237476667,0.1564355494046118,4.490960261563004,1
169,0.6104324639407069,0.9340356281667717,5.284976187677429,1
170,0.45937139182416137,0.0,4.5680112762132845,1
171,0.49819510004457945,0.2530273999699963,1.121441921504337,1
172,0.3555846707829749,0.6915471762648754,2.8348790850739367,1
173,0.20904471289577528,0.7483096616308551,4.848598550901872,1
174,0.8773147308059472,0.6492383744861521,1.1170123708298503,1
175,0.9998917047819943,0.905474879377655,4.874263966965228,1
176,0.6401123400469447,0.1463634633884171,0.3866969116346047,1
177,0.9765755730302151,0.4800076733702512,4.085048916936977,1
178,0.6297785501838349,1.0,2.3274452430740764,1
179,0.52416184158017,0.5348386199025429,1.0072661326180534,1
180,0.36061063329769144,0.09886814011877468,2.87167630768319,1
181,0.29765344421371714,0.7757796063655047,2.3762499871010765,1
182,1.0,0.5652583095992435,5.325997666945415,1
183,0.8003344647126606,0.6048330982370294,0.4353296172950367,1
184,0.6902499258873038,0.07185331195943122,0.7914432659787443,1
185,0.9453783690185178,1.0,1.8706432734527147,1
186,0.4546632996164128,0.3178683957773503,3.6148070611074714,1
187,1.0,0.41462840843113247,6.038566293439768,1
188,0.15756785693651895,0.440821649064792,4.871384597525745,1
189,0.09653634296651331,0.7346868073038388,0.7446573223698849,1
190,0.42043737985335355,0.997516420782246,3.30460968052577,1
191,0.843604468963637,0.674417433894419,0.39606582427909337,1
192,0.9619362633110455,0.7909306409059645,4.70631865705351,1
193,0.8408349348236127,0.4709608323059438,6.119206468599785,1
194,0.8315305580244621,0.08961516056560893,3.3454256192305123,1
195,0.20714897154793283,0.6893398898673769,5.045453114166291,1
196,0.5214538987470501,0.6349265930812966,6.121346692797008,1
197,0.7145972039146552,0.92364239487045,5.413300585258137,1
198,0.42172455577256834,0.21427389622143636,0.5002894153505809,1
199,0.4313290631169924,0.11979834008510977,5.075748555788486,1
200,0.5868706817461306,0.11869001881854474,0.40222390116308815,1
201,0.0,0.6949466950335584,2.3507120823712104,1
202,0.3429233071352522,0.35015202446682386,0.2683264195331536,1
203,1.0,0.6789354838426792,0.07719514847401907,1
204,0.0035542063243899813,0.6313662784396201,3.8198395308414086,1
205,0.8093397777381185,0.3532164293332763,1.1064845496053677,1
206,0.0033658502738574334,0.34975068428560885,2.250885757739268,1
207,1.0,0.07491968748494286,0.09497475163421418,1
208,0.31511571508059133,0.22870001484497202,0.5237483379673022,1
209,0.52730077325267,0.07441965493639106,5.202043584519656,1
210,0.9886595001147208,0.8399711899181658,4.544308910635047,1
211,0.6495330312105334,0.010944670939830835,0.2482419889921812,1
212,0.13302952294925618,0.37693367160867874,5.776243296584657,1
213,0.814158434339079,0.4007192713638088,0.9228196234808788,1
214,0.27389565413831324,0.39121252334711487,1.3129727871602364,1
215,0.9948974296317508,0.3984794821239183,2.048287604073953,1
216,0.23883304264400163,0.10078842771097896,2.0523006805318054,1
217,0.831744537929519,0.20286131307129168,0.9945741076144702,1
218,0.514066711963062,0.0841803845775673,1.3767477155854533,1
219,0.908214027753304,0.31711197595825774,5.449873776822614,1
220,0.9729290161022631,0.928449061103075,1.203932903118745,1
221,0.17953574806054656,0.7796226437545658,0.02396214973224514,1
222,0.5289462639648634,0.40505580937555147,4.213614988706745,1
223,0.7819087517615374,0.7081009560066069,2.0809802064411533,1
224,0.34630268517659046,0.2805859482486206,1.8828273567704665,1
225,0.9628253508382787,0.9034793016443045,3.3555777631489105,1
226,0.9446314616419759,0.28691063529053995,2.0072433507474057,1
227,0.10244090728205375,0.25848978996221816,1.459533217135242,1
228,0.9957699288993643,0.3468916771610553,2.140108425208521,1
229,0.0404132468512192,0.585895055238666,1.2432523469564272,1
230,0.2658916085759646,0.8524798964213651,0.726942641895972,1
231,0.5812360493775136,0.9997281673866482,1.8941958795955443,1
232,0.5971790754288673,0.646199482391682,4.055397961054779,1
233,0.2472352280669891,0.0,3.8475409424177553,1
234,0.7134758838132932,0.3761304596352017,3.4528000570937,1
235,0.12214750939890796,0.5882407091536813,1.7580218777900831,1
236,0.41938376101561137,0.31833858247058766,0.6462964827540991,1
237,0.220099369778971,0.5391734072236802,4.342059006297958,1
238,0.15649545123459785,0.9549667044200846,3.5986867105286806,1
239,0.003504411174464714,0.092384823727413,2.8018320861623014,1
240,0.7562288907697852,0.521186356575323,1.4020008764538765,1
241,0.1873627542184435,0.4246444656541575,3.499298285901293,1
242,0.9941865739439598,0.69156429587679,4.29020546326738,1
243,0.09942709297352516,0.5320711498656766,1.2215664946839666,1
244,0.1534914022489957,0.9998443670550514,3.2518670447149733,1
245,0.23309493825701172,0.814555043019392,1.2948765062584966,1
246,0.2363865506813631,0.6900162512944602,5.844258806129655,1
247,0.4501475697162979,0.8526199079114458,3.9774595575883462,1
248,0.23337247579106013,0.3933627819703957,1.3137795684340914,1
249,0.6460780938680858,0.39701994468818247,0.6495071649968145,1
250,0.3100647494015739,0.05817469744476641,4.344496130036065,1
251,1.0,0.5994776370505362,5.486695759041433,1
252,0.8640843175204448,0.5685881637032221,0.05582008464755006,1
253,0.9782958459633391,0.5126290521104601,6.053913908591876,1
254,0.08652505874962843,0.4522815007863364,2.8807595424393906,1
255,0.45593357850631366,0.8111974643944089,1.3180761329293336,1
256,0.3491685859716551,0.006182630043029295,0.28592014877330885,1
257,0.7941337746145843,0.5915037933466198,1.34171270619331,1
258,0.6266974035618104,0.7346270572469537,1.1798872600406751,1
259,0.09612710014930788,0.8654665672763016,2.6792122141817734,1
260,0.5638963365346623,0.5582468078515344,4.4233647883301845,1
261,0.3783389344410073,0.5219501633379781,4.41729836467389,1
262,0.0,0.4931530215906423,1.84612398153148,1
263,0.9237163285335617,0.5913867231868322,4.649277512411376,1
264,0.2530393592176904,0.4961235486453274,6.249152128094513,1
265,0.5273179259737845,1.0,1.5224582059216396,1
266,0.06321159185623416,0.27662376142139977,0.9886193361044449,1
267,0.27912059038577874,0.5831529507979442,5.847027748520963,1
268,0.14725827811420192,2.8129519202272843E-4,4.385065011851708,1
269,0.24748901181966546,0.690763529253759,0.6117049411193882,1
270,0.8470292274259145,0.11480446005862165,3.843679072638418,1
271,0.4680253392026493,0.8747349309488999,3.2500650086413714,1
272,0.6071228337749112,0.36195992646015374,5.731703419057569,1
273,0.4819313517392209,0.7555250565220648,5.681164527926119,1
274,0.576524147740588,1.0,2.04454565977351,1
275,0.5464249766816558,0.5183685031303131,0.6069517746899393,1
276,0.7864936790872675,0.5277634050959698,5.8108297907625435,1
277,0.0,0.0,4.0950293685351955,0
278,0.9392490142322308,2.8338301837213363E-4,2.7795034169502384,1
279,0.012450897925125255,0.874570104090714,4.39759821853032,1
280,0.3530412359181019,0.5876944108102126,5.553874552527721,1
281,0.9992966949786916,0.787892898843105,1.4935990370781334,1
282,0.9972114431030666,0.449820233076576,2.034494620559365,1
283,0.9864166065297536,1.0,1.5464483238208975,1
284,0.9998404720291575,1.0,1.4863059606852829,1
285,0.906866949371762,0.7912401989242852,3.507111157268464,1
286,0.008928375431497293,0.887569382011135,5.202489491171076,1
287,0.26959171155725625,0.7707026521180942,0.08202802856899358,1
288,0.7599635718233777,0.2994022519278807,3.376894070142141,1
289,0.7184989812607633,0.7995046692099145,2.7896340360850047,1
290,0.864143315463657,0.17381963508809534,2.7097433978142926,1
291,0.48078693822583385,0.8970817511095398,5.672617229936899,1
292,0.0,0.6673103937651563,3.028523770954938,1
293,0.0,0.4493222349325716,2.692417616622401,1
294,0.29741029396626517,0.7207728806148838,1.2767175961998987,1
295,0.5653428412573073,0.4008728655043123,2.0930229636650073,1
296,0.6304013659000864,0.26993508866818217,5.813474952775532,1
297,0.19383345316252565,0.22661170313862558,2.1106709382052764,1
298,0.6549282942365986,0.4820611457160131,2.9194486804509285,1
299,0.7933580368021799,0.856969676879536,3.5425343865586045,1
300,0.7754875523260372,0.0,5.773913972479852,1
301,0.6491161635477845,0.4929054642836439,6.1508136034633045,1
302,0.6376165855572897,0.32841253851867297,1.1954552784631005,1
303,0.9840640229440395,0.5985006365312707,4.995399794498585,1
304,0.10699393158141073,0.9986559915685798,0.2127191610858551,1
305,0.6454297645295944,0.775993980440041,1.6826731426738102,1
306,1.0,0.5865694634133811,0.24354715917530154,1
307,0.552218024124523,0.04029598641479244,3.093234116389816,1
308,0.6038259994714943,0.1761378059078257,1.7489971057950215,1
309,0.4822720402822236,0.25365734706162585,0.9533048341662863,1
310,0.10571708632865004,0.5030128409752703,1.9763854090746724,1
311,0.21460746559854868,0.0,5.828910818185811,1
312,0.8705726785878063,0.6907392465206516,2.5238425128171253,1
313,0.13660847515483224,0.8374618739309433,3.0340225161068948,1
314,0.0,0.975608063496571,4.604299126328299,1
315,0.07997996424583823,0.32832806788493785,2.9410800139963387,1
316,0.6485687069635595,0.49457090356827876,2.825919030719257,1
317,0.7241459846797548,0.6928219053095536,5.896023006070688,1
318,0.9362067294479404,7.650880976929228E-4,3.26281271161862,1
319,0.25577234985224223,0.3488480117438263,2.141006575498282,1
320,0.6316595902644702,0.4511825112852098,5.781521069112657,1
321,0.7485055808663867,0.014033021939870565,1.7588262667601557,1
322,6.476348795452238E-4,0.8291110908935668,2.308708916910896,1
323,0.9006113627138052,0.8428431667374379,3.5569940743548147,1
324,0.3655764949499556,0.6110199427491729,5.467935416668849,1
325,0.729028972355364,1.0,0.9905421653823792,1
326,0.2867318787336595,0.16896886617970097,0.14063304299671836,1
327,0.4125353010138483,0.6817954921875302,5.830319480084545,1
328,0.9790982883657401,0.49486259318656023,2.0978689983571597,1
329,0.16340495366715593,1.4960203620625531E-4,5.6232288017638155,1
330,0.9255641016320392,0.2954382958515102,4.252349543370117,1
331,0.999580119974205,0.7513613218077168,5.057207303110097,1
332,0.39963354165489823,0.33544315214636655,1.7364302782594399,1
333,0.1900676208884585,0.8481062173858621,5.835207976288007,1
334,0.8804771052422644,0.8024306149522653,3.5292195600854646,1
335,0.0,0.9787285301292771,3.1625292193044174,1
336,0.911696134374046,0.9304972804298527,3.58699531342857,1
337,0.42700279270951763,0.3570551213668768,3.6552054081641505,1
338,0.3140772519110684,0.22738322282444484,2.151311152697862,1
339,0.3556362474066327,0.26510424599936516,1.90329124170398,1
340,0.4373525681791585,0.6945418524556758,2.4171182523552743,1
341,0.2417531123138695,0.39928845805213437,1.1156725212662046,1
342,0.7234305602593971,0.6134264019438327,5.203868163096219,1
343,0.16808875058449993,0.9869886111752469,3.332763970100743,1
344,0.5204005625347838,0.9743623527690639,3.1603755496840567,1
345,0.04732992695826025,0.2411951735071306,1.9641881664785728,1
346,0.5510139957817427,0.6365888193890306,6.164507794443138,1
347,0.7144572039503813,0.3483173361641801,5.232257858258608,1
348,0.8392187968408125,0.643914546397747,0.5598388476605327,1
349,0.6827043903801828,0.030050668438663223,1.496079906719137,1
350,0.8177952813072583,0.8587218486929896,6.103887370080837,1
351,0.26598963445905127,0.9896641084404355,2.9923086315049576,1
352,0.44182694160382013,0.9875338782915598,3.6199815167805367,1
353,0.5980322244498428,0.16658754267202777,3.857173447970205,1
354,0.2991823364741808,0.1803173402198136,2.183208077894675,1
355,0.14228305963124951,0.5137099271255743,4.854785101968466,1
356,0.4682663416680165,0.9414165327311855,2.1584203086825298,1
357,0.5598097461032527,0.08037299849003433,1.2239843086257587,1
358,0.8096673491051537,0.17647259516864977,3.2747604896713063,1
359,0.9716848208350691,0.43970835510197775,2.695613545315466,1
360,0.5474660147031097,0.40148128670301264,3.330587393231426,1
361,0.9271330467520601,0.7794205697613906,1.4574850063651188,1
362,0.20783455134215498,0.37281751958622406,1.7671756391529148,1
363,0.6834813861729938,0.6583718970522721,4.670739397157232,1
364,0.49944715167822445,0.25101889400862787,3.601249360930369,1
365,0.7047647075588879,0.7174597800191754,4.04472646737091,1
366,0.2931849742965288,0.23668886004468445,3.1369514403867944,1
367,0.2668868123078323,0.9466197999139254,1.7066982175223318,1
368,0.7566923347424186,0.2532642789650765,5.508277875880564,1
369,0.09154108278784226,0.6430162225281337,2.4427903777957303,1
370,0.8718120389357408,1.0,2.325952507959592,1
371,1.0,0.5708103870277031,6.081564762902772,1
372,0.8142165370526193,0.5878095278112101,1.966977869626481,1
373,0.8195395103317366,0.10793265091372936,4.596800169539962,1
374,0.07674249288620817,0.5041576716086913,5.190611410404967,1
375,0.25775331668897744,0.6319981062085537,0.08423619094607754,1
376,0.9172301937333392,0.3132747839072311,5.503773303302895,1
377,0.0693044596062312,0.7441812557296535,4.774808134651631,1
378,0.33237620098062487,1.0,2.391454909378764,1
379,1.0,0.0015174385342403714,5.5518999042940544,1
380,0.3680364708949288,0.0,4.200038513442015,1
381,0.06704888456211493,0.6847332831606033,3.494149958913747,1
382,0.9990460286669858,0.5794870186150265,6.02801562140795,1
383,0.12453430343283761,0.11453281751024084,2.297689885792147,1
384,0.12817086848243325,0.5481319917882838,4.043877594750143,1
385,0.6357660360496779,0.6523585388309793,2.0536806376064023,1
386,0.0,0.6615502676657253,2.361530491845083,1
387,0.5243289265257195,0.6380771356773435,4.191776056775294,1
388,0.3733991084220275,0.18963710345808865,5.455586482989211,1
389,0.041809447850422274,0.07441401488539943,6.259152903002012,1
390,0.5705388877688167,0.05660546851420796,0.9676614112951162,1
391,0.5000105845089916,0.6509320424779795,0.36940909665735994,1
392,0.7416018411810462,0.8371428953970933,0.12305048605562341,1
393,0.6670253743988811,0.13637217313988928,3.048518652259028,1
394,0.20979180540793976,0.10564590492685325,2.658599449386353,1
395,0.9998774425163229,0.5170776331463899,5.585999259374995,1
396,0.8605053845472119,0.08056219459499914,1.6444644488288755,1
397,0.9197113645738529,0.8606604274539477,1.1705427229529348,1
398,0.08200261833653164,0.018322741769545698,2.7748674054708817,1
399,0.5844276874065846,0.7240657611676693,4.222548713034131,1
400,0.19618099638717282,0.815601613719092,4.47419533423623,1
401,0.1595794749706794,0.9687044036125488,5.773419492902632,1
402,0.03921883686900293,0.7776217863373229,3.8187342019040034,1
403,0.6371256565771644,0.5407749580536529,1.4215649054863293,1
404,0.7127277859343438,0.6120143417837657,3.1622151048336367,1
405,0.039928693819535385,0.27672397366772084,1.2379671111136772,1
406,0.29479199578052095,0.6387497731159413,5.925679478741882,1
407,0.6579022367525789,0.7741278113133616,3.721072569420083,1
408,0.08009352103486643,0.34364392652670356,1.2302114546212042,1
409,0.44861748679221936,0.4968455340726985,4.9356788652915355,1
410,0.8659632162727956,0.2510021589142417,0.5946623739967751,1
411,0.0366012793788,0.9996732346606488,0.914007000691202,1
412,1.0,0.700106336549064,0.4313588762516928,1
413,0.12796140985138282,0.13249185710233674,0.26605753261577864,1
414,0.8636927070532365,0.0428078870718422,4.087559895087293,1
415,0.2575228528938303,0.8578879751417483,4.267324629916077,1
416,0.30871958496945723,0.7609274164045203,6.278344667726927,1
417,0.06550496334237771,4.4654912727562447E-4,3.90008711590164,1
418,0.360570229085896,0.6406294691839575,3.0253456425964362,1
419,0.7962720653899494,0.44882677075911687,1.805761309000753,1
420,0.745850914894211,0.4603042542729681,5.637124968925422,1
421,0.0,0.7409457423719755,2.824750772145333,1
422,0.9993581570080422,0.5601711525758054,5.0162224578343135,1
423,0.9685983062394116,0.37390878243487896,5.13157789643107,1
424,1.0,0.0031086654668432056,6.138351407690723,1
425,0.2868970553460208,0.13606050170681497,3.840199363139399,1
426,0.3070661821267123,0.24294554276517735,6.052359065435612,1
427,0.09622950553127303,0.6507080512258553,2.2674601455965644,1
428,0.15375555244305597,0.15093181811207837,4.981975088001522,1
429,0.9190016450349809,0.7587776316589634,3.006047865348727,1
430,0.9040099717162912,0.069322301792164,2.6825268411886585,1
431,0.0,0.3173964591423276,3.171719638095041,1
432,0.15905108076575655,0.40352797697441145,0.584231509844588,1
433,0.776548013129476,0.0016726971820221503,3.2763747207143914,1
434,0.9651318178096915,0.28138131640148656,2.6036486745033764,1
435,0.9823996396769541,0.4189346009312296,2.1293405497309474,1
436,0.556953361224568,0.7757522788021922,3.1903471434463473,1
437,0.8822540089938897,0.7187479073728403,6.186790372557014,1
438,0.6288821931348475,0.0,5.155545095390438,1
439,0.0020875787869558543,1.0,1.7971527258771163,1
440,0.6995427443242553,0.3220429579696677,3.9979930806211974,1
441,0.0,0.001629796897707241,3.396620657355204,1
442,0.059811078227501265,0.7844080370087939,0.7118793681722071,1
443,0.5533616566001559,0.5760074649510587,3.7671083318258116,1
444,0.2674421312151021,0.43875310649783256,4.061483218846048,1
445,0.31408163439072195,0.18547485962962704,6.189117933574071,1
446,0.7578864709571055,0.9173534956812892,1.304820246319131,1
447,0.003613096076324755,0.316329655573807,3.3496874203249134,1
448,0.7099383631468894,0.8366457333387566,3.726220684951845,1
449,0.6589757243987538,0.05976259894843522,0.9747138247362865,1
450,0.6878545764530891,0.4031648944900803,2.555023879370531,1
451,0.9458263978328161,0.037259055754337876,0.8066911769062621,1
452,0.3792478305426062,0.06249885830507226,5.9295041085515034,1
453,1.0,0.47407578459342553,4.944822614936676,1
454,0.3834780081630906,0.46401585067586326,0.2635973445870562,1
455,0.21000843117493534,0.23650303213333987,0.2901288949138835,1
456,0.999396907839364,0.28399958019809113,4.6446060638652025,1
457,0.9670485785226771,0.6777963957722976,2.4180724322717833,1
458,0.7063746520256321,0.39826688665864884,0.666650733149824,1
459,0.1663752606769609,0.32420505105619407,5.721006714553923,1
460,0.8970303833327673,0.4348537583090382,0.9021951533624797,1
461,0.6071932305210105,0.13878374287867837,4.300254657350272,1
462,0.0,0.7906145777605232,2.8747547147448027,1
463,0.0,0.17093101090563453,3.420815664110816,1
464,0.3817800031564346,0.7450966169024716,1.7737978526745752,1
465,0.23598658547855692,0.001328128221585337,3.512088400423,1
466,0.025109045744489026,0.024828948173188776,2.386465827624157,1
467,0.4644309729535368,0.2706628809615446,1.6378473321114573,1
468,1.0,0.9470065503333093,6.012481121882569,1
469,0.46836640199435525,0.029351315363931308,2.6482460170398783,1
470,0.2188647270327718,0.6475369218345485,1.36502974030086,1
471,0.18169346169205383,0.9401005750552209,2.707550223307688,1
472,0.7335494481299889,0.9077509077299566,0.6833029079134675,1
473,0.5735417557206087,0.5160562374006987,5.135674402088193,1
474,0.2462133824715803,0.8318511516426402,2.7727084451307187,1
475,0.5170098213417543,0.0011752520467162163,5.384740656359236,1
476,0.0,0.04365879294121974,3.5503720791145823,1
477,0.612987592966578,0.9005652926030161,4.9169465788753515,1
478,0.5156304764751228,0.4996807177439921,4.251673064271867,1
479,0.7852285515979276,0.999928523981958,1.8908029264912019,1
480,0.29576645156409226,0.9997723989895501,2.344406455148001,1
481,0.9203403749046181,0.8832802058980779,1.8309199734861472,1
482,1.0,0.08277323350487634,6.108767175943718,1
483,0.7669813304482196,0.14611962780362286,0.7533382885272991,1
484,0.039602981884695944,0.9937314319097607,5.73987010711332,1
485,0.31785304145802346,0.5158302581259363,4.994809699838485,1
486,0.3325043175708243,0.6141765183371708,0.4506295000553749,1
487,0.8270982057905729,0.030589545616588342,4.027949802359391,1
488,0.29624895088005354,0.5504295849939362,2.9065491289945173,1
489,0.5135789560732207,0.6856871444522241,4.600843109842107,1
490,0.17203365942367635,0.4649032130097523,4.199305446885126,1
491,0.04127977789292114,0.5536767781796027,3.2470120695301423,1
492,0.20310417699399552,0.4078742758872897,1.367965534243041,1
493,0.3504433529088121,0.2482761940719368,1.5209626128151577,1
494,0.10775474961285192,0.21810862203153755,0.7096553852372001,1
495,0.2072393348353673,0.9749469277335824,1.6131629321736767,1
496,0.21210339466560607,1.0,1.670043204728621,1
497,0.036739950064692904,0.5060549164319345,2.6618264912960847,1
498,0.3588799164348115,0.5116370111239015,3.9819686314609655,1
499,0.8287179340415394,0.27928916699664513,4.554417513737887,1
500,0.6096384347328526,0.891380555272198,5.072895364051368,1
501,0.383045319995383,0.14987924403951203,2.447722088654263,1
502,0.9221894495915893,0.540710427817797,0.4691241477378719,1
503,0.3529787464827701,0.4424225422123937,6.2498866275921765,1
504,0.35732018951538175,0.9959589907880884,6.268206230314997,1
505,0.4841559844210435,0.045750412339036574,5.48638449747167,1
506,0.782947064082845,0.7593857448826691,6.218936950573734,1
507,0.8251347564854624,0.03283202364519175,5.610275537379929,1
508,0.700877900699148,0.43760977114231997,2.5356926452593394,1
509,1.0,0.4327128104705356,1.0778657808541239,1
510,0.003326487223132922,0.2831548877075172,4.982769371716774,1
511,0.8737655910508312,0.9801754884939908,5.646883846107174,1
512,0.24762147251302777,0.9922940541780904,6.195920784521707,1
513,0.9732729473483228,1.0,1.8503489411951022,1
514,0.3302493718212103,0.936831239796874,5.691054299992356,1
515,0.038562649948416794,0.5546973798991491,5.281054586743186,1
516,0.06631720602988996,0.8545062684431708,0.6042197419210078,1
517,0.16266314662920422,0.04670709454269257,0.07627443287530866,1
518,0.9863243641586035,0.3591131603750997,3.8788869801556665,1
519,0.15250571585378175,0.22720204571719502,1.17375202205713,1
520,0.18650650967809074,0.19890190113781256,1.4246845584678112,1
521,0.23510624292862597,0.9638742995033364,1.0686474798994807,1
522,0.16479262633209232,0.012932551845567497,5.530239539900408,1
523,0.7476331390636596,0.5252179520309177,3.604903193435177,1
524,0.24258984749464751,0.04723478860810088,2.43247389161193,1
525,0.05092953520455458,0.0891753597012451,3.0120810512343246,1
526,0.3459513075281318,0.6207982017541763,6.007935961562124,1
527,0.43888910871057973,0.5262095726234504,6.0902552767604,1
528,0.8388440360377183,0.0,5.353476224396234,1
529,0.4698265607062989,1.0,2.2488170060069117,1
530,0.10770678476903763,1.0,1.245728442546646,1
531,0.14888063863678422,0.00845988885160917,3.3334785678972163,1
532,0.7768457225230864,5.628844221031311E-4,5.958367450336948,1
533,0.48422853064109983,0.4258127516096221,6.1859466031602635,1
534,0.954786344897167,0.7912030386598748,6.0058531183770105,1
535,0.536555383030487,0.29025199367012383,5.93092643024364,1
536,0.934648239017162,0.21326586245253662,4.258617315222876,1
537,0.9001516185399564,0.7654514118138446,0.9235507603929473,1
538,0.9993743060139977,0.898566924625367,0.8315230747331769,1
539,0.48004399257768,0.9000870492344875,1.7396398899583578,1
540,0.3594531875933325,0.553312716215305,1.3533883253512595,1
541,0.61637264414117,0.5530644740792922,6.2446904530806755,1
542,0.0,0.7995973037541249,3.665522878992402,1
543,0.6622112136895748,0.926456255342679,2.290894833298476,1
544,0.6040907927493975,0.032552048273703685,2.225001135731838,1
545,0.3929825495427774,0.8120101750628644,1.1290537858978296,1
546,0.29026245689056074,0.690723905612885,3.0420647438343407,1
547,0.3145242833576576,0.1916693085377383,0.8857833691102356,1
548,0.8629168688450145,0.9341154767639978,0.771481075705558,1
549,0.35645555896534276,0.9517353642161694,4.929726903141832,1
550,0.31628616041567104,0.12435317084779045,2.5564989058370595,1
551,0.8391804334517583,0.8487897806437853,1.4200513601669726,1
552,0.7943038443924471,0.10671310113242143,5.197071575865498,1
553,0.930051762873037,0.7630032898386175,5.6193642075296735,1
554,0.6131287929052138,0.4954196480330149,2.9655137622799552,1
555,1.0,0.9360572587423232,1.091719700992351,1
556,0.21252066248572188,0.6287420944200451,3.91125299412837,1
557,0.35646898356381623,0.5871021430417047,4.586634079129067,1
558,7.020422426155517E-4,0.2482798118622665,2.5505436234140415,1
559,0.7991752373659093,0.8369059240675673,2.852632449925049,1
560,0.993436195310601,0.4385650743457196,1.3967865953622525,1
561,0.5764981210053283,0.13875953829264664,3.1369456841960077,1
562,0.8352697498059629,0.46074578487654183,2.9745820269551526,1
563,0.6382620904755211,0.11170588835416512,4.531128186264493,1
564,0.8166758362179962,0.44357089501737207,0.2993190800200581,1
565,0.7177158365000242,0.6010096633543067,4.15161331125465,1
566,0.8168361541807846,0.9397154913249957,5.552760196440357,1
567,0.6976302056277668,0.2936674579090089,1.0830523264904828,1
568,0.4598365022409217,0.13501014453823784,1.874508536734064,1
569,0.7249299605042877,0.8772098087220814,2.4265808532072763,1
570,0.5758216112813537,0.28302745941869156,2.095570925319495,1
571,0.8546724709750748,0.9985370673739701,0.5559097867165599,1
572,0.1584741579847169,0.8987234872750227,5.562595062443802,1
573,0.07662951058245167,0.8549650078938484,5.257798118995256,1
574,0.9166073391266091,0.7016368144174022,4.069098120244648,1
575,0.43415645163629524,0.08187149693420905,3.8763831518859027,1
576,0.6376041697916061,0.1149057311151211,4.779506031522762,1
577,0.2161941934206859,0.6901766244589498,3.207819203584771,1
578,0.8919002108667851,0.7301757699573805,2.4620864116171233,1
579,0.6801155566525848,0.08033153072841757,1.9262640820552237,1
580,0.05082176885301069,0.8095584668048005,2.985414364189388,1
581,0.4402080281484324,1.0,1.0033844115156194,1
582,0.9349906636241304,0.44790391956079767,4.606108769707878,1
583,0.13792023608434903,0.027652273789443984,3.543072388056991,1
584,6.46556459723525E-4,0.07395269924340253,3.650612423595337,1
585,0.5211315484339964,0.4527052461065333,5.409853771350488,1
586,0.05544358730218068,0.5473563617454801,0.6645725671220405,1
587,0.9223255382203462,0.8207719345850534,4.049031497699565,1
588,0.3721255043547237,0.3932531984389713,4.569168910101102,1
589,0.8238262749678642,0.29603063976569066,3.7304249196080113,1
590,0.005765146937605309,0.9984694319519399,2.523828409754294,1
591,0.7894194678068346,0.8900815617564024,1.9858013270031702,1
592,0.38662918896639065,0.30936374902894664,1.7000060139152473,1
593,0.3554572794376847,0.8912085532025736,3.8274659770331807,1
594,0.06344502310937325,0.9977812573260979,1.190942490276414,1
595,0.9693892864940014,0.3861901562608725,2.2702004488194523,1
596,0.9536670729479347,0.5182880799761549,3.3974632350374936,1
597,0.4363090018159844,0.5391855851465265,3.583669873325553,1
598,0.8475643799789082,0.3254534260112519,5.7660011418879265,1
599,0.5775350290309338,0.8197280112280669,0.93416149406494,1
600,0.09259323569770318,0.12875103958037615,2.373684480141007,1
601,0.0628275035382923,0.0445261290925327,2.3727621223355295,1
602,0.7420739040100492,0.8279865776447927,5.8237114681817825,1
603,0.0,0.15902169433814486,3.8130123125938686,1
604,0.0,0.6554024415949148,4.149048504555815,1
605,1.0,0.848969272434064,0.3628701418146538,1
606,0.5133662929428574,0.09506423419168358,4.107020354813075,1
607,0.1060854857735693,0.18623905759605747,3.5710863872619476,1
608,0.4879856391042009,0.08891006321519146,5.22549771239588,1
609,0.8048426503324592,0.7258222389220026,6.235671532068784,1
610,1.0,0.03409515390224526,0.6706176934096698,1
611,0.9566227573313667,0.2379269522802435,6.000779894438751,1
612,0.4156497503964398,0.4950525652864013,4.440573470839685,1
613,0.09492305363593895,0.9419843829650304,2.1801021259481574,1
614,0.7545784120017834,0.25404344664520073,2.4729328593085076,1
615,0.9759309020078859,0.8395458446025046,2.885922553680966,1
616,0.8227865009356272,0.8164172434004714,2.4476037271205895,1
617,0.9826954530162971,0.9361849625242223,4.364650167495977,1
618,0.6470789571363678,0.9877055146731106,2.114782269965996,1
619,0.42889119948938875,0.7800942461223461,4.921723740867058,1
620,0.34287016127779935,0.9981949056293585,0.2892366829623134,1
621,0.6868915648237222,0.3450955256787195,4.513064061441509,1
622,0.5510686643822634,0.042803429319084825,0.9364549085831937,1
623,0.5643935783169512,0.8884854294734377,1.056963379158627,1
624,0.2572395891364454,0.39821461272469466,2.833524473564636,1
625,0.30372495484956924,0.0,3.3785674238817487,1
626,0.07354825138308525,0.19369677930989612,2.9617688872603147,1
627,0.9932140297292483,0.9990510300859492,0.8211376615701371,1
628,0.18322200502803482,0.04593801062292328,5.121053562491115,1
629,0.2807844826521185,0.15738872872578674,5.5133221139161295,1
630,0.15403335835119972,0.12726118388874322,2.004847714338614,1
631,0.2562921921914234,3.485014362471773E-4,5.678611897456242,1
632,0.22813061678149318,0.596799826028057,0.630820112530578,1
633,0.6843672661811748,0.7457544261730276,0.9451143356717773,1
634,0.5276006389261086,0.9885238279785747,5.514439592747553,1
635,0.8151253151211785,0.7658826042106525,1.5946320437704655,1
636,0.9060047232537329,0.31443026854671097,4.865548860325184,1
637,0.04034892463903038,0.15507347850416447,4.959040143131044,1
638,0.03419407436738109,0.06559210029152698,4.582381264861364,1
639,0.9516924099704535,0.7953860571515943,2.9171982494284596,1
640,0.9478573389359742,0.9999038684449912,1.1955002572275577,1
641,0.8272444338546723,0.17740717999614805,0.15810222703763374,1
642,0.46394647601102296,0.7817266366733441,0.6938584219875771,1
643,0.7938222133081693,0.3416296438864711,5.053496208885099,1
644,0.03907047286509396,0.017600917485329114,2.139050350900732,1
645,0.8690494628960439,0.38862946380653324,0.8183287163523796,1
646,0.9814550361691295,0.3197287664520244,1.9281881499128752,1
647,1.0,0.8101055590266826,0.14814150884076663,1
648,0.07836780707576622,0.31810008313612104,4.773716779013077,1
649,0.6466469668939201,0.12188467273386724,3.4955759575775542,1
650,0.9668351874201334,0.13965096039963973,5.112067948146224,1
651,0.6337836750467282,0.6349950440814319,3.5852199987735798,1
652,8.274419732502084E-4,0.5535834434059568,2.1760580893888974,1
653,0.32907302368301117,0.6356524640932575,3.989901759352985,1
654,1.0,0.6273641581660405,0.11521793100096996,1
655,0.5577131351554641,0.04979753005143586,2.752957495217981,1
656,0.6567549528457939,0.39859717133707756,0.7472270082715466,1
657,0.7591858990847246,0.9994437362901115,2.16068274244617,1
658,0.8584404397262945,0.1892818100753394,5.375923391927686,1
659,0.9930631489918921,0.3368435774023903,2.5863426921510313,1
660,1.0,0.9491621270791017,5.685142456724936,1
661,0.0,0.7489707103505739,2.1254949867613946,1
662,0.22751980206489716,0.4536855360756982,3.0542044915514164,1
663,0.5158776080869848,0.04585322667564923,0.6408234572828284,1
664,0.007167619522338338,0.7125868204786394,4.895486201069884,1
665,0.013228862520502753,0.3635971389315833,4.5640944910464,1
666,0.45936243348833755,0.8153364337262677,1.7867312939417426,1
667,0.006700465279928473,0.0,5.270043628913234,1
668,0.6211242203033523,0.9989869658927926,3.0134546989581534,1
669,0.0,0.32937398070943075,2.7814850814508865,1
670,0.6002128926230532,0.6215120649382284,4.504375905806314,1
671,0.26637076336009213,0.03963049825457639,5.146988331547271,1
672,0.0720654132631498,0.24194505160200785,1.443998016303967,1
673,0.4174014372038861,0.9109810328155782,6.138174111154283,1
674,0.3534731161610271,0.688812690300876,5.174933063635406,1
675,0.7301905805231004,0.35601639005521685,0.7830629131338692,1
676,0.3027672497394957,0.13240882647353236,4.268989955550942,1
677,0.44353995755115244,0.4880480454136994,4.352510265036878,1
678,0.957973031444481,0.12034626194542838,4.84778198818562,1
679,0.5916486591832042,0.19470006249592767,0.022003246514055164,1
680,0.46510328063626344,0.580461248826371,0.6259648190246561,1
681,0.9819420878212677,0.5353100004438723,1.684792241236158,1
682,0.5221584589072699,0.5672602817480894,4.048635291027982,1
683,0.43371052333117427,0.6625046480703937,0.3724143493979038,1
684,0.6309084581026015,0.6169472822198746,4.2619471268938085,1
685,0.9154488310478748,0.7500477296097264,2.495153446255265,1
686,0.21427244368643297,0.13159393876452039,3.376787689041738,1
687,0.4036315829338198,0.7802420249759856,2.7559923625921003,1
688,0.434859580251296,0.8872889748097162,5.975252289439401,1
689,0.6537505615102214,0.3658154550118489,2.104211973427125,1
690,0.14492585033985514,0.4041525245245212,6.23295280723007,1
691,0.6224898862746053,0.849266754555363,1.2713548610747993,1
692,0.4412799192072069,0.22864487288308397,2.481229864207417,1
693,0.11906691790791368,0.303234324472922,3.4010027439953405,1
694,0.6017670753605466,0.23595727730548807,3.1033572519096873,1
695,0.5298079910095014,0.6173093923408391,1.6995673107645024,1
696,0.7368479603301247,0.30395025344116317,0.1694399208653275,1
697,2.771169337436552E-4,0.9989100151005378,2.47497912535536,1
698,0.0,0.17588169433004747,3.517462537562556,1
699,0.9996757289333627,1.0,0.1884698173498957,1
700,0.2684565435185132,0.4135956710809248,2.1183276687870247,1
701,0.09582464060305483,0.8430602096634099,2.1866495966974524,1
702,0.1558861933430775,0.48251633545617323,4.59944417579401,1
703,0.4069654799851572,0.4938669234101303,5.186999678900325,1
704,0.86261399680916,0.5023130276882786,0.8340516673367404,1
705,0.9133863476540733,0.7207775746368148,4.205964017020472,1
706,0.9994654195552085,0.3995298196387955,5.390814493102779,1
707,0.21843467787813173,0.9987836617326123,2.5560315573987,1
708,0.0,0.05208954197761083,3.2428775135615977,1
709,0.6839713430151586,0.19232784735212433,4.573340094173543,1
710,0.11217786429078905,0.5423657464989596,5.386785364964622,1
711,1.0,0.9566587550297118,0.074855796336184,1
712,0.7584189827094515,0.5553811707394101,5.307504846120698,1
713,0.0,0.3898665073643185,2.7761225388589903,1
714,0.4544160651609881,0.598598584192427,2.3807258611686626,1
715,0.7896882870080739,0.6305180974794995,1.7468466688616018,1
716,0.13786687094225514,0.5514959675407332,5.784908505550879,1
717,0.4053045441330033,4.679788151987186E-5,4.866497191484764,1
718,0.6571477127433428,0.4254791757029111,4.118942383771685,1
719,0.30580283872000263,0.903967366272389,3.3042707122210526,1
720,0.4334662960353061,0.5474152045245642,4.00823491610369,1
721,0.5752728199877418,0.9968088747170811,3.346424670908254,1
722,0.7544792910764059,0.022001054632578343,3.9271772562145735,1
723,0.027082204277296695,0.31466045003836574,3.0079709494358178,1
724,0.5476825651092657,0.5821470793851544,1.2431391124680387,1
725,0.4173629353786553,0.44700164183195384,3.36330113628072,1
726,0.4225918940491916,0.40839032083074905,5.5992382315241525,1
727,0.06221704969444956,0.24821708944423906,0.23581811440602451,1
728,0.793928587025695,0.48168696328034905,5.327704791416664,1
729,0.03962367628824212,0.5120070536246689,1.706883636328583,1
730,0.4547177679577313,1.0,2.436940947502695,1
731,0.8753780132444432,1.0,1.0847586718618376,1
732,1.0,0.784069319063279,5.693458123337302,1
733,0.6673646917563556,0.21578180842578093,0.7871365089334259,1
734,0.4159734830690452,0.12469385192844258,3.9917543706925662,1
735,0.7146219104692776,0.3811068616843691,1.258536454455929,1
736,0.11860343883043921,0.032598219010681134,4.707011389090969,1
737,0.0,0.26985613808535885,3.9865604299765085,1
738,0.30507893896944194,0.7266162264664094,2.288496973136343,1
739,0.9368160181834767,0.490483224275484,2.214140861176709,1
740,0.2426965521795607,0.08440127963308343,4.072806574582028,1
741,0.934468204061285,0.8194574541504309,4.114115606696981,1
742,0.6575470817596437,0.6771255885941612,3.2465297436638587,1
743,0.0,0.7132498211827842,2.892166084264167,1
744,0.13627902608451095,0.9700511007861623,1.9463075998799761,1
745,0.082304456113491,0.6184825334466248,4.735722395160164,1
746,0.010850694672460531,0.6540836968950323,1.111395813724412,1
747,0.44439672112569223,0.3325219835722655,3.0800471640575897,1
748,0.8922526569739717,0.24694510592789176,6.081458735226571,1
749,0.026155065155035063,1.0,2.481779985421901,1
750,0.0,0.3893797703155956,3.402855220780493,1
751,0.20181926724845922,0.5414363156692856,1.0380693422200147,1
752,0.7516634081382331,0.45234626582152465,3.848067827972416,1
753,0.1903983157722663,0.5780652755334718,1.7292890049045893,1
754,0.8722817381270723,0.06575250000953728,0.5406683552672193,1
755,0.7147167129973585,0.6578948707534089,3.7359572678125392,1
756,0.9454688617338584,0.6367385694532394,3.12029312734669,1
757,0.668539979578321,0.6232896929725831,1.241607904264452,1
758,0.7099757528462507,0.615051601855107,1.3434759688824318,1
759,0.7661663263483975,0.4420586520299824,6.252289050759077,1
760,0.6679878214783787,0.364227034550313,4.081602747286225,1
761,0.7945687491467176,0.02283442859108415,3.490317769407042,1
762,0.007660647520514336,0.5923136627796904,2.234559437931346,1
763,0.9023791820842462,0.8144210304108891,4.788359447247402,1
764,0.24620456474737534,0.1867634230049473,3.9165141299722794,1
765,0.9489906877450135,0.031542324617815906,4.121637818692656,1
766,0.77019544425798,0.4247495932881663,1.1489012690049343,1
767,0.17627407954227511,0.39647953720071,1.442469764144432,1
768,0.0,0.4593278008909401,2.85726463450522,1
769,0.157716863300311,0.47084325387390863,4.796682886664864,1
770,0.0010379511956079659,0.4934156150798894,3.8567267560714287,1
771,0.9984612463382307,0.44465305947667405,4.572042064926511,1
772,0.9058919502168934,0.9704698485903862,3.4606103264711563,1
773,0.3587822877372098,0.9281700285865282,2.5403944350023724,1
774,0.8714139581591365,0.36177267871996555,1.0584027020204294,1
775,0.40056263598775155,0.9861646932175749,6.245262571037045,1
776,0.32478634429008946,0.0,5.138176318623612,1
777,0.48293128930988555,0.6510464923110363,3.5462136203145938,1
778,0.0,0.041904369560026265,3.2101003312373986,1
779,0.5971398144507544,0.8707169465684975,3.8947313417510068,1
780,0.041875484990115466,0.19076105815390842,0.17417445133667292,1
781,0.011547109266257408,0.13474070303071625,1.1984820029347536,1
782,0.026863191178833592,0.8611307308043237,4.470213000597026,1
783,0.7410124580558217,0.7712089932036247,0.27006388662015207,1
784,0.6820891860413572,0.21134765622034407,4.650426929767184,1
785,0.9968574007055377,0.2317720501478092,0.026202798623043755,1
786,0.5724674911381775,0.6259426511723646,2.539232575882831,1
787,0.8251575398155128,0.9161547753390469,1.5482197862779215,1
788,0.8515576061501351,0.7815246018079612,4.224964502046501,1
789,0.10159970680349845,0.29201637414146403,1.8421589556438736,1
790,0.6373829566556988,0.8718912194401534,4.144203720196859,1
791,0.7406574607652764,0.28248954637564916,3.5866363776833268,1
792,0.5880209926930526,0.9931261415965451,4.036531333972885,1
793,0.5268335900102598,0.4906662321755514,5.168441406294049,1
794,0.8296768459745653,0.4523717368273373,5.472578673832947,1
795,0.5520705425732203,0.6022909187205506,2.2230555090676303,1
796,0.8991856605272244,0.9528145441760106,2.5745097438765168,1
797,0.38249223677062694,8.476628323496815E-5,5.559467269941301,1
798,0.9163759304152528,0.17205019905159002,2.7644382158660386,1
799,0.48209291936760645,0.5384645403878684,4.345458562868468,1
800,0.5715492218228009,0.0,5.562490245578599,1
801,0.8077172442814865,0.43097838004706907,0.34351376494994723,1
802,0.46297107952339606,0.25272478746871474,0.6140591175085579,1
803,0.44504832142298906,0.08100370525108803,5.9413371126554955,1
804,0.2852188882760787,0.6795778572476666,2.746126545658613,1
805,0.0029121938586892946,0.7486855703181746,4.522809405610109,1
806,0.41722494375877983,0.2631058103745517,4.252219157149905,1
807,0.19962266355197336,0.5277288690162499,5.266733169793596,1
808,0.6302873581311245,0.3840538394516497,1.0933636541852692,1
809,0.2453211380289464,0.42096080013239523,1.2479735432770453,1
810,0.9997119967049329,0.41822344641787057,4.691341574006912,1
811,0.3813946930981623,0.09788129400448707,2.1098012351181987,1
812,0.8608714246253975,0.1566844606935465,0.5243893060920174,1
813,0.6618559231229022,0.920300472654905,3.878419289834913,1
814,0.46056931019851055,0.5998617540193513,2.3533602743130086,1
815,0.5403861476955032,0.51932451037131,4.495941236654487,1
816,0.25372901754586213,0.24551297789840704,4.224364874198511,1
817,0.8097668967435453,0.32469550957723803,0.23025848555226408,1
818,0.09445489006433243,0.0,5.637994104993557,1
819,0.9804159737536522,0.9412397302172583,1.1932709301169393,1
820,0.6369874244353299,1.0,1.350496889475398,1
821,0.7720231256412337,0.41593991796069807,0.7371618629439647,1
822,0.4700401020186251,0.0,3.9950086002908547,1
823,0.044921190349817654,0.0,3.6546090688908133,1
824,0.20429150292882606,0.015132461200145133,6.248295482393216,1
825,0.31760562349503946,0.36100474136122,5.118432221635893,1
826,0.9979591891963373,0.774340650550315,2.0122803599838743,1
827,0.6578009029932895,0.2953221566312066,4.557540755399944,1
828,0.6553642514411762,0.6695514072402324,2.7278275943441157,1
829,0.6964198112617831,0.06343037156346411,4.695017405468126,1
830,0.7215890133297311,0.4904310663195997,5.204734971491298,1
831,0.7346684522792257,0.049746805475733354,2.9950318253057895,1
832,0.9917434285773639,0.29715680726098165,4.743531438267328,1
833,0.08288344182605129,0.9997104721479766,2.481374312706395,1
834,0.994609540265404,0.02972853407351412,4.437805306885514,1
835,0.20431720742321108,0.07552970570657411,1.3920059942827583,1
836,0.7787531879144901,0.6818445415802384,1.569822188507156,1
837,0.4769532812879545,0.11266075485476237,0.9880388867680543,1
838,0.6038895849162106,0.18965330411715672,4.973109428686115,1
839,0.03481776255448885,0.6581161212398204,4.793427697168429,1
840,0.8690547476008512,1.0,0.3623194709683114,1
841,0.14348694563916434,0.5798961053664755,1.475296143905368,1
842,0.840266603357974,0.039378456427022285,3.2867770850130436,1
843,0.9821359470267389,0.15931770326851075,3.6444039546946905,1
844,0.31979121756709455,0.25756639316661006,5.5542991377830075,1
845,0.02255973856220832,0.0,3.737847817245724,1
846,0.9868526314213085,0.6331121929096973,2.2183681036841985,1
847,0.430046932989155,0.013154573647790952,2.564078369756945,1
848,0.9387624281265534,0.8865982567792433,0.19800485427322032,1
849,0.05540684800494848,0.0611071409969098,4.00817559809495,1
850,0.6538884015130925,0.44807230485172633,5.907210666638513,1
851,0.05522466723225514,0.5488112023535919,5.441772326259547,1
852,0.7323909939392844,0.4789190904387962,5.333050097029255,1
853,0.5385360159665833,0.7116833728982268,0.26996370900601163,1
854,0.950671356703072,0.013624362386828126,3.9769905826656933,1
855,0.3929016976276334,0.8152277966914064,4.258518877919726,1
856,0.8526446881256311,0.9109383619314403,1.2306490350879453,1
857,0.7876190460190088,1.0,0.6982162505340838,1
858,0.23798491246396855,0.0,4.824305819528965,1
859,0.45568258941585,0.0,4.9614219219974975,1
860,0.563363257072827,0.4817736233572755,2.3696786469298163,1
861,0.3404712648325158,0.7910192826932475,0.6620468769094835,1
862,0.2981364328534131,0.47802216968911027,0.4047174679280144,1
863,0.041083020558504255,0.5746269351401608,1.284441040544541,1
864,0.5230027380819963,0.7464494480011984,2.381804094744425,1
865,0.28714361500676056,0.7626981072046156,5.134804805415119,1
866,0.1977758624178806,1.0,1.225758519812445,1
867,0.3137482205056411,0.37418740380418075,5.926090419119732,1
868,0.1309601686151315,0.995708828398599,3.9743668117918376,1
869,0.877613332617458,0.20976077108568197,2.9051111160658487,1
870,0.33261928368768623,0.5761903885326671,5.738021281830567,1
871,0.7154701537195146,0.9071323486921846,1.4582342879690335,1
872,0.3525691122202079,0.33226803574191993,5.711250300094243,1
873,0.7233586522268489,0.06946866849212562,2.9620310068994633,1
874,1.0,0.19639930512480946,0.35138211918931606,1
875,0.3795714155900211,0.49501657143973543,4.125163827440292,1
876,0.30287241882454785,0.6559492829372252,1.410189459337697,1
877,0.9672096092180064,0.47612465980641916,0.21322225434471453,1
878,0.1835348301471928,0.7264556282916605,1.9177865230977702,1
879,0.4167297465441245,0.6145681886435913,3.5409257163971057,1
880,0.9888126379879917,0.017595924590927698,5.967396324312652,1
881,0.06205557648099392,0.12752803173941737,5.508295459602558,1
882,0.8569931888268346,0.034506591497165104,0.3837751673001323,1
883,0.5877275968007346,0.08880744835296264,0.9729463899475603,1
884,0.4454030254886494,0.06618711164698053,3.5962546964837743,1
885,0.7901805680710431,0.989900448501636,3.905068446268389,1
886,0.2734923207556747,0.6684997322971482,5.156651983147806,1
887,0.935180328197183,1.0,0.9534398782548883,1
888,0.3860377570067396,0.5155764878218464,1.2846166492007765,1
889,8.662075021678311E-4,0.4770181130242312,4.074580015395607,1
890,0.4313233161356917,0.5907947739116685,3.5745052190489357,1
891,0.02820026884992713,0.37513627878584843,3.528664048179331,1
892,0.1655756081103424,0.5136950909040492,4.820591650330954,1
893,0.0,0.018707570064832833,2.9348447502334136,1
894,0.9765367590646168,0.38376557733320577,2.0649929617876945,1
895,0.7934496552087693,0.7626229303418193,0.31299963161732053,1
896,0.5943526686770177,0.6096663664182252,4.92397401944977,1
897,0.40778416984137067,0.4669376075894579,1.2489377514810887,1
898,0.8304156697461483,0.9179411926052178,3.908708019200768,1
899,0.5689808760303411,0.6330294324776453,0.31708116355520477,1
900,0.8896653552143937,0.6102620986385632,3.4031628549903847,1
901,0.6246822607991445,0.4140621651576252,2.796323201105866,1
902,0.22726402887541533,0.9701449794509934,2.579607806335242,1
903,0.6031769484235197,0.43678157382292687,5.483997896450888,1
904,0.8944657937156013,0.4620991370724196,3.432745050151548,1
905,0.9839854993821897,0.2834053371517561,5.990201903371221,1
906,1.0,0.05153004659556109,0.04940529903655552,1
907,0.05166647900431544,0.5257920631864239,1.3129498847258396,1
908,1.0,0.9988594849822724,0.4794540724570847,1
909,0.514255990837081,0.006452107387192883,6.082909725346019,1
910,0.12654205820013237,0.6448680635433852,5.562003417132243,1
911,0.4271030181901915,0.9950073693857944,0.23964069681770916,1
912,0.8371689891559947,0.6507418476190426,6.1417652948928785,1
913,0.7123860023138261,0.534817464148633,0.5262266854885055,1
914,0.23456776402469945,0.6616013095563067,0.29240161928196706,1
915,0.9048475735904916,0.3861135729859097,1.730899343344978,1
916,0.9614377706454149,0.18109983080275888,0.9584616685146035,1
917,0.7736014384877359,0.2363698120467774,6.006242347966464,1
918,1.0,0.7033548500483114,6.173159715860949,1
919,0.6302316028894395,0.3566572472286798,6.0635900686928785,1
920,0.2991863171610134,0.6586007541880217,4.27278417950043,1
921,0.5120777955633969,0.7223514193456194,1.628201956421306,1
922,0.45613965687584784,0.9297706094325876,0.43289405038378515,1
923,0.10582192650977633,0.9484627777680834,6.184490358881,1
924,0.4481681497892177,0.5134103631143181,0.01718988752393802,1
925,0.9491094039782709,0.7900581858772896,1.2832603339543356,1
926,0.0,0.5326414291542387,3.6350698555076923,1
927,0.6983399556753096,1.0,0.13593019549093355,1
928,0.37089184934283276,0.7997223942409551,2.8452253270350094,1
929,0.3180754387682817,0.22875472349764062,2.645250348835367,1
930,0.3140743345974236,0.6074885600338412,4.306873771557588,1
931,0.0,0.7548265064779546,2.7854406462446475,1
932,0.23642217267394755,0.08973428099619409,3.3324618268821498,1
933,0.0036589826352717426,0.6895548016452511,5.235045552898859,1
934,0.0,0.9292127494521598,3.9787455793919464,1
935,0.05827725724893097,0.005051786186398807,0.05202494541424052,1
936,0.5654868171327588,0.31990330155487867,0.16245946691990382,1
937,0.9915953169865113,0.13996588983486982,5.017586611467765,1
938,0.9103923515227692,0.59154583857365,5.7133365875700255,1
939,0.0010948373879087034,0.25581250316322923,1.8156175693973673,1
940,0.7827064971717084,1.895443758148684E-5,4.005779674190242,1
941,0.14488804245363557,0.6044061045604529,5.142144155203334,1
942,0.7108648900403437,0.512340279984514,4.309134605683017,1
943,0.35845134509411103,1.0,1.634110018764339,1
944,1.0,0.9721586904781816,5.1803327448959475,1
945,0.002352364506501321,0.7998324073905374,4.464962276777763,1
946,0.03430764951322477,0.6012133277051284,1.7056704811837324,1
947,0.7989220955422811,0.4867360229331487,0.644174373035438,1
948,0.7019287179876228,0.18888303146249735,1.2769374733925591,1
949,0.6117672848123608,0.6043013640461603,2.8827798722233973,1
950,0.4257993482909896,0.7837347409979458,5.793578838485615,1
951,0.38133538146757995,0.5047725882779537,4.288544302034112,1
952,0.1358410189996091,0.9538004662463256,6.1800704058649485,1
953,0.7233588650202852,0.9961335811585097,2.8122345794479378,1
954,0.3141847007796807,0.7769396114885602,0.0019204073354765205,1
955,0.3075704576760676,0.5703270509430307,1.5481049882827795,1
956,0.7755404896451878,0.5535846504431203,6.170434492902305,1
957,0.9987421130375143,0.2249026490054778,0.9593753420492773,1
958,0.4466128500844106,0.6063092767617667,2.3654545184143143,1
959,0.9849252262105705,0.7786115747523513,0.3062652523906176,1
960,0.006975156767070463,0.389820027963497,5.222981084274552,1
961,0.28100004073178636,0.27809863270531676,5.420489571846254,1
962,0.8245738507218164,1.0,2.2915024128457917,1
963,0.14675427214473621,0.6618002714620683,1.8802184304988165,1
964,0.49471103849809567,0.9636609751950144,1.1574253038722078,1
965,0.862603526221969,0.6218185333560172,2.0559657590068348,1
966,0.04929543738051177,0.4338615891513867,4.661160190386959,1
967,0.6261467045639635,0.0,4.592901713252247,1
968,0.524919795057441,0.6110727116943568,0.47250194271770174,1
969,1.0,0.09453261010392049,0.5634362653392678,1
970,0.6791414874199037,0.4237879272016232,6.160449470900332,1
971,0.3645921675907455,0.4077899611544959,3.145412689805865,1
972,0.6170286222427757,0.9241978514900246,2.382892190666862,1
973,0.780534836487406,0.6679349918431069,6.199176253921841,1
974,0.10729105413071512,0.06885088483789358,4.9700207893604835,1
975,0.9968535443883001,0.7077244056271611,4.956572844257109,1
976,1.0,0.6695068755936932,0.37455620785699295,1
977,0.5448547841632099,0.7178062015964578,3.2047948841870846,1
978,0.37832346797773125,0.2622657772927274,1.8091262288600642,1
979,0.13419403616290912,0.6172144963522987,5.01382832680439,1
980,0.321560180302614,0.010023082527373097,3.7083695506495626,1
981,0.7750804137095477,0.6197071465411971,4.5323555478647926,1
982,0.9602506724981157,0.6358796284156875,2.7268264393086,1
983,0.7723234662967081,0.0845432690091938,5.48012366136432,1
984,0.5734424446287246,0.10651969712782991,1.2627981147029232,1
985,0.30236765092668777,0.2811722374461893,3.078518252621535,1
986,1.0,0.7777654846447396,5.234013222569479,1
987,0.5016955381355039,0.6001842460268694,0.49844829867860413,1
988,0.7706657497011753,1.0,1.8062894361369302,1
989,0.2936457287511069,0.18863758228913452,2.412729449345579,1
990,0.9998701437422793,0.804760317184613,5.122256884233075,1
991,0.028969029631011653,0.14867162854645016,2.163268338737067,1
992,0.24061092600350847,0.7182353206596676,5.380934982617253,1
993,0.9709609385484815,0.8227796517171865,0.10320236811840752,1
994,0.005381095013607704,0.18416719378208046,0.9806722024063588,1
995,0.9409882203160227,0.41302922542022885,5.61846205731746,1
996,0.813340322509191,0.501442664667697,1.4293157765002404,1
997,0.4587473882505711,0.22058642715599325,4.688254585933792,1
998,0.06938355595373222,0.4555164226038632,4.274034230028178,1
999,0.05509770559431662,0.7566534595143124,1.8302009074040206,1
1000,0.3534186220836185,0.20371567140884853,0.46843045778797376,1
1001,0.48669788762595384,0.9881390667795246,3.4942191267070353,1
1002,0.24994522813285538,0.04016856484975603,6.228563597341301,1
1003,0.20281489932155375,0.9974834469885887,0.17884100403377856,1
1004,0.0846208217611755,0.268716915239317,0.8349694055288636,1
1005,0.9878826319104099,0.3215942507134078,2.6539814378382465,1
1006,0.9548129835408874,0.5953036777948535,0.17345030510835863,1
1007,0.4275643207505577,0.9701001396042777,4.071842274401469,1
1008,0.9282981314864648,0.3347778992957706,3.2778696867399963,1
1009,0.299676813821844,0.030777705515680764,5.586449214947887,1
1010,0.2912640702213469,0.04595414010329737,4.37516921973313,1
1011,0.5711903769007113,0.9058299192627406,3.7931811220848477,1
1012,0.6529815411090975,0.6814502542257307,5.129750201816695,1
1013,0.9892033912888826,0.08103746095330418,1.1929478086795628,1
1014,0.2787483081080583,0.1327175991677133,3.861811929772899,1
1015,0.6182023599914742,0.4580152001468709,3.0174134205865815,1
1016,0.10848193448639484,0.7090273369621571,2.6970271388358538,1
1017,0.34154431296018395,0.3166991198491046,2.0637565470282104,1
1018,0.8290559579826627,0.19465985546217288,6.2749420003101335,1
1019,0.6700104212963255,0.7631373347072443,0.9720736595975227,1
1020,0.07588295600176978,0.3150030449761354,6.072657853895275,1
1021,0.11689355310792926,0.09234856242581534,2.7177398025083503,1
1022,0.5140065427176473,0.23278392187745425,3.5731605899836616,1
1023,0.5185331070051865,0.716895557432956,0.04496193132602435,1
1024,0.7767451189550795,0.0036035965744937747,3.1241685207970713,1
1025,0.8448518017932223,0.13015484302686367,4.498710207704182,1
1026,5.975576666914109E-4,0.7942925066498768,4.473931271252668,1
1027,0.6792051058559346,0.36823080809685454,3.3907504016328516,1
1028,0.22701194097541738,0.4948592762463866,1.8858716456619011,1
1029,0.43677794554885024,0.8443768204797506,5.42606789268816,1
1030,0.19277649018765206,0.84814483810852,2.824051124771867,1
1031,0.25462031199443547,0.32484744573095775,5.855186552662422,1
1032,0.0,0.7093611675002256,3.0649174038614184,1
1033,0.004511577067268673,0.0,5.085787736818945,1
1034,0.6884993574556357,0.5245270439317485,3.3893125289039725,1
1035,0.014885611524983485,0.7462203286036041,5.2154715478635705,1
1036,0.7132456466002155,0.8261795957574867,1.4553033383268799,1
1037,0.5488521176679053,0.5403888157551922,4.033854667201419,1
1038,0.4728996118446685,0.9842664460046291,5.842256268946939,1
1039,0.6732720961953764,0.5483705267336764,3.312025108577223,1
1040,0.6162622493867431,0.29969846050227095,1.0814510382743572,1
1041,0.43529710686065826,0.7824759972702245,5.73166277650918,1
1042,0.8692209608127174,0.29578566094586795,4.612001859156381,1
1043,0.7856678767554117,0.8794851339728615,6.0685268352455255,1
1044,0.9992943862664451,0.09182536310692238,1.833680522247178,1
1045,0.9757872475306841,0.8325231936078413,5.250093491198121,1
1046,0.24233808852714292,0.9957475388540827,1.9766473990435434,1
1047,0.6113147378208195,0.27729902297942083,2.9840922161689143,1
1048,0.3209232565258397,0.07837806075880167,3.589215955207487,1
1049,0.547048162481192,0.21286169268980534,6.218819613834592,1
1050,1.0,0.09891945167203219,5.743786522983908,1
1051,0.0537593066234194,0.5474476712314467,2.520151106010593,1
1052,0.5443698046055203,0.520773636752303,3.9778284988023227,1
1053,0.03381686628807795,0.5495261374321533,1.3213471771697705,1
1054,0.3328274990792997,0.42795730574713253,1.6094698232824585,1
1055,0.7294643007093989,0.9180054393230955,1.463387969128846,1
1056,0.4432934648905519,0.056212376126529205,2.8076909206481124,1
1057,0.9923411887606418,0.840954955142298,3.8638372926259104,1
1058,0.6404473044585514,0.8773902488772333,6.253876097888752,1
1059,0.8531109815541498,0.003577331633552551,3.3168361803202324,1
1060,0.41313953390735075,0.43042266000014867,3.2014329374824215,1
1061,0.9986692158076959,0.5542439152614586,6.208711352893531,1
1062,0.9292708210602635,0.7516422557224985,2.9494019203759247,1
1063,0.6954905711190312,0.8656569038289332,4.8341898219132435,1
1064,1.0,0.65163840681407,0.41281842170001826,1
1065,0.006237814151313626,0.45997994760280364,2.6045595879547583,1
1066,0.3707549925782487,0.17401617733990207,4.631628918444,1
1067,0.1344443896476045,0.06611358747049294,1.5647007272668807,1
1068,1.0,0.8748018543567836,6.201658711115391,1
1069,0.5095191731980329,0.061410052760879415,3.146609964901883,1
1070,0.7560831965472279,0.37125242913911854,5.572050718264895,1
1071,1.0,0.32878045976906156,1.1235517886269297,1
1072,6.230687483750353E-4,0.05984395855466713,4.765228020204742,1
1073,0.8697787751963397,0.15912288440264016,4.587543517228325,1
1074,0.04349208367274605,0.5330809141216407,5.404932090628867,1
1075,0.08010218796805214,0.11203799501622866,3.256336959699545,1
1076,0.2918187673870846,0.9396226929278693,3.5526687907354124,1
1077,0.786213279586369,0.24647395207462397,4.284288287040548,1
1078,0.5602742251933969,0.965589083662507,5.772705892499229,1
1079,0.22437675700409407,0.7663713117282749,5.614469865403337,1
1080,0.4375380556073209,0.43428688407973226,1.755523278448417,1
1081,0.39588399372289834,0.402930148976809,1.6620382757302044,1
1082,0.6778108672921408,0.9102622667753041,5.0991680662700025,1
1083,0.08928158257429436,1.0,1.7060261963971566,1
1084,0.8524525272234253,0.3470169450931777,2.337487378522326,1
1085,1.0,0.04362116436358811,0.6933905883151223,1
1086,0.8741123388575393,0.9563231837414766,5.091318471203387,1
1087,0.9967749516245684,0.0,5.53593589385697,1
1088,0.815715524949335,0.7598558070500647,5.754596466981416,1
1089,0.9509651539181168,0.8229090522939765,1.975153684603078,1
1090,0.15467160627744128,0.7448700395640088,3.797716667175217,1
1091,0.6968114210334082,0.4197782857582814,1.9520714168893396,1
1092,0.00338538559235261,0.8504414927759281,1.3703334615696428,1
1093,0.4281565967963755,0.42243519629608717,5.920850199086693,1
1094,0.6481278636448828,0.9350989555739736,0.5696435619564582,1
1095,0.5147214445136058,0.5169126370668493,1.921980682798001,1
1096,9.982706657091988E-4,1.0,2.0256973608039557,0
1097,0.2508067808040788,0.9998077535964053,1.8966686927574132,1
1098,0.5446196439067389,0.843243426613554,0.2724294884284807,1
1099,0.4336953724961461,0.9997469017880425,2.912826371933403,1
1100,0.13316993685126755,0.998928810855758,1.9183288539496033,1
1101,0.7697195945132937,0.3133984377458436,5.4632739833601285,1
1102,0.5360947557875357,0.37336723789519244,2.95694738063178,1
1103,0.5406749251178001,0.10803971208725976,4.181477548084493,1
1104,0.8936429249025789,0.0,4.230721601396211,1
1105,0.37942847957913045,0.320141857395087,3.6320209492701614,1
1106,0.15267575344351872,0.6732058653156109,3.9163693325852402,1
1107,0.6356316963704961,0.8399119431285371,0.9260198927643968,1
1108,0.725486063360701,0.07811482592469468,1.5149728439712753,1
1109,0.08898408099092629,0.8072339747948585,2.708214875791058,1
1110,0.6993516448269482,0.12741764686676987,1.2632269678473274,1
1111,0.11456848364524776,0.11779606265223705,3.32912273524431,1
1112,0.41669967234748345,0.4033282220380874,1.7856207120156267,1
1113,0.3308591222503409,0.2663313524560894,4.216736498772942,1
1114,0.03851395833027896,0.31512298951349005,3.6564049392494944,1
1115,0.7216743036365989,0.11934373363310732,0.20573821788531543,1
1116,0.9832940884915546,1.0,1.9006361883671579,1
1117,0.7180650887893026,0.645527946072213,4.900546873671493,1
1118,0.018632826849452083,0.9963931405689157,2.8035811702501645,1
1119,1.0,0.9983336417692229,1.0020418273509446,1
1120,0.4114069155431381,0.734402953755744,1.1283266183222502,1
1121,0.9980281938579245,0.9114604564715217,4.395784600615672,1
1122,0.8783603917233558,0.5744255200624651,0.8539457845154597,1
1123,0.833611641720314,0.01843691022496844,0.3278257104448422,1
1124,0.3326762325495333,0.9487685651565788,5.730366295809594,1
1125,0.42392389350332127,0.7171575761834169,3.840290675691584,1
1126,0.46127956685191807,0.6452041322367353,0.8590211220691079,1
1127,0.2668337792132795,0.1471555742224095,2.1610740064637453,1
1128,0.7727618844670444,0.4032507151763938,5.642644087758485,1
1129,0.9216376597966284,0.6474996285786115,2.5461657232408577,1
1130,0.0,0.9420937186392806,3.8295067270931735,1
1131,0.2741474863125022,0.4141699654760714,5.056763685227742,1
1132,0.8217104586146683,0.4146257524156835,4.1497755270737136,1
1133,0.9242534008651867,0.08196712374903065,3.541078083686601,1
1134,0.38660248246268714,0.20422759899468867,0.6854484561199612,1
1135,0.1535432740063401,0.2850189395656032,2.0614242078781126,1
1136,0.6010929227131641,0.21962720195253316,0.8407001614183791,1
1137,0.6778517720637237,0.9388587794001317,3.879804973356771,1
1138,0.42154743694979535,0.5365247233949108,4.7936001277202225,1
1139,0.42793206195151906,0.22504809217932428,3.0601818584847247,1
1140,0.8313997941786149,0.17287196450433717,6.117574896823134,1
1141,0.4027057290341669,0.0,3.5743141745881966,1
1142,0.5094309108248789,0.49496243457864697,2.0718858918175895,1
1143,0.4608017333091325,0.9996827555224487,6.013719023741021,1
1144,0.43760187509661763,0.7449060613997659,5.465149873975285,1
1145,0.9731728583946391,0.1519306199124284,0.7232340921451265,1
1146,0.7816045878921302,0.7112035891973302,4.889297929829151,1
1147,0.23282281565020752,0.6887154945627182,5.376539412213122,1
1148,0.9589904254799547,0.4435747729557306,0.3105249686167196,1
1149,0.38135818686109546,0.725163973666656,2.165316119806705,1
1150,0.34163450568418346,0.9822942350151033,5.18444150290635,1
1151,0.41988176992623466,0.00816966644647591,2.840917339706409,1
1152,0.7067195213135906,0.3895399431848896,4.451423613946393,1
1153,0.019841593992303803,0.49561429096159093,5.643849286764431,1
1154,0.03507441273196599,1.0,0.5359001727262283,1
1155,0.21347230773545683,0.4271399170926835,3.2700503557151,1
1156,0.7458715970941353,0.15210541352803286,2.2475973956812823,1
1157,0.6335347879145307,0.16784421994323917,4.261196465167775,1
1158,0.2848876009325406,0.5563169778724372,4.411380001366063,1
1159,0.559573190528553,0.0,4.611541534235455,1
1160,0.868127478194041,0.2630726084969098,4.802877296533171,1
1161,0.9742436383950704,0.33595388611074617,2.0750565244253756,1
1162,0.03562444754530417,0.8951613573374169,3.65359249765511,1
1163,0.016776716956972915,0.3258441991311029,0.9572167702291016,1
1164,0.21749983014854019,0.9151707683157138,0.9208177583681878,1
1165,0.6361768107590494,0.9691587169857641,4.073932065415893,1
1166,0.30644213836295137,1.0,0.8448047798160383,1
1167,0.969581563965754,0.6721236689001993,0.1674387116394525,1
1168,0.1662159115499061,0.6758793556521939,1.0879664498349018,1
1169,0.15673140295482824,0.9150529834037435,5.6180102741463145,1
1170,0.8695618001232338,0.438060998745313,4.639187325444351,1
1171,0.39303030722942706,0.7690726144795356,5.12536580797459,1
1172,0.8185672458957357,0.8321580618835602,2.938743755459677,1
1173,0.6498405201992022,0.2077963467566556,4.280517744505664,1
1174,1.0,0.0759751257477728,0.6930914193453099,1
1175,0.96199032060343,0.15425091060743584,6.275250276018593,1
1176,1.0,0.10631953753092367,0.04556572715698426,1
1177,0.10679842707832217,0.3332362778196099,2.259718027397064,1
1178,0.8056128314831607,1.0,1.2063744746319711,1
1179,0.19739845225518562,0.7547633953052229,2.33056645625124,1
1180,0.9294621964851421,0.0,3.921233308528038,1
1181,0.05921444770422515,0.6404130183190225,5.0229886646162,1
1182,1.0,0.27307928808048293,6.2388395180348395,1
1183,0.7635906568664647,0.9954678783488036,3.1244696981888036,1
1184,0.30611250424110464,0.5934967538922359,1.1139619352420613,1
1185,0.9194098934935694,0.4036710710730624,5.383379349173003,1
1186,0.4292976176006202,0.37352557892086574,4.357531538888759,1
1187,0.2612485020327648,0.8056507571964726,1.482375279068157,1
1188,0.8394733049353577,0.34735848371987016,5.998960248044933,1
1189,0.8127076325236643,0.6933530169534913,6.115134898573168,1
1190,0.8946001432901287,0.02059913560643376,2.0099981681612116,1
1191,0.11444903565925253,0.3231856791147374,0.20421793373397581,1
1192,0.2817779619987528,0.7109462746710583,1.0529303111575086,1
1193,0.0,0.010054770247053266,4.109064038655058,1
1194,0.835960886601391,0.9814376939905315,1.9914240198597835,1
1195,0.10827524518785223,0.02431714041491845,4.032058061745164,1
1196,0.7010201410867755,0.9938440627458973,3.0033328504641656,1
1197,0.888339205396922,0.18882952931066327,5.987619553424716,1
1198,0.862946982660693,0.7776848890318152,5.9991233961139185,1
1199,0.4980348629858756,0.7201209518067239,6.063345213952682,1
1200,0.7174472106448753,0.6776307855156176,0.047186097731466425,1
1201,0.3145015622370687,0.33381479414804127,5.517059929394711,1
1202,0.8467422586747901,0.0,5.1966039439376885,1
1203,0.4549022359249237,0.9907754860294373,5.61008744185998,1
1204,0.9997889261670794,0.15657587142314072,1.468381540552516,1
1205,0.9319072519727035,0.929143684151798,2.0583489659054397,1
1206,0.6772158172471272,0.018814301228251885,2.310980205269524,1
1207,0.2142103153063126,0.4306108369756702,5.411901258528132,1
1208,0.4910393542931849,0.0,3.894204445652571,1
1209,1.0,0.7420941024578118,0.7999496553349006,1
1210,0.0,0.8930224388791053,1.7681238870989453,1
1211,0.40412955657576194,1.0,1.7985703337733887,1
1212,0.8200702855571115,1.0,1.5793573018929685,1
1213,0.17481220557906643,0.11958554369233676,4.690792884059994,1
1214,0.6868286299192919,0.017914827486465574,2.170460075726808,1
1215,0.05762906015399494,0.6599737666427101,3.3500964262732493,1
1216,0.6649601317455867,0.5800578993052325,3.281809822107205,1
1217,0.9927768998330436,0.12988477113452182,1.8685176569764805,1
1218,0.977816557155231,0.22331830584299373,3.0727390489756883,1
1219,0.2783399229200276,0.484678386344458,5.668578768032819,1
1220,0.48023917175204367,0.5313423044103309,0.20862029610859434,1
1221,0.3608684448956574,0.5226279317078946,4.246388814206006,1
1222,0.715235353565606,0.45307144808806427,0.9747998516611016,1
1223,0.6989217475975461,0.9996635370026373,1.3093298720364535,1
1224,0.9998197294559444,0.38747879737809665,0.8832781255441531,1
1225,0.04033571709683404,0.4514624144291441,1.06861501712499,1
1226,0.6665134944454445,0.4364218863608234,0.9003193249390445,1
1227,0.5572171268659892,0.9576487175398443,2.2539353932439266,1
1228,0.3561133850285419,0.27750436538019957,3.312138556411814,1
1229,0.7511379931791337,0.5948641194962397,3.0959940573016693,1
1230,0.7222400189172913,0.6285057517737136,3.7582951427194082,1
1231,0.36947264547305475,0.7551349247902112,4.422131026470008,1
1232,0.43998920144409776,0.0036224840019354124,0.4179304141722097,1
1233,0.5391272474562316,1.0,1.1600967915406692,1
1234,0.42722762575199047,0.9906538197027017,4.347324200877958,1
1235,0.51286603594757,0.6544012353915766,5.908842728896256,1
1236,0.009090286666227578,0.7550199764915287,1.3195764223210933,1
1237,0.261252928979445,0.5446959326270212,2.2018188357103847,1
1238,0.8036243499191461,0.029672083546499632,1.6751346350038678,1
1239,0.5810218237288114,0.2481227260457295,3.8991208367059733,1
1240,0.6549928059815551,0.1389732995441907,5.708751283128344,1
1241,0.15617222515682408,0.6114146425310387,2.1454201614721318,1
1242,0.9490797860700807,0.3000135974522587,1.9086810814007837,1
1243,0.005681944046121723,0.4690746241915898,4.406544442153662,1
1244,0.967947865367437,0.6992293840686915,6.00248998264815,1
1245,0.4164668902614649,0.21153598293523024,0.503010501916911,1
1246,1.0,0.49610500715536016,0.6357385269955694,1
1247,0.0,0.37779554881113014,3.671048310774657,1
1248,0.32128466021975977,0.7850930148671948,4.00935768153254,1
1249,0.6919615204861455,0.838221449086012,2.422121450760964,1
1250,0.7069327447362005,0.5068006101434203,2.1502421301781904,1
1251,0.7579565336948444,0.36189410562897006,6.008449035873458,1
1252,0.5440349931738299,0.002411900141938409,2.5300736354388054,1
1253,0.829184102670342,0.11073835699454815,4.724880465124213,1
1254,0.40423774010294405,0.43721324722019345,5.256163070006432,1
1255,0.5631387091751345,0.7195777913966448,5.76934431677687,1
1256,0.17549707554311972,0.1677418415227737,3.381806346603529,1
1257,0.7723472120669828,0.5586066881207702,1.8318462750732076,1
1258,0.9990303598670092,0.7791098565919387,1.2196103467575699,1
1259,0.44368242859114615,0.21405953435198835,2.6812208326499167,1
1260,0.8736908363733229,0.5480568390629734,4.117002482556667,1
1261,0.06749620034074266,0.007452865940100778,2.284257382182404,1
1262,0.0,0.07038271480228836,4.301544459707167,1
1263,0.920691789018168,0.3459485622398302,4.829523334142034,1
1264,0.24087841030189508,0.2673768287383354,0.8010969637469411,1
1265,0.7462415176011652,0.9969926509269781,5.770744427818692,1
1266,0.4166296696467502,0.34378234016513937,0.7028304851014129,1
1267,0.9669428258609206,0.8635767897818958,1.340831614554347,1
1268,0.8913854136576065,0.8495700814317062,6.0033656087099745,1
1269,0.6681802304809785,0.40387094426564224,4.445513331263802,1
1270,0.0,0.6478227010521934,4.421311326409797,1
1271,0.10046584860704395,0.8829826944283817,1.4014579179719717,1
1272,0.971122375272789,0.0850956343987842,5.860785388473917,1
1273,0.9945963785870875,0.8672922526588939,4.375480305421907,1
1274,1.0,0.5576747346882052,5.346961031587233,1
1275,0.07631158671089312,0.7885848791098684,3.103837121304716,1
1276,0.3704218075589924,0.37284324103341004,2.7400170609197945,1
1277,0.395001003909081,0.8723449421579781,1.3001004598076806,1
1278,0.006216394217060649,0.9026903588116393,3.2394014413798997,1
1279,0.1864325939159047,0.9377355435924932,3.6529127862184754,1
1280,0.7158288882474416,0.5953463638589267,5.863712625505404,1
1281,0.4912765574904156,0.25861120060695125,3.9886250219777297,1
1282,0.7991155525826767,0.2816319511650522,0.7913109282788426,1
1283,0.5149136696366268,0.9119445251407594,0.2904466852528778,1
1284,0.14425354705072854,0.6046710465810226,1.0207711938671546,1
1285,0.0,0.5606078580351045,2.8356810058495485,1
1286,0.9924797289339042,1.0,1.4267375518586918,1
1287,0.44679810528546293,0.03158798911895336,0.055752364471190204,1
1288,0.08199807955155332,1.0,1.4361256160362192,1
1289,0.6505924125567802,0.0,3.5975427826311517,1
1290,0.7461623457179818,0.014678422948508055,3.018409329757856,1
1291,0.21736880885870355,0.2613639402612704,2.9502735907572584,1
1292,0.16702035545930616,0.01094286242285768,0.9854420325053853,1
1293,0.42369153539431664,0.4461148803701581,3.5018821523623385,1
1294,0.3989653671613158,0.5924464926239492,1.4434847277676022,1
1295,0.4006024369822798,0.0,3.8278658488627366,1
1296,0.8132593190887851,0.011211943659190248,2.897689868720909,1
1297,0.7105112318496265,0.9983524208321524,2.4261951626517875,1
1298,0.6598374751648582,0.025150295422856603,2.853247530708108,1
1299,0.5997376246287437,0.5340975967210554,2.697411302817919,1
1300,0.9987417664028476,0.45130988773201586,1.7658585306422812,1
1301,0.9497588259852044,0.10817807164786689,6.125332500066019,1
1302,0.08631406384557436,0.050599722354070883,5.398072968872731,1
1303,0.8891898229050899,0.8052712784839893,3.7071559000134773,1
1304,0.7447145745356698,0.22886874572237365,2.8305192834662893,1
1305,0.6428531562499439,0.9630921387692905,3.341224222441771,1
1306,0.8271407839132199,0.6719937441985216,2.3626361503570883,1
1307,0.8353845107080998,0.6629060820591136,2.642801431068165,1
1308,0.9203558075794872,0.5393034147841756,2.291881680527807,1
1309,0.23827881414279647,0.0,3.2342348498546074,1
1310,0.8376021411612545,0.0,5.473858441553966,1
1311,0.23451328248203684,0.6475617878570807,5.951647378841012,1
1312,0.295621641387056,0.0016198054679764638,4.741383340504475,1
1313,0.6489657013108088,0.18501022672586012,1.7106346110377066,1
1314,0.12664900684897892,0.7670193517878434,2.480276896034218,1
1315,0.4740905760736328,0.9289812808448218,1.2546060355577586,1
1316,0.79851762931843,0.6467346128049474,0.3102733117749359,1
1317,0.0,0.3968492618718663,3.0425648156540417,1
1318,0.12266005102987065,0.474099163926005,3.392116473701005,1
1319,0.5994913669702053,0.24564843371220924,2.4104670671693658,1
1320,0.8454010986849178,0.12177400047928283,5.77165692926431,1
1321,0.4287692510566232,0.9928724871329719,3.767353817316073,1
1322,0.5198305759761049,0.6592230594313073,3.6246305291390675,1
1323,0.3238162697463763,0.002869225018991053,3.3594541716776303,1
1324,0.2931625734595619,0.3582116363145026,2.052719554976519,1
1325,0.03408561261404853,0.0,4.175020806537804,1
1326,0.6911185270171527,0.149041320643316,4.813217727192712,1
1327,0.05378624270366397,0.8897502954584884,4.722180220291102,1
1328,0.9157192370015294,0.31535153333596416,5.589932241558526,1
1329,0.2751745005016796,0.27453496086136164,3.7029452258947293,1
1330,0.47700726062003457,0.5848719280317441,5.903562936075929,1
1331,0.5291467315106662,0.5165458423057041,0.006074402312919114,1
1332,0.63990160890808,0.0,3.9283420889767173,1
1333,0.8143214912617522,0.6864737362006529,2.057587534011961,1
1334,0.5705997661235243,0.6494284501394895,4.569964850348964,1
1335,0.27819670271645136,0.25777914496393806,4.523404336514787,1
1336,0.0,0.27201010437853707,3.587147790755672,1
1337,0.7664672493205208,0.50941798873846,3.6761384140705733,1
1338,0.9422705235026057,0.4662757742611864,4.449122913586597,1
1339,0.528080058376418,0.35772578273887534,2.160849981105361,1
1340,1.0,0.9992605000927841,0.4137606827922652,1
1341,0.8697581549054599,0.3155379153607653,1.0364622227783133,1
1342,0.021133845770437493,0.21079661527957133,3.5717915407110032,1
1343,0.8702323049481778,0.6627739222015311,2.085335885878275,1
1344,0.7986309828276916,0.2751385461032957,5.188244914195087,1
1345,0.6276176606605273,0.9284874672829829,5.203411194121235,1
1346,0.7144982895731223,0.9984742183408396,2.444844156091847,1
1347,0.6745843596603439,0.5552695970546748,2.9537798150197614,1
1348,0.7505333423475224,0.20806762476479784,5.639902885243703,1
1349,0.6863279039567309,0.5290820699913454,1.872786588774025,1
1350,0.19472006831494543,0.7766859104514798,3.1925279755254756,1
1351,0.5285793921956352,1.0,1.0150211786063108,1
1352,0.1245993219353272,0.6260316025182332,2.446987754828723,1
1353,0.7049231075692126,0.0,5.196104978595778,1
1354,0.9998284577670751,0.05611159660556387,6.138507349184591,1
1355,0.1318724958944872,0.8269713178938115,3.966365688597608,1
1356,0.580657950793387,0.7124440184879923,4.710059758848012,1
1357,0.07694457283734694,0.2491120786013927,4.952656462518046,1
1358,0.9740525752250322,0.5380639787586143,5.994923004377942,1
1359,0.9913041511429649,0.0,4.748713741944334,1
1360,0.9994335143888898,0.7651643009791264,1.3042948790256441,1
1361,0.06257247692615918,0.20930751917052146,1.152228070935579,1
1362,0.15416773278794624,0.26242862198880357,6.012919115142823,1
1363,0.9193761753266658,0.7002000533025445,2.491141134422192,1
1364,0.480362341783835,0.6648760530734859,6.0305863597415215,1
1365,0.3277287925040155,0.9988304378670434,6.259717733109596,1
1366,0.09874978804301777,0.911338924747447,4.7822878621379745,1
1367,0.10881042030060635,1.0,1.1916014468168217,1
1368,0.48876940676596553,1.0,1.5020790627559224,1
1369,0.9774328427460971,0.9993488066994831,2.2999805293310565,1
1370,0.9562566058982195,0.10928077459738263,2.064607223203668,1
1371,0.4726824745761023,0.05236299334879063,4.768715254967748,1
1372,0.5756638598443062,0.0,4.781820759131042,1
1373,0.170545754011597,0.23737196715307432,3.9221511385643177,1
1374,0.565344584400962,0.9942180867545892,2.371406582667064,1
1375,0.1295455052831363,0.4105401805218098,4.1364703246302135,1
1376,0.46964131427172967,0.08115066506021366,0.16719626554329864,1
1377,0.33912267316638817,0.26206684299378796,0.931037112759295,1
1378,0.9996722154584198,0.30700944775842864,5.753726257767776,1
1379,0.10685744589873038,1.0,2.2412946298610974,1
1380,0.8720326457608334,0.35049683577346347,0.9475900286335632,1
1381,0.16115193799089728,0.5844023905400306,2.2142493085780868,1
1382,0.799269875100675,0.9592241624695125,1.05724746191246,1
1383,0.31870651530303973,1.0,2.4648142473422467,1
1384,0.6081265498593172,0.10453924324873042,3.5852514954438464,1
1385,0.41555853994647435,0.7778536494113331,2.046007977729091,1
1386,0.014802494856460818,0.6029159246017108,4.5600546494562835,1
1387,0.5029566373658009,0.5371388931601365,4.6804366254789365,1
1388,0.7815274521658304,0.9260703787745977,2.102302097391767,1
1389,0.005130780513295225,0.999730049109195,2.407936305134764,1
1390,0.5866835539540316,0.08581563794471353,2.914596290631691,1
1391,0.3837242429427945,0.06453035828855264,4.824708132267061,1
1392,1.0,0.40176993633862085,5.335416529324854,1
1393,0.6022849632562648,0.7644703549865433,5.98765309253219,1
1394,0.9951643134738765,0.0,4.3320084585261345,1
1395,0.9703503279746178,0.09050585635622573,0.181197885053777,1
1396,0.9024625662029765,0.046962184245043344,3.5300135353701214,1
1397,0.041129529069915016,0.5703317385314297,3.9426987949029666,1
1398,0.6459863082785225,0.656172672920168,3.9595616485778207,1
1399,0.5829917580794051,0.5811278139361116,4.83368629316847,1
1400,0.5042585063083443,0.14629542060594553,4.74855216292749,1
1401,0.0,0.5667560470819011,3.2784328674658614,1
1402,0.27153379671353134,0.16519526990521927,4.150758496543642,1
1403,0.32995525458837355,0.22232209971735192,5.440524470116861,1
1404,0.2506824185158591,0.298231479410099,4.824201060789491,1
1405,0.20979963501240834,0.06353066104969539,0.07871425003322033,1
1406,0.1385492958019399,0.8290010659585512,5.876449488277784,1
1407,1.0,0.46691344387104566,5.603110789531535,1
1408,0.18774772776252813,1.487780215388623E-4,3.8816358839762692,1
1409,0.9915288151275651,0.14386638738984583,1.1475605302287504,1
1410,0.44230320283039704,0.19945128160704512,0.8997613788622737,1
1411,0.0202152700752111,0.06626875737545462,4.557787092552474,1
1412,0.9247877223508838,0.009717607536122524,3.3147850904242557,1
1413,0.47715894923004204,0.798500878571671,5.429990225044058,1
1414,0.25590506555555187,0.5020500388620981,1.0913332919683887,1
1415,0.5785691871349778,0.2717285899509135,3.949570264911518,1
1416,0.20555929471235707,0.1812443654976511,3.9264542803507267,1
1417,0.6964688944219597,0.3574749043935386,2.3822388605318077,1
1418,0.6688698278035144,0.22242418848297868,2.0215893311914215,1
1419,0.05272115105389888,0.9989178654331747,0.685690352920961,1
1420,0.40298426888509187,0.7670103870039506,1.1583144666760101,1
1421,0.0028507788739280063,0.6118985625910592,1.6540570754397455,1
1422,6.932028482325412E-4,0.12990365236315954,3.62179531109619,1
1423,0.05451917536087304,0.9994595090409518,1.834434649438219,1
1424,0.5190226665096106,0.9997426236041269,1.3505835973133464,1
1425,0.8571468894474823,0.47284006428372927,0.19383367501267584,1
1426,0.9994556637437217,0.690940741531987,3.9640529343522393,1
1427,0.262402557099834,0.13007282822816107,1.7492307011887038,1
1428,0.8060160769007572,0.6162579625823268,0.8013041162400119,1
1429,0.5186643229404064,0.42934146571932086,0.95245128699814,1
1430,0.0,0.5365595964986956,3.6281533738305884,1
1431,0.16191872772275626,0.8441032971673497,4.50099470205458,1
1432,0.32541121275272783,0.43965501343506685,1.7408251789032447,1
1433,0.6034018079388346,0.2512614953273906,1.457120590843246,1
1434,1.0,0.1060876994972853,6.071921064862305,1
1435,0.4201338041798229,0.2531811950295437,0.2683067903910361,1
1436,0.8782652085134559,1.0,1.095324221190095,1
1437,0.15151950233837666,0.6274076070978268,3.6418297129749857,1
1438,0.3812894603460306,0.0,4.074311302508079,1
1439,0.30532950735967107,0.43301074256513844,4.332046953557873,1
1440,0.5680825768848617,0.13525668138556715,0.4328233506115754,1
1441,0.28549964415003465,0.3357923059054349,3.9619747605774234,1
1442,0.6514981676226465,0.009493233503868397,6.049200004237518,1
1443,0.954969275842824,0.483094338903926,4.187569721093783,1
1444,0.6401502241472276,0.5480179693800128,2.9369464891693404,1
1445,0.4026368898010125,0.8155299591565495,3.5002379128479375,1
1446,0.7220123794736637,0.4406622905654649,2.591584825980637,1
1447,0.08545398042889246,0.6987868846784082,2.8683362038025804,1
1448,0.9995523259171953,0.03981539020965612,0.41638008282309213,1
1449,0.9993573534476384,0.7742833214098225,4.786696382407995,1
1450,0.6506464373433936,0.19715782930158424,6.152919279310403,1
1451,0.5100080266650874,0.1286259396691948,3.0016484290915706,1
1452,0.1619645606284146,0.12861433878604872,2.644449921359674,1
1453,0.5516245796828371,0.863535700442229,3.7117362030454544,1
1454,0.22684077161014488,1.0,0.6606659597627158,1
1455,0.0,0.6223021272253472,2.4302650486621347,1
1456,0.48639832437019814,0.46514912577802103,1.5660867154078382,1
1457,0.5757684066528062,0.950320972028337,0.5793499884808334,1
1458,0.6912640158338218,0.698798555809095,5.8904577903940245,1
1459,0.6929354123640391,0.3682799085279744,5.814964017065134,1
1460,0.7448619548309763,0.8803713949196054,3.595321648256699,1
1461,0.8964971590235717,0.7113202882769942,1.329375709915006,1
1462,0.9817522077196245,0.0,5.183709389704303,1
1463,0.2102619094937507,0.18915236157253065,2.6382536904885736,1
1464,0.06367361952274578,0.042100134877138096,0.01903206963235715,1
1465,0.6879395275684778,0.4543965673680443,5.345540422913564,1
1466,0.08869181914748107,0.24307542724680023,3.9357004585205537,1
1467,0.9998151025667054,0.17428156576250653,0.6297233573741109,1
1468,0.9489032549275048,0.2727661479791281,4.351834796417097,1
1469,0.12469838870742417,0.14188203304109426,4.310778350373365,1
1470,0.11739604333290736,0.7772525717941794,0.8258768899214618,1
1471,0.34726132779387503,0.38252248769689656,3.454084910406656,1
1472,1.0,0.32141961721788903,0.5799110633921303,1
1473,0.3059154431836715,0.35229701077793757,5.8719362627977985,1
1474,0.9317371317316125,0.7031684462905756,0.6198128801809017,1
1475,0.9312409383855287,0.8562515461177403,1.7690929484856115,1
1476,0.9630065369281299,0.6462942533488746,5.185136535566283,1
1477,0.8306392492705424,0.44148613226584293,0.508132379394344,1
1478,0.8980514797165711,0.43407855149830077,2.5774923631103968,1
1479,0.001031444865457364,0.3369176597196256,1.4757222282794904,1
1480,1.0,0.3877458103746839,0.06016840068633186,1
1481,0.32874762018591924,0.43127649617604896,4.048204268107189,1
1482,0.27938452818900744,0.6866956482560164,4.033043407871093,1
1483,0.6025782196639955,0.00985722157187585,5.352464895332918,1
1484,0.23271999105073368,0.6458876642333562,0.7074958888610171,1
1485,1.0,0.5294389285782647,5.874014725180396,1
1486,0.36486899571318654,4.588938980582526E-4,3.819622287623669,1
1487,0.6505560103814663,0.7173147689022028,6.131955881084244,1
1488,0.9110880916093551,0.30773887075555134,3.486288940492935,1
1489,0.2543880954362505,0.2916795879592492,4.330833213460522,1
1490,0.600944181507535,0.7315687557777061,3.0942081656672866,1
1491,0.1518493577429028,0.6729284594651065,5.560563548739464,1
1492,0.5860254646557863,0.4012989237384937,3.468427210103512,1
1493,0.4698021901937375,0.30576472004960104,6.137647407135411,1
1494,0.9190211325835695,6.319159378127306E-4,5.2447344411426196,1
1495,0.4314152339986714,1.0,1.0428194281613963,1
1496,0.19181156368625904,0.6372900474544376,5.93120249049949,1
1497,0.5170672695831087,0.723283966112847,0.3229793620151557,1
1498,0.5729817889180748,0.9999844473491061,1.6033126363619392,1
1499,0.23406160330266312,0.4296390440266913,4.815456773957411,1
1500,0.9999103372940417,0.42551510725833325,5.930897259806694,1
1501,0.05294511810838212,0.13807223942039384,0.5494400243768438,1
1502,0.9131684734886847,0.6296881831985343,2.219838424709218,1
1503,0.26219678248719763,0.775144774068743,6.1751687856853845,1
1504,0.9741458594779094,0.9112879369077179,3.3518125076478675,1
1505,0.5815629546928085,0.3087120524695422,0.6780739807622146,1
1506,0.013098706567980529,0.32819938670085796,1.4600857002288594,1
1507,0.44767559422687825,0.16859652913171497,0.4030164214760472,1
1508,0.28203391424708746,0.20726893121675413,4.6716430799071365,1
1509,0.9984395019759654,0.8088651656190766,1.658083768906273,1
1510,0.3445973267059545,0.20898865375311848,1.5958650491016453,1
1511,0.6118839240723535,0.29646026825457766,1.2877000019987768,1
1512,0.9295917017355826,0.285145096770824,6.23213080663303,1
1513,0.3993777749407697,0.6175411143420865,1.243279734548467,1
1514,0.017618841290616753,0.1685233932955343,1.0852464039817618,1
1515,0.3132056187966717,1.8299929699307313E-4,4.651389973547421,1
1516,0.2895041795415032,0.12094034316295682,4.380396701021696,1
1517,0.7696673756550727,0.6902535853168106,5.152502523265459,1
1518,0.3548128761361691,0.22992262063463192,5.425296338065061,1
1519,0.33756514935277415,0.5894236893177953,6.076517678629789,1
1520,0.8211181666150164,0.7386151704275252,3.948881428334808,1
1521,0.47779177307796233,0.7711630747464759,1.8081442619951074,1
1522,0.621652337014435,0.4039111740183378,1.3248772063746752,1
1523,0.9889651867498293,0.03435933805989072,3.737442864674222,1
1524,0.9848511665256967,0.0,5.078577363877978,1
1525,0.9608941939730451,0.8636087033120524,0.061480115329543006,1
1526,0.4126850049672065,0.659297909569242,0.22118316886128925,1
1527,0.3038382565689313,1.0,1.8356714649447212,1
1528,0.36904101172768106,0.0,3.613948110492683,1
1529,0.6843913902697417,0.40092330039248486,2.7149691085316703,1
1530,0.3706490873403133,0.4357806743867963,5.582008613149929,1
1531,0.6657600878589337,0.5683513289553108,3.008740805674431,1
1532,0.09868279160198574,0.9272879798553546,4.194814265890797,1
1533,0.6522618370511482,0.002568146127157387,2.3310689647038028,1
1534,0.003549192298959931,0.17567697617392736,1.7123255316963626,1
1535,9.424727194000881E-5,0.9981014780660025,2.3178755451373196,1
1536,0.5897003002226885,0.7248769547526751,6.011443797412756,1
1537,0.7555835621282598,0.4657755604374926,2.25530163838115,1
1538,0.5204445478972087,0.0010636232132386556,5.293388891002696,1
1539,0.23174582194928428,0.0,5.153054834336759,1
1540,0.09003811976440386,0.8987320617304031,1.9612254144998862,1
1541,0.750007907160536,0.0,3.8426155964188653,1
1542,0.9250928627498527,0.9538640020131304,1.5311546425222782,1
1543,0.6745309200617897,0.5184299290805502,5.464645748255125,1
1544,0.4436002024480515,0.18226912831369577,4.966209276591672,1
1545,0.4707872967926768,0.2759181469620519,5.215954130856687,1
1546,0.24088922370829868,0.27711629488195516,6.267744540490463,1
1547,0.06032700006005634,0.40912999762623425,0.62945882714995,1
1548,0.8388620403573838,0.37303777569810226,5.07582140615858,1
1549,0.6330959757910727,0.7323261936957075,2.5876489630606385,1
1550,0.27639392953419334,0.6079070267414663,0.4784309458550139,1
1551,0.1388708030700618,0.8171948794525471,4.230588382392683,1
1552,0.038037822676950994,0.6144336144563641,3.853329051644683,1
1553,0.30503550413213903,0.4873537744700221,0.2416230728901155,1
1554,0.11676375077773513,0.09333051017271932,2.9700527689860574,1
1555,0.6772112032342896,0.2217547234193619,2.4317494823761407,1
1556,0.4075153219544602,0.5737350556782255,1.2363638784104118,1
1557,0.6110321070883673,0.6001216592734414,5.374665094510219,1
1558,0.0,0.47046214538388265,2.103693401958301,1
1559,0.9104168120450982,0.6444864008997896,3.3667988210561517,1
1560,0.2901759265839326,0.8455468026647421,0.011659925795042783,1
1561,0.06308483730648472,0.10001307658235148,2.3196399860370756,1
1562,0.9457488102007506,0.6602703001151313,2.654300272203001,1
1563,0.2696527596259348,0.3739931337413265,4.484907555614101,1
1564,0.6399225498907392,0.1994104526445574,0.7171976079977733,1
1565,0.49846165117258256,0.08019751802155757,0.14939793807666496,1
1566,0.5097692742654583,0.9403436406150711,2.4066596990113505,1
1567,0.7095249016691675,0.999930958925032,2.5123023582938,1
1568,0.6985460360311996,0.5646294124773727,4.793337858130048,1
1569,0.9418734221751726,0.5996123739658389,0.2505265691773525,1
1570,0.0,0.999881954777239,2.0978510173565095,1
1571,0.734177733810851,0.5398345556606214,2.6782736224677954,1
1572,0.03168134306422357,0.4485636370187147,1.4638965988335968,1
1573,2.1056770694947101E-4,0.9190574681535831,2.616698457058654,1
1574,0.8270269806100768,0.9647132610926378,0.8697876801225592,1
1575,0.4287161503182726,0.0,4.230259003755621,1
1576,0.27874914946605855,0.5638894761420048,2.6044579979366875,1
1577,0.15657712981915223,0.5870052199949723,3.228025903517221,1
1578,0.07502238930060032,0.7755342591654311,5.365853493510021,1
1579,0.5809398776871267,0.2603252403668551,2.87642704306793,1
1580,0.33504876939164646,0.4031545933693137,0.44693888056084785,1
1581,0.01615491074948804,0.18179486009859616,3.606529332853815,1
1582,0.20667159866795942,0.45095629828180306,0.9262574842214713,1
1583,0.6936025168484178,0.7614157059362742,0.11781872144183587,1
1584,0.6044819335017987,0.8826563237494348,3.34048245758748,1
1585,0.6349284513806034,0.3544053999243698,0.2705896416774291,1
1586,0.6734949338708283,0.6562539272209639,4.888800292329506,1
1587,0.4488551777102805,0.022356804172208027,2.7977338700051004,1
1588,0.631547730863227,0.002923310461821481,6.280540304572661,1
1589,0.225588924428618,0.6659622100422666,2.270970749018834,1
1590,0.5327389204068687,0.32905377544888925,5.477747319136702,1
1591,0.9963368293007324,0.22898658473227684,1.2003712345368294,1
1592,0.5387218451290577,0.2563573212378507,1.2106396460125535,1
1593,0.640519598176211,0.3931406190901929,2.771183023416967,1
1594,0.9363965486150242,0.6991215514582916,0.4932931152102589,1
1595,0.9991061930023251,0.5982212913509232,0.5967154124209855,1
1596,0.33716352486653217,0.18262872955471945,5.953700818149834,1
1597,0.3299201343787236,0.4282006067442834,2.8655011389026326,1
1598,0.5085377475253242,0.5428494739353621,3.1699776064125733,1
1599,0.2566159383093978,0.7138077043706693,3.084758216214273,1
1600,0.0,0.04662113782046269,2.3000948277780466,1
1601,0.4808686544440258,0.9554105632186223,1.473537341430118,1
1602,0.7487052023974734,0.7482248756228886,1.1944782663637339,1
1603,0.5338792190625335,0.8905512308830268,5.738066552617691,1
1604,0.8214640343135164,1.0,1.7045016494189742,1
1605,0.7986453257547513,0.8410231502492563,3.576559740146389,1
1606,0.028094001438843413,0.2688943555472674,4.364582564963216,1
1607,0.041860769060743507,0.0,5.7577057887106635,1
1608,0.3226673698098447,0.0,5.226938791141682,1
1609,0.23517411277807837,0.6643230475026327,3.0209837136280933,1
1610,0.9985323779181993,0.7853816160915897,5.7170534757244935,1
1611,0.891470661757311,0.9864354355473358,0.8159771616693516,1
1612,0.0,0.7545469906836939,4.609881488809556,1
1613,0.20914888694278685,1.0,2.3061283820434837,1
1614,0.19195753477106972,0.5966376673248892,3.407328605730579,1
1615,0.32193239876009716,0.80962805327322,4.9317682296514045,1
1616,0.9231692715656544,0.996940253533828,2.2676705513713498,1
1617,0.07442495576663383,0.3707013833219443,0.6582738135442947,1
1618,0.0,0.958652528531525,2.239929339491673,1
1619,0.637916410662629,0.7673558859967442,1.7880181833671014,1
1620,1.0,0.5491928211796383,5.545904609938236,1
1621,0.27003260697042086,1.0,2.010588097171497,1
1622,0.12178250404497776,0.49038638056846734,2.680823681619224,1
1623,0.16353493996327817,0.6545432143468245,1.4858185673757456,1
1624,0.00874317942595534,0.5328727157608287,4.219660838476815,1
1625,0.011471771644205214,0.5788772338040132,2.5669266830683557,1
1626,0.6349305094287288,0.3046778856428475,4.769376224236391,1
1627,0.8856266053515534,0.7068862435453579,5.522135955172869,1
1628,0.9985277655245919,0.7105152540162024,4.573218537791842,1
1629,0.4733663177417105,0.4225645973140563,2.6796074756675594,1
1630,0.5378300787059435,0.6046875419274343,3.976776220527509,1
1631,0.20773081528503884,0.1414913524693323,0.13890978532313314,1
1632,0.7005494058051567,0.7246706024097109,1.892648652303962,1
1633,0.42939196841962274,0.3280232287214956,6.034044947085475,1
1634,0.09299854258180065,0.689755607283954,3.7689653590083143,1
1635,0.7260720182536092,0.7789306808212676,5.939749765774016,1
1636,0.31565648946440855,0.6308253347288292,0.8266005222560633,1
1637,0.5003430514076018,0.16787326622388807,4.576428372989608,1
1638,0.5341399735317365,0.9125072949404562,2.1312773010015396,1
1639,0.21637728467527417,0.2111162588572173,6.121736045204005,1
1640,0.48839918403271,0.36378821948284834,5.165397216224371,1
1641,0.8186760591635073,0.5347214130374869,1.8275842097894854,1
1642,0.6168019266138504,0.42178798729342,1.3788147586489297,1
1643,0.3867199220627465,0.9885199973606672,1.8149054907461177,1
1644,0.9984877330197862,0.552666502198637,1.4063687974503432,1
1645,0.5348598620528466,0.7209635335544857,3.335423741041878,1
1646,0.15305487819662053,0.09329681487965477,5.2218876261375105,1
1647,0.4969484690765616,0.24334846767458895,2.0477302834332516,1
1648,0.6103334296218039,1.0,2.816462194296869,1
1649,0.2795542552383774,0.9107705998540799,2.795088978157376,1
1650,0.22585068059207802,0.8404474764556744,1.7992882241402586,1
1651,0.9856344834427151,0.8626680114978633,4.902605967135311,1
1652,0.2961901546814537,0.7590139338976781,3.27059390726063,1
1653,0.10776896786626451,0.4563362576133873,5.501854308684643,1
1654,0.08616852550699294,0.8301219970999176,6.238153570222309,1
1655,0.6306051949121455,0.8176401599802683,5.039324380385799,1
1656,0.1972707263491864,0.34472674397519815,1.7592911716653425,1
1657,0.43668803551888,0.9994679260424003,1.4432366265880496,1
1658,0.9993385305778245,0.177110497749623,4.488238368071453,1
1659,0.5825768176404972,0.0,3.9620297034836356,1
1660,0.4100445731352636,0.056173600317787446,1.895821622914251,1
1661,6.305714880076065E-4,0.15003658858827218,3.658149449686368,1
1662,0.6209395966185012,0.13443077265910544,5.808088510976694,1
1663,0.5029783920675392,0.9541571726433938,2.34774969990514,1
1664,0.0022551569307813994,1.0,1.5581310217949818,1
1665,0.5121281517027436,0.8039462302988831,4.842209035596981,1
1666,0.9618091248277286,0.4019781685821168,3.2522387948793483,1
1667,0.3561679142511032,0.11477268732531372,4.273197504889015,1
1668,0.43095447732944053,0.627487661406659,4.697342925062031,1
1669,0.4894083057675677,0.872094623847952,3.3494233659652557,1
1670,0.0,0.40102767954367635,2.7819739514125015,1
1671,0.10821369182718776,0.9997173602991295,0.9463765840182418,1
1672,0.990039700066721,1.0,2.078478375350747,1
1673,0.20300262397936072,0.7668679429443972,2.1134770714536835,1
1674,0.8664566055806501,0.14492723583983422,1.6214130811869936,1
1675,0.516808602001965,0.1953813295333915,0.08058914822904573,1
1676,0.6960667586909313,0.1748998711557321,4.520659165819704,1
1677,1.0,0.09073495512366808,5.754656128273192,1
1678,0.06027630914102686,0.6018662319590308,0.9754343173677772,1
1679,0.6171175707156445,0.5130814426135004,4.350348498056912,1
1680,0.8858685238438333,0.6172810596519099,3.621851671483606,1
1681,0.9317041210330509,0.9920637736167817,0.04205849318327915,1
1682,0.2638492260666862,0.0520885960792607,4.58926423983161,1
1683,0.7767321013237048,0.7870957089462272,1.006883412438479,1
1684,0.36584678058800757,0.6590339822378783,0.06787310509462685,1
1685,1.0,0.235771259214442,0.5694050536350559,1
1686,0.7157821171836832,0.5516412040169741,0.46033747033534794,1
1687,0.0,0.00875748867839459,3.0237511015367824,1
1688,0.33702723620139474,0.7604552811261448,5.074314511468549,1
1689,0.3256587623834562,0.13688589730315778,1.288750620834927,1
1690,0.42219585748172817,0.1982258290808434,4.5101833571549195,1
1691,0.30991435774812737,0.8498892958592043,2.123991852874517,1
1692,0.00817537030245648,0.641197749104168,5.374042940767668,1
1693,0.32252803315540896,0.0014530701071705625,5.480464855533213,1
1694,0.6394935924255012,0.9525186910241682,3.0364015967440006,1
1695,0.38106346428849525,0.686490479213607,6.211605759869646,1
1696,1.0,0.578336108160492,5.592654456335515,1
1697,0.5004427621343029,0.0036414433984954106,6.249105604190832,1
1698,0.0842804609318702,0.10166159918532418,4.332848604449717,1
1699,0.031245373641402625,0.15622983247607908,3.807347001006167,1
1700,0.20913791496864678,0.8067779029279467,2.388218656220734,1
1701,0.6562970503339711,0.9940841060803485,3.360533896410568,1
1702,0.9692577639199753,0.71327435153917,2.118111421301296,1
1703,1.0,0.004503092762705128,6.219520524315107,1
1704,1.0,0.8919669796178827,1.4897822378891652,1
1705,0.10868282494820042,0.57015284684063,0.07778764196310295,1
1706,0.4769984186481232,0.3501800522915311,4.437895548921323,1
1707,0.6350554577730383,0.9997934882455112,1.206525493494704,1
1708,0.4381901472697231,0.5688790730735387,5.814502654518902,1
1709,0.9977862470274566,0.7530934547284752,5.162412092079929,1
1710,0.9058706682181996,0.43500089719835094,0.36424689327939924,1
1711,0.21777203600188835,0.5528119749868209,0.3366294769444348,1
1712,0.0,0.562606381406911,2.4553137590703216,1
1713,0.15058007067908435,0.44212598152260557,1.0416736634648243,1
1714,0.5484328166993055,0.49269616664512444,1.617707366626882,1
1715,6.691415324606813E-6,0.23242710010388584,3.840108062569142,1
1716,0.7449950235911579,0.7591040886628223,4.620450958982342,1
1717,0.01807007091030906,0.5511749837489345,5.236560461405584,1
1718,0.7752328642569166,0.28028054404444774,2.4588394229976145,1
1719,0.3579274075815759,0.04664465230094664,0.6951858216461893,1
1720,0.45769064634064227,0.2513603153189404,0.02148742320592678,1
1721,0.2166616464666435,0.14058994870434022,3.2926714290050043,1
1722,5.08007346368195E-4,0.2055004036668756,4.487472713071493,1
1723,0.8995563572108797,0.5171595333191413,5.995458316785766,1
1724,0.5487681659693153,0.10271015098362361,1.1653071183347739,1
1725,0.712511335100185,0.6159309395557093,3.0158482087393605,1
1726,0.8761358985784377,0.3857330232317473,5.745050390276722,1
1727,0.5418671475954463,0.0016720360156324689,5.095068395003085,1
1728,0.7204506873124354,0.8265299687887172,1.9841072438198215,1
1729,0.8068541774607593,0.09759430813634543,0.6533569899416802,1
1730,0.5132705190408138,0.593901848546459,3.4733202478794505,1
1731,0.917475559058406,0.6402927899314271,5.243727699274213,1
1732,0.0,0.6430092261170651,1.9022720101717294,1
1733,0.05482048808582014,0.5958549100490397,5.570684949887775,1
1734,5.673433592063272E-4,0.47151936767525227,2.410111281770081,1
1735,0.9834277431521945,0.4675182179503386,4.478989252843753,1
1736,0.7260394132823219,0.08430095089156443,4.614043777250061,1
1737,0.7715229844596535,0.7535120085840389,5.636099345923592,1
1738,1.0,0.4083935277694545,6.094435185892064,1
1739,0.9051335797550355,3.855360476983068E-4,5.387943829994087,1
1740,0.7311033691779407,0.3018239649920755,1.5651369925736514,1
1741,0.5896723590881331,0.6293062055463207,3.0428163556544905,1
1742,0.42700055875644427,0.28522805493646103,4.553796626734427,1
1743,0.8672030067018097,0.8087010479415573,0.6767591945060704,1
1744,0.5792806122368134,0.33518363226418796,1.7455531056048257,1
1745,0.05630124121365863,0.9770155054129035,3.8110031424677016,1
1746,0.36687083556522354,0.32216120834126255,5.280448932792767,1
1747,0.9672610162694721,0.23692118267414108,1.000889411974517,1
1748,0.3682904638637252,0.17960251678071318,1.7524212316036063,1
1749,0.99922170673689,0.0,5.082308865988556,1
1750,0.039434516932458905,0.509075555912113,2.9145297814015168,1
1751,0.5772419125948165,0.005214808526058544,2.6850062139138355,1
1752,3.6483015970721166E-4,0.015684435103964913,2.9211814785917007,1
1753,0.0,0.47723243605417226,4.144712623288546,1
1754,0.37210631775466574,0.40762185720167243,5.491278982180925,1
1755,0.0734521476633594,0.20454330078374014,1.195924498645255,1
1756,0.4804393675470508,0.16824661337068778,6.166161070075278,1
1757,0.5361372172603199,0.9064926448041472,1.6312330037196727,1
1758,0.6710214176068928,0.17268935342234756,5.019827133190486,1
1759,0.496893184566514,0.4617237346250847,0.37417238733868063,1
1760,0.0,0.362220360876394,3.2056842338394427,1
1761,1.0,0.09977369903469664,0.27706599012087807,1
1762,0.9370429824323642,0.3638545216634639,3.8198694508045277,1
1763,0.601856444140581,1.0,1.0385807444153585,1
1764,0.35508664543318075,0.4429882682374124,5.064783157717287,1
1765,0.12860266765519854,0.49689592902919916,0.989706361931875,1
1766,0.4995621759376286,0.6603439901271905,1.820436195937366,1
1767,0.0,0.14925433838159669,3.669417280417268,1
1768,0.17359250565131853,0.3121742308585548,1.4058092637846538,1
1769,0.8573596315173588,0.41857301082644804,3.3605430480765075,1
1770,0.2204289650973141,0.9308741031561226,2.295311606060989,1
1771,0.8955599466971935,0.21847028313780764,2.1707282515580957,1
1772,0.13480053435929204,0.9137254554911965,0.04018487569392756,1
1773,0.6886586606722016,0.5187677068064872,4.760837396964097,1
1774,0.5561868955337439,0.15525352632717848,5.048095586515006,1
1775,0.76665240856979,0.718351878843683,5.961366906135545,1
1776,0.807670682963901,0.5064943732667742,0.21068015866577738,1
1777,0.3419237023283033,9.369800042658067E-5,5.0785990421442095,1
1778,0.689060089937219,1.0,2.1105096402992105,1
1779,0.6892989430881498,0.7952272435180686,0.1515919322816253,1
1780,0.018701392570458414,0.29221131037420667,3.8001120484502438,1
1781,6.980999245300882E-4,0.3547066195792047,4.722009101595422,1
1782,0.48418763891337957,0.0,5.109024109343222,1
1783,0.26436019015034423,0.8693599797533954,6.011161784518679,1
1784,0.7235709161675005,0.1721376347989758,5.768502318750721,1
1785,0.13427179089417268,0.8749976326278852,0.02872459951775408,1
1786,0.24353489181245824,0.31899243364718866,0.7567015526878832,1
1787,0.45211861360766714,0.0,5.08108837246289,1
1788,0.4680966124471689,0.0011061642892476837,4.179134618963049,1
1789,0.030197968572107586,6.538107858468146E-4,3.966388801368092,1
1790,0.2503439042080719,0.3763311348911843,1.4788379753165672,1
1791,0.6723204532134084,0.22993022894006582,2.039356824949273,1
1792,0.18433502154581863,0.40244672156693123,1.5303540841427978,1
1793,0.4513087930488925,0.22661412273621934,6.198269889473779,1
1794,0.04245410059911166,0.33222180146586283,4.190933731480494,1
1795,0.9314654143482154,1.0,2.2260750100347546,1
1796,0.9315957730733243,0.3059840170105068,2.0688781352893764,1
1797,0.6031329079151658,5.604899589074935E-4,0.06619667035422161,1
1798,0.09348886971448629,0.0,4.420047732253033,1
1799,0.06081676628595717,0.40241958032460895,3.1310907791397677,1
1800,0.8733515354285244,0.7438382909968921,0.4722342780919197,1
1801,0.23329220649847532,0.7052749966843357,1.6005862055089668,1
1802,0.5373017953174891,0.08254806894790015,1.690985831975099,1
1803,0.6795303856759568,0.5650985429632372,6.111112938006159,1
1804,0.0038731763705391197,0.0,4.133576767541439,1
1805,0.760433593321206,0.7039616921667939,1.654336254319841,1
1806,0.6149233680662254,0.0,5.097586556145755,1
1807,0.04322914652705537,0.43101881085243604,1.007751571949297,1
1808,0.552151506165335,0.36664824118825823,0.4957799265242552,1
1809,0.9049997639657955,0.5730781604769005,2.5600824034408416,1
1810,0.3693967824295486,0.9230002375816496,0.8159937046363344,1
1811,0.6664799779417517,0.573759330479128,1.314431125281494,1
1812,0.13676454474314464,0.9086597427369321,5.764669031502541,1
1813,0.841147199466466,0.194798644392677,1.5604101205131982,1
1814,0.184626551677171,0.9310511198251256,6.135388313178227,1
1815,0.36651107280589273,0.13659336998321958,0.5642968450451656,1
1816,0.9453177270858653,0.3637291741728112,1.9304355292849404,1
1817,0.904268199318982,0.5609684417059133,0.13612923788164805,1
1818,0.6887949684649363,0.4576911108591877,4.541067812908045,1
1819,0.9177042749454128,0.5976792653440457,6.064443851964938,1
1820,0.7589523162631322,0.9632469550025017,2.2305209906923964,1
1821,0.26161653985285793,0.6243925492602438,5.532998697447057,1
1822,0.9087444751653309,0.9995132364983956,1.751440043027279,1
1823,0.8916194080562498,0.23167570864231743,5.874578331421082,1
1824,1.0,0.8754820473942907,6.215252037687582,1
1825,0.7246758187242484,0.495648400165595,0.44040667363628483,1
1826,0.8026925964859453,0.957708599864803,0.8864124895126901,1
1827,0.007030417676217657,0.8756842317673456,1.3916514254324794,1
1828,0.39507387439389,0.34656919124888824,0.2735572304023751,1
1829,0.9185218234675391,1.0,2.8560811210673567,1
1830,0.14980623531248485,0.2564404866569123,1.486332799052784,1
1831,0.8703217824955808,0.732685028681481,1.7917627399935347,1
1832,0.10317316092506362,0.9729558346162107,4.853224480652414,1
1833,0.5418627651541744,0.45509390843212205,4.483471147524892,1
1834,0.4500591555140679,0.2821359267595701,3.831840201807348,1
1835,0.5737902731064499,0.07567848347513495,3.6741480114278176,1
1836,0.5554475406010697,1.0,1.274671264751066,1
1837,0.3473752832077669,0.702319982292875,0.32277481531605146,1
1838,0.18046458424399808,0.341401742413317,0.35047449661713326,1
1839,0.6966711362655543,0.5052251725820865,0.21210413813867762,1
1840,0.857965410413769,0.6474378811273547,4.2064178625065844,1
1841,0.4102074590142733,0.5773501711319465,0.27103857121302155,1
1842,0.22670772005792253,0.09911555501403098,6.068967370083359,1
1843,0.9524235247952271,0.039677234495978556,5.002425958561075,1
1844,0.38899366006868896,0.7977106513754588,3.247209102363023,1
1845,0.6171184548646135,0.5387038795711132,6.146588919877516,1
1846,0.12529466675017537,0.7580833300404151,5.100254668129694,1
1847,0.9486478740011541,0.3187263661138243,0.07554902656783549,1
1848,0.999467126757779,0.535240647744573,1.3989657745416508,1
1849,0.34822718989257023,0.0,4.213952579595132,1
1850,0.05172280058689561,0.0017505811209534315,6.174544519846334,1
1851,1.0,0.6347795575891315,5.251386304784063,1
1852,0.545986726482723,1.0,1.100045883827907,1
1853,0.7041816604316607,1.0,2.5560219559770223,1
1854,0.4881229288951409,0.5942509755593678,1.6943673695489787,1
1855,0.0017122781459548227,0.2379042164566845,3.5016813366734563,1
1856,0.7726122164460845,0.021517810005512897,3.4823620147825336,1
1857,0.4354968498113621,0.06633242990228676,2.1665287530312187,1
1858,0.9996199482568675,0.35293831040149054,1.3552815765488908,1
1859,9.480059360420085E-4,0.8704968463017604,2.2159189496155376,1
1860,0.6562867751537477,0.615829247933584,0.48347951308276715,1
1861,0.2757013230644581,0.8823078211200411,3.3346053608334527,1
1862,0.12849268947370104,0.11215207543154433,4.078901822168802,1
1863,0.5801760384787974,0.9299878717498953,5.691825857661965,1
1864,0.026122051794145933,0.9945863461983434,2.527319935905001,1
1865,0.0556635630161418,0.5214577213954424,1.2269228777683032,1
1866,0.2977067235349686,0.6582147433295655,5.252983434037713,1
1867,0.3880634937873534,0.9992878894606185,2.8139186697056195,1
1868,0.10685930962799979,5.1905474166984416E-5,5.698012304242634,1
1869,0.0,0.2236862009166146,3.3976601748361377,1
1870,0.37281018551568457,0.3546266138601559,1.7622081679972768,1
1871,0.26230233054901825,0.49768017112481217,5.812906502133367,1
1872,0.0,0.9445807298165527,3.264639191048477,1
1873,0.8735486091081694,0.19631596575792098,4.27370891653496,1
1874,0.3536483257040616,0.6815523942166275,3.6979176011858677,1
1875,0.5340539106708861,1.462712304631316E-4,3.541926282300456,1
1876,0.17735188697458484,0.7506290905498884,3.172659496450386,1
1877,0.030896178998548934,0.477811783807526,3.8176870155249634,1
1878,0.723001209601108,0.5294622802315824,3.6456168948554377,1
1879,0.6691118168062474,0.7812859119768166,1.1813047791766906,1
1880,0.47153203251654424,0.34493601693027964,2.654406579848511,1
1881,0.6289678724829336,4.0246282468514246E-4,3.05413346260418,1
1882,0.6088049292856875,0.7462689950984578,2.5819198926848492,1
1883,0.0595385474310558,0.0,4.998279968076445,1
1884,0.9870636511589693,0.7344218589684303,1.9434233003068475,1
1885,0.8447222828554959,0.9897226681796826,4.024399294847605,1
1886,0.7360289781721348,0.4940060890719955,3.2810804238797955,1
1887,0.3979058699944071,0.4313283813725372,6.233005489778622,1
1888,0.17700010489490436,0.5156711883639312,2.5626787772478816,1
1889,0.0,0.9502120244917026,2.4043857577792607,1
1890,0.9828936987381073,0.9955150552300362,5.607278845917779,1
1891,0.19588095175174344,0.4650660683736418,2.6149724451792,1
1892,0.5838775388021858,0.289432148269626,5.1657228798386265,1
1893,0.0757611123939768,0.14430718956631458,0.9423566796080638,1
1894,0.6516302874505389,0.6191834621915028,2.370238354676489,1
1895,0.44534029194861907,0.07647846060921612,0.630412207917523,1
1896,0.4130475704363169,0.5427999423008599,3.525021874710538,1
1897,0.30256737675167933,0.8284066789492844,3.0175920972951222,1
1898,0.5923506072782957,0.29275572704127867,5.833492057976895,1
1899,0.020932278087587353,0.16749958387115593,4.815718282332157,1
1900,0.6805906516787802,1.0,1.926415006194671,1
1901,1.0,0.14602205597319257,1.552387756620354,1
1902,0.26080777399639327,0.7676259243429534,2.8728831454625166,1
1903,0.0,0.5979717120042374,3.1089615110517475,1
1904,0.09238342578953518,0.520470097112337,5.243803335794335,1
1905,0.3426549335223419,0.0,4.661943210692096,1
1906,0.004815586767479104,0.26714196507854726,0.8034429880639629,1
1907,0.7161766316640633,0.5730848625046052,3.286825520507521,1
1908,0.1158694617039511,0.6313335301686275,5.030069045685001,1
1909,0.15031113128912316,0.008710627447951468,5.025606630953544,1
1910,0.883432269025482,1.0,0.5209790606365865,1
1911,0.17335429764569524,0.543717603130426,0.7828721090121858,1
1912,0.004930077973236138,0.23091092042776767,0.9417431327356636,1
1913,0.8399057061382541,0.4011938163236325,3.720749776540756,1
1914,0.746163905017937,0.05658605622005846,0.5797403835834597,1
1915,0.8678182295568474,0.8815675942205425,2.74388128143628,1
1916,0.08100741848913974,0.9443408637285536,4.291470993672682,1
1917,0.005253749305204418,0.6872461345052197,0.9602925631506458,1
1918,0.1973348743799928,0.016471929077167054,2.506243463495877,1
1919,0.9995704329568985,0.7049627197919732,1.0552834576209122,1
1920,0.729868956078701,0.2953398190192487,5.002346556530923,1
1921,0.6186487034162735,0.8932825758277378,1.374180170462688,1
1922,0.0014052913857514199,0.447799788089339,5.11401991602921,1
1923,0.23384721480272053,0.8042609094347406,5.97285151822556,1
1924,0.9782311713977996,0.6398425861378482,4.7951821173033,1
1925,0.9276890447388282,0.003749692393560885,2.9202787682233087,1
1926,0.7050418910349332,0.9724028365515837,2.8843434395027066,1
1927,0.30952492818790917,0.013512228275758969,2.0458724174684932,1
1928,0.47718689435764483,0.547878684145134,2.628592784830153,1
1929,0.6181020413875146,0.5435359509406614,4.302706084736483,1
1930,0.852398545262935,0.24035240071955516,3.684093833190661,1
1931,0.6780297067437117,0.2962445197765442,4.416517273636876,1
1932,0.8160180480298909,0.055778540962550936,1.4783607492653563,1
1933,0.40156169342524745,0.0,5.326803978811219,1
1934,0.002992740840258661,0.4227509151444413,2.0599489404251132,1
1935,0.701372067255479,0.6005433925496769,4.878621890108784,1
1936,0.14518651631289886,0.4686186080948714,1.1753638133421593,1
1937,0.9661229155974278,0.8855469267018231,1.7019161738745292,1
1938,0.0,0.3940547286658374,4.37274505860656,1
1939,0.6600763350323059,0.011074654275650598,4.727414838568709,1
1940,0.947038529036654,0.7151222825604169,1.9555447004261932,1
1941,0.6873642686714925,0.6185459673327178,0.9097584154629174,1
1942,0.6294272387139975,0.2297855831626592,5.457855690215495,1
1943,0.7392472506525792,0.6000897270959477,0.8399449900194934,1
1944,0.7897495989911067,1.0,0.7589482061281101,1
1945,0.07341920814259353,0.4367540097755107,3.050541930276246,1
1946,1.0,0.8899057220020884,6.040971491006462,1
1947,0.5377006565519667,0.7212459156706718,4.246524264022122,1
1948,0.2525310231373477,0.13999710740501262,4.381207145935014,1
1949,0.9800522611607857,0.0,4.045660778329899,1
1950,0.0,0.32874433408350046,3.8051811071142643,1
1951,0.31955382875248606,0.4626099564443035,0.17412280301343117,1
1952,0.2273072926365288,0.2893918135558211,3.221340516490337,1
1953,0.890059273373928,0.553474478697037,0.09841719040518775,1
1954,0.0,0.018152863090065297,2.8351887874347557,1
1955,0.3763386849670999,0.23373368002986258,0.16072231381862426,1
1956,0.1020360272150655,0.8969477475219797,5.915861158501411,1
1957,0.35396611910565645,0.5992411076906907,1.7205456235089402,1
1958,0.609809086937484,0.588727248481106,4.117330238719886,1
1959,0.8952776318158762,0.029195123342820095,1.1731391387774819,1
1960,0.5286527280259513,0.2501670517314532,2.2072436122843935,1
1961,0.8476208013899046,0.9039656391165126,4.39640068627593,1
1962,0.3075403121202097,0.15502945998918743,5.679958336666035,1
1963,0.8893715028658926,0.3930081200260342,5.223228084254666,1
1964,0.0,0.9395336384656582,3.4245236392596006,1
1965,0.5553933464755326,0.13396069765083798,0.03620223825513591,1
1966,0.30024530648049996,1.0,1.512705701778902,1
1967,0.27298415877667387,0.6174037825374817,3.9630041040125463,1
1968,0.05424400263600634,0.7060942724696052,6.2466784871143135,1
1969,0.9896400252161273,0.05166695908655265,0.8139200666156501,1
1970,0.7242312326905987,0.9545942579987504,5.236923850239356,1
1971,0.8526623844904921,0.14934948489162098,6.1753862330644695,1
1972,0.668506001134745,0.25670666944198994,2.2053798061740886,1
1973,0.37152340372268106,0.0909007937435639,3.9678301547138863,1
1974,0.0,0.18211124738368836,2.938582030299205,1
1975,0.6012332023349581,0.0,4.738207186031728,1
1976,0.9695825963701055,0.0016557257754332764,3.332769553750856,1
1977,0.0654140483720602,0.8097521126136205,5.0069284124258155,1
1978,1.0,0.9807417897892421,0.18760745413198981,1
1979,0.24808721500913636,0.23679939502304612,4.4396384908962965,1
1980,0.42508667954141854,0.07493022946875165,5.654795630961555,1
1981,0.11358800646528557,0.38949766658151064,4.765834495150072,1
1982,0.6165891124792767,0.10962094530235166,4.654021645974281,1
1983,0.19948608358260816,0.7403531506645846,3.6880181751424668,1
1984,0.14352188626194978,0.35881148903766164,1.1556526727440923,1
1985,0.7199783717319291,0.0018251877524381329,0.057007721046237095,1
1986,0.09052368545760807,0.6108190601761039,2.3888979437040487,1
1987,0.326244640524915,0.8534252647378271,2.7194332041964953,1
1988,0.32097325957785156,0.7769652462502543,1.146216404779278,1
1989,0.3948898699481635,0.17892264610417555,4.136320670524491,1
1990,0.0,0.8987357400399685,2.375487095057928,1
1991,0.5233289403958733,1.0,1.241559564955392,1
1992,0.4265552208633033,0.44198029685736473,4.921749624867781,1
1993,0.8187209004317463,0.05641326575870723,1.594581404074505,1
1994,0.8740055023488824,0.3028956888959507,3.753508539243337,1
1995,0.3784312422099783,0.9992131749131081,2.741084302399525,1
1996,0.8169980424117516,0.8302905193369053,2.304779363198774,1
1997,0.5071265171876833,0.8745561202485721,3.4550490836618253,1
1998,0.7986611201703795,0.741234288630715,1.8764615073709876,1
1999,0.9888025424066696,0.512091156722064,1.4709550406834255,1
2000,0.4161272308624613,1.0,1.2234073088636306,1
2001,0.06872426442818404,0.36238316918732616,5.4026059130649555,1
2002,0.31579454708318727,0.7370752591384482,6.171678203074037,1
2003,0.2387375899748014,0.5101757315986134,2.5173758862313105,1
2004,0.20768561452889048,0.7730483043350701,2.1966808341795865,1
2005,0.19861067706227645,0.19416249866717794,2.8592297231085975,1
2006,0.17631004984308649,0.23614280004155128,4.842705856890654,1
2007,0.8219622029952781,6.27082585061064E-4,3.3739032592819997,1
2008,1.0,0.11427234292421722,5.598985302791983,1
2009,0.0,0.4313096625871009,2.8891031616799836,1
2010,0.38186031155578615,0.0,4.716123657946524,1
2011,0.03465407203691452,0.9621113229384748,5.5801335076337875,1
2012,0.2691472233276073,0.06667531914088676,3.981100471308147,1
2013,0.343710112360531,0.9602871252825972,0.8106196472435988,1
2014,0.3540944296878047,0.15827874051255125,4.587521663479095,1
2015,0.8565816165458677,0.5229981028019212,1.510060051314383,1
2016,0.8194844465387898,0.3599830250258645,0.9985107238826894,1
2017,0.9991417486421651,0.25694046589801484,5.62435724489795,1
2018,0.41845535960351554,0.7266730511477166,4.872281484179272,1
2019,0.7498813366420127,0.0,3.454554766115179,1
2020,0.02982356061181029,0.6285595772466855,3.788482708941569,1
2021,0.7984386498046495,2.4092785358343884E-4,5.6380887718504535,1
2022,0.0012871356589800585,0.21162507831562125,3.1288575162487384,1
2023,0.8446320117859246,0.7502912973564398,3.884603933512878,1
2024,0.9769260255908019,0.20694195657245917,2.113466138764416,1
2025,0.0,0.8743098518714544,3.6281972292194387,1
2026,0.0037703358325364865,0.23058793583982,4.227973560004191,1
2027,0.4817220900384318,0.24508461781860136,4.2875250622814205,1
2028,0.10671195740276418,0.8605048480773297,4.475440454147879,1
2029,0.749372538952572,0.3281536335922581,5.476112160847405,1
2030,0.6757838160798151,0.619889656431036,1.7142766026378453,1
2031,0.37662070338211384,0.45197131938442126,1.4633460716330682,1
2032,1.0,0.18090822888165156,2.5280070434188784E-4,1
2033,0.4589136854702067,0.9917481354917115,3.6411108519617845,1
2034,0.41683582437679206,0.7010130590847471,1.8888068827947975,1
2035,0.44794532698136236,0.0017669616404974494,2.6509075680383405,1
2036,0.9059705221188825,0.8371020451312685,5.625674306911796,1
2037,0.24228485993699395,0.16555959573522028,1.417823914954767,1
2038,0.8640993959473107,0.0,4.67954369757317,1
2039,0.4017806176735576,0.293793076097322,5.60711969933599,1
2040,0.9787084424586007,0.38060271866690143,1.3631104094229403,1
2041,0.4290799487055954,0.17374681660570976,2.537696474369384,1
2042,0.5301201674582569,0.33832785940118365,0.6393432621003976,1
2043,0.991027886368574,0.07110082261474633,1.3634228183064028,1
2044,0.1971702906415162,0.17018908314525183,4.470197164717425,1
2045,0.5655389112880358,0.6393041790628979,0.6806739571387547,1
2046,0.5617699021735482,0.6300222502168032,1.7657710970413067,1
2047,0.3656587466897544,0.9010892401017875,3.5475825447827294,1
2048,1.0,0.9466668373674632,6.202178369065258,1
2049,0.6278895762481956,0.43374704024741056,1.7499746507329828,1
2050,0.7813324232489546,0.7406454365145378,0.3398795894897753,1
2051,0.5039511013159632,0.5614237593175848,5.127702521117378,1
2052,0.617841440375277,0.6796174850368568,5.042395301805186,1
2053,0.3194481762955249,0.7070536449139618,2.7047292131418255,1
2054,0.43041870126397,1.0,1.2278335315768636,1
2055,0.7861709034764442,0.5206475098444766,5.0682965618733435,1
2056,0.9422189277822941,0.13667502006501184,6.00337473612233,1
2057,0.7723185219542107,0.23133212988988097,3.4623342652300075,1
2058,0.7204800981951694,0.32603386835929676,0.03258825854278135,1
2059,0.1697903468739686,0.5941042786818952,2.6241967071460466,1
2060,0.5507392221272458,0.10467101204374035,2.8716103829531314,1
2061,0.23660540537509478,0.0,5.249840250773852,1
2062,0.9592269504398533,0.8427548821296001,4.448825386232594,1
2063,0.5171581405930712,0.3372191539504894,4.078758308736236,1
2064,0.5071006601848741,0.41941356551028103,4.074965502766539,1
2065,0.7120532457973843,0.9715060362661,0.49024791325544465,1
2066,0.039586758325628385,0.12081474550723056,3.307954888875587,1
2067,0.20017578051655402,0.8753485847715902,5.220192842506684,1
2068,0.5288543026282563,0.6686012898700038,2.4514948205305216,1
2069,0.0,0.5875589646967946,2.7341620476455737,1
2070,0.29205891361665404,0.4648044735156005,5.786607811808331,1
2071,0.5644845108293713,0.9422133621051823,5.744598914883496,1
2072,0.298868378452916,0.6430297278668804,5.847168566880897,1
2073,0.9993376664690269,0.9700516509186374,5.366813782479776,1
2074,0.23208007749435347,0.8986199018998811,3.8722957001837552,1
2075,0.9985800228157835,0.23552409798701082,1.4005176232959167,1
2076,0.24100508984575517,0.7002926928128775,3.033280103931245,1
2077,0.11060405491094022,0.5070289623126916,5.365006823912243,1
2078,0.8854387155784135,0.7882347878933422,4.277641511211936,1
2079,0.9143722117483838,0.09210011218334631,5.015912658965977,1
2080,0.8042231524870422,0.30625023660237416,3.0383734501391473,1
2081,0.3370799239535384,0.7803865984802567,1.3436796865188227,1
2082,0.39026609688486325,0.0,4.541018712718945,1
2083,0.5435014246096249,0.33086325452730625,5.805770093268854,1
2084,0.3919111088798817,0.16538466390401535,2.7042892055330348,1
2085,0.0,0.9619570765748459,3.39737083242851,1
2086,0.16195320546394693,0.22711284049562283,5.867484786501056,1
2087,0.7914991814390783,0.009209259072234716,2.7652080346287606,1
2088,0.4813256272440611,0.5827339838459972,3.9222170023402043,1
2089,0.7693057244491915,0.0,4.087378342622056,1
2090,0.4959641843391281,0.5692352999944489,4.05225651712048,1
2091,0.22548686190256761,0.7648194008873562,1.1340973990137726,1
2092,0.6858481103786399,0.07883628698731857,3.650442593707133,1
2093,1.989578225066647E-4,0.07128363811088008,3.9289763088516167,1
2094,0.5864639991520256,0.40430887587644987,1.7767207060601504,1
2095,0.9999767828494003,0.9572170550992068,4.683363466735435,1
2096,0.5799589812191249,0.7832182676237526,6.182588228325799,1
2097,0.06994042837441251,0.6611649040877458,0.11656703372567699,1
2098,0.49824640446158297,0.0,4.144149344943667,1
2099,0.8141804202919869,0.8075561819424049,0.6797578069717977,1
2100,0.4208821732467641,4.745365021955458E-4,0.634991445992066,1
2101,0.5974624046076292,0.9391855241727772,3.9941476399900577,1
2102,0.30900605959606187,0.4387819220145,2.7800999258410553,1
2103,0.8196084869231073,1.0,1.5439577544369987,1
2104,0.14655967470288897,0.8738374534800831,5.4476482578530545,1
2105,0.663761208398306,0.06950153317040005,6.220493032242685,1
2106,0.7578514195262748,8.049696510960427E-4,4.470468854846499,1
2107,0.2726977450749027,0.18524686113159775,3.9941057618827194,1
2108,0.7699489213179818,0.05310241131497891,5.6030593806747735,1
2109,0.8215938589444575,0.037919172187022204,1.7021634633620657,1
2110,0.43081466153390713,0.8184980358287078,5.48051654216151,1
2111,0.3769317173993344,6.466922013674112E-4,5.811007454654592,1
2112,0.0332477721325899,0.21249718348755553,4.183584818093689,1
2113,0.99804373322133,0.9996903751765865,5.885775807801272,1
2114,0.999136001825594,0.8356444713722898,6.273348811511213,1
2115,0.3414830954844262,0.22735878608018759,4.072506653573778,1
2116,0.1529421819975728,0.26136041864720094,3.073439593468389,1
2117,0.015209137290986403,0.7241333266917007,0.8557057326631823,1
2118,1.0,0.02564961618239678,5.617858637808158,1
2119,0.9486604150301539,0.8325487087248082,4.638133778828881,1
2120,0.9161476669258739,0.6395364445383533,6.20344362612526,1
2121,0.4910673515874944,0.13212256691516372,0.9780052309659987,1
2122,0.2600034424429612,0.6081203358270292,2.006062588327413,1
2123,0.0,0.04211528536459903,3.143284845893481,1
2124,0.0,0.251978523805922,2.1559287336327877,1
2125,0.29870213914332805,0.07947140696942369,3.0695879884968127,1
2126,1.0,0.024669794989879455,4.935758436112262,1
2127,0.46688445561241265,0.5646572093540507,2.173642889519874,1
2128,0.22751435188351307,0.9984482461033781,0.14727197949754012,1
2129,0.314063267909519,0.4117605989598194,1.0952016331677723,1
2130,0.2624434878326395,0.6321301218844811,0.5575286221165398,1
2131,0.8331708144559433,0.7653968037868122,0.23686648513729727,1
2132,0.8769488589644479,1.0,2.0854300093991123,1
2133,0.9748321919194524,0.4586181267892842,5.530520310515737,1
2134,0.1852472697410742,0.3230729819524932,6.087999775301618,1
2135,0.042926500617663794,0.6334463939796922,2.681541347006066,1
2136,0.6854183605877645,0.04550112621762139,5.647236720171685,1
2137,0.6612275196610575,0.9219598906498703,2.064372461583042,1
2138,0.9923407586688536,0.6395761999282666,5.324088498311779,1
2139,1.0,0.6385513515807173,1.0051665030306245,1
2140,0.8395399123377243,1.0,0.14284474335623187,1
2141,0.5368981299530438,0.32854264316922294,0.5721095178465342,1
2142,0.3193361946069398,0.03204977255766038,2.71372160121987,1
2143,0.6885957090793853,0.5302961737023311,2.90230760089971,1
2144,0.3261847730442987,0.07112967351374808,4.027849666953332,1
2145,0.795997813637686,0.5298296374897572,1.6210273991814568,1
2146,0.13605411449574212,0.3950176348964913,0.18215769577910684,1
2147,0.42410533798200933,0.0,5.833080758314421,1
2148,0.6750202299192501,0.011201063656377514,2.999569829797037,1
2149,0.22673718067077195,0.028840570350559456,2.5175237994326873,1
2150,0.4252888145673222,0.7810466493208962,1.348791865929517,1
2151,0.21191697560155448,0.7813856834795143,5.034287268645542,1
2152,0.3127901089750978,0.46959195558439504,4.98753965866429,1
2153,0.025568410976400606,0.0,3.345381382977417,1
2154,0.9059900324475407,0.9289901046225651,4.88263983757826,1
2155,0.7937262158390845,0.7054416277767347,3.5283996400538555,1
2156,0.40407519298910777,0.3735999397504559,1.875585345024028,1
2157,0.0,0.028520303282592366,2.819372754836461,1
2158,0.9986529722953389,0.0,5.14983684548512,1
2159,0.15409358965828626,0.5814918122678093,2.1378017981918687,1
2160,0.7242152460149135,0.09649559105307094,2.2272541688976135,1
2161,0.03308449803921573,0.3336340788775247,3.961235467743686,1
2162,0.14866865737684834,0.4493281377214501,3.163066381848242,1
2163,0.11054408981356187,0.2501345450725448,6.266688687713743,1
2164,0.8306175642159745,0.3678084283911414,3.019042677412117,1
2165,0.4659056589159765,0.6152667730742954,4.7644577714553575,1
2166,0.5196741517200842,6.838946958642679E-5,4.3411164811068,1
2167,0.007547288806820248,0.8054350102405831,1.57647686160693,1
2168,0.4627305020835864,0.6612902662418135,1.1800499818323162,1
2169,1.0,1.0,0.9963949994412825,0
2170,0.8510961605666303,0.7445545151168186,5.2775064598406685,1
2171,0.5590183864562197,0.6781282874603385,4.045096607188064,1
2172,0.5352596646255144,0.926858951823246,4.910809584777591,1
2173,0.10517275251217466,0.7914907918976334,5.5536567248394455,1
2174,9.027534109882577E-4,0.8785205245850132,4.838304104472908,1
2175,0.37786574104192655,0.6488670889926083,1.9351178429985953,1
2176,0.4517245487323906,0.27764988831808185,3.905821827349311,1
2177,0.3201222265084437,0.6277640775956653,4.503534937197268,1
2178,0.7415604140565931,0.31464542372267257,5.782629790571379,1
2179,0.0,0.930967671843952,3.3277750039794984,1
2180,0.38136103712190134,0.881848968983857,0.34771945169403395,1
2181,0.9475983823229477,0.15001550404597505,6.108153351243469,1
2182,0.08384991930866735,0.12421036749369473,0.7350255783848721,1
2183,0.876880204570873,0.6422421087857045,5.798948884381863,1
2184,1.0,0.4294997351366896,1.3205416362381015,1
2185,0.9095461041043337,0.8742119339448156,5.309997992845633,1
2186,0.9960277546593187,0.0,4.920189440253052,1
2187,0.8448113652444277,0.29349876395130964,3.9138241072238373,1
2188,0.3955257240076781,0.3869472330835123,6.081512676135392,1
2189,0.0,0.22800035462918758,2.185503499895782,1
2190,0.9789102377468891,0.0,3.242721084797742,1
2191,0.20189770561052964,0.4682454587513105,3.384805692453432,1
2192,0.8489278073043364,0.6958952127608561,1.115809492511515,1
2193,0.939926198549049,0.29022960735955117,2.4665538706649888,1
2194,0.40318707822815353,0.1276118136316727,2.611642149808879,1
2195,0.9045976204343689,0.9627846007436802,0.13239605389751458,1
2196,0.780636106753547,0.6620774883258017,2.9821412054120344,1
2197,0.6282421955586838,0.05410920419288082,2.9053055895054345,1
2198,0.24257962472698003,0.9565569681070536,4.255714460447476,1
2199,0.6990630403909769,0.2352271337264562,5.9031798575527095,1
2200,0.035269972761554226,0.6223055240669082,1.0574756407309165,1
2201,0.60578210660596,0.4828982442544721,3.2606430367469845,1
2202,0.9573836176384267,1.0,1.427698371365195,1
2203,0.30106494204581846,0.2578322802886611,2.4194326707417835,1
2204,0.3333917743563764,0.35752270142034126,5.594364692103585,1
2205,0.7694945647525695,0.03878521863087128,1.4117440589055388,1
2206,0.925341681019885,0.11193515715795567,1.153954729207742,1
2207,0.8027843809529045,0.7042174070255047,2.704165131143848,1
2208,0.6442053571153985,0.4020109441979813,5.906527402346611,1
2209,0.8628239464211404,0.999870861794922,0.9989083491423236,1
2210,0.6207781898128716,0.9005851152530251,3.2665579923154175,1
2211,0.011573250318859281,0.28121134037476603,2.962553034665445,1
2212,0.3637126086002356,0.9759802584714194,1.4585355569551046,1
2213,0.7568466784562902,0.8978700373543845,0.526919591763271,1
2214,1.0,0.006517636542220571,0.47471230665703534,1
2215,0.18346543273952728,0.22126828533607118,4.881785550805278,1
2216,0.18755764279422005,0.8101187501995686,4.0431760627164435,1
2217,0.992926480862975,0.3418566623718157,5.508304663742249,1
2218,0.6355363199466995,0.6964693447857438,2.5808152488666813,1
2219,0.07729591564218785,0.8346079842632231,2.600529144283632,1
2220,0.03766148290545776,0.26831812553602313,1.5110736347133624,1
2221,0.8304853871084423,0.9266725531892326,2.4996384100484415,1
2222,0.3751407666232352,0.4428515737550488,5.9901965401026915,1
2223,0.5915689039287002,0.442929463601837,2.6826826567251394,1
2224,0.08942397798188578,0.22116295227014676,1.5438408135460286,1
2225,0.1739446149593849,0.7746244600343397,2.753321942513521,1
2226,0.963820169483425,0.0898382327552581,4.816679337651733,1
2227,0.6376835659992881,0.4509475771007131,5.416054030285498,1
2228,0.1386166922478168,0.8945936839187255,2.7074606854398575,1
2229,0.9560626028393564,0.1414112725846155,1.5441619759934433,1
2230,1.0,0.18707813980430843,1.4483672669031524,1
2231,1.0,0.8680391754706117,0.2596803181635903,1
2232,0.8302188652101719,0.009720590222153325,4.586230754545646,1
2233,0.1915065226237086,1.0,1.2370608097370117,1
2234,0.12958802307598224,0.4480815919687861,2.12130622787738,1
2235,0.41730918891432117,1.0,1.5492271772346105,1
2236,0.4675148844197432,0.6074073243021503,2.5568635530087973,1
2237,0.4116078899890709,0.42378502448723,4.694971303477818,1
2238,0.4034632879344864,0.5995686024788435,2.2802761780920315,1
2239,0.39649282828427573,0.2991542498245489,6.092254581573257,1
2240,0.6663819316310804,0.15228219335897974,0.07041156806698531,1
2241,0.31113706250851103,0.4495761806884269,2.6551819990069148,1
2242,0.6102923946596429,0.9409008294711315,5.593340363377444,1
2243,1.0,0.4197427654832364,5.469115634796192,1
2244,0.637975386926245,0.6184648637420185,3.1592319600189946,1
2245,0.35187066166861475,0.1937895926361735,4.939154900739369,1
2246,0.9538236058389532,0.09139942668924143,6.061527160939304,1
2247,0.617763244038154,0.07844853485549605,4.316183925240993,1
2248,0.9293999362699839,0.08423209473811787,2.317721970804194,1
2249,0.5338748631096087,0.4570649822610385,5.337172705754475,1
2250,0.3067470652392991,0.5543724710990263,1.79984092404967,1
2251,4.96455981058926E-4,0.21654419490393775,4.225760433693964,1
2252,0.9498718481312806,0.12478942332023024,4.069089898070001,1
2253,0.32140611204569014,1.0,1.1601284810296377,1
2254,0.6555693416581774,0.742636978483514,2.262296354749757,1
2255,0.9113218789988254,0.2555693961406464,1.1993416124279688,1
2256,0.6455563327457525,0.24322645451334013,4.482589502210157,1
2257,0.7623998381181939,0.0,4.951233590969545,1
2258,0.12376565102528812,0.4804936365432581,3.314634567752854,1
2259,0.21430927754620985,0.9624280053747147,3.440320166761501,1
2260,0.29791434595410954,0.1971702363154622,3.4068337003339795,1
2261,0.07640705154298293,0.9222154610222869,5.216452319391299,1
2262,0.26614500103522115,0.9989235555675547,2.091416058202629,1
2263,0.7997742503103735,0.6927115416149106,4.7870334063257705,1
2264,0.9978857037606113,0.7434532946535064,5.357120231029381,1
2265,0.38362177807884845,0.6451486643154508,4.922740103775827,1
2266,0.2632221938563704,0.716174447949604,1.0935575215057138,1
2267,0.6223373755663635,0.06474337991154948,1.5893550047657035,1
2268,0.655346834912341,0.48096643241592074,4.90827613177633,1
2269,0.0020153387801539633,0.7346295625510232,3.4477318031354014,1
2270,0.8195937179025424,0.3016246475991884,3.889289030504934,1
2271,0.29747530609810224,0.9970858310479154,6.009959321282714,1
2272,0.3441146448620907,0.18680822449178083,0.7511415149781402,1
2273,1.0,0.7501566759570022,6.253819295069808,1
2274,0.0445175544755022,0.29820549329473994,5.688565742908769,1
2275,0.038321523877840505,0.3672147537438939,0.9880530052975879,1
2276,0.3332105319589572,0.42068465697760954,5.1469902175900355,1
2277,0.002367919080805628,0.8686454776480892,1.6536538687802045,1
2278,0.3362528164740348,0.23466219805706556,4.164658699312747,1
2279,0.0,0.42437626116717114,3.109273164645846,1
2280,0.3895594697018815,0.6147171294764938,3.901420112370742,1
2281,0.7725498594199052,0.20010422170015463,2.5884955525997007,1
2282,0.7191227152920837,0.027337957548109554,1.5117087288677902,1
2283,0.8371480072025111,0.9993634800383576,1.285122908258931,1
2284,0.46415779257136447,0.7743045983785999,6.121532190505635,1
2285,0.2440570999307607,0.07248543815643038,2.5042015234873247,1
2286,0.8170080421439192,0.5890624685784616,0.4990076523579546,1
2287,0.5506794180666953,0.2645957405229723,5.086463794814221,1
2288,1.0,0.7189842464544067,5.52486038806257,1
2289,0.2303583198225603,0.2516824536697697,1.4845692615167159,1
2290,0.457771507651184,0.8195020650936038,0.052527733680277286,1
2291,0.2564523010263955,0.8797727949540392,0.6247143096544077,1
2292,1.0,0.017612400094527806,1.0091184521941456,1
2293,0.5367513861000157,0.2778082679000982,4.351783976003542,1
2294,0.3791984868245707,0.9508670954007766,1.394540532426752,1
2295,0.2226334337519862,0.7918258859484469,1.3874633392910931,1
2296,1.0,0.9637446108393786,6.27349139833052,1
2297,0.08769952154843065,0.7383663608357952,2.6004491404979695,1
2298,0.6664785034685662,0.8976892945220725,5.387100706806352,1
2299,1.0,0.5913019935608501,0.1436020504695828,1
2300,0.4078697474102536,0.8692756800324275,5.4816767114359966,1
2301,0.25154628985859745,0.10095132954464754,3.406095930714648,1
2302,0.19462839352645275,0.6699115011619907,0.1866348011071081,1
2303,1.1699269468546205E-4,0.16338245566724682,4.543533600231546,1
2304,0.3962828431258146,0.3763878461415653,5.721630009985614,1
2305,0.5212916138859761,0.4794646383418986,3.5698807926159426,1
2306,0.05068532124052343,1.0,1.0401760821161405,1
2307,0.9983687434850973,0.43339753769366307,1.211508219283378,1
2308,0.5175867350716077,0.3476225829937424,4.755241664994642,1
2309,0.24889897764608693,0.468752870165154,0.6502941279480593,1
2310,0.16208566109293066,0.9349727622465456,2.8137533050673103,1
2311,0.8606494816660768,0.602697307415393,5.2014036747258885,1
2312,0.7101877609242719,0.6374647422276682,1.1536659048134772,1
2313,0.2792908149650889,0.9242670603851566,1.5808939777755922,1
2314,0.1261878904757043,0.2770484318215104,4.30391303438627,1
2315,0.2430276172407143,0.9993146594738438,2.8821564919231433,1
2316,0.8990763925270072,0.6647186657146439,2.3115640675499316,1
2317,0.8715796072796852,0.7124659950109142,3.8022263407393133,1
2318,0.33903950025332885,0.501361406410244,0.26881250151665764,1
2319,0.5872830262500737,0.26293891341348796,0.7740581489099312,1
2320,0.3988693321151317,0.9932771413617434,0.0623077914920831,1
2321,0.3655985264008619,0.5534069534452447,0.5577916767548449,1
2322,0.32903594326043084,0.8527345020256369,2.0643606999942734,1
2323,0.4500900654206381,0.5707527949415293,2.4864933611114624,1
2324,0.8022889615023759,0.25592754570096277,1.5507633887095627,1
2325,0.48347133195505265,0.8311542479153105,4.2517148278449675,1
2326,0.7519192517675937,0.18698019408688837,1.4601315860906887,1
2327,0.6450509261673452,0.537332232434418,4.456973936122318,1
2328,1.0,0.9422177179418117,0.5698073683806113,1
2329,0.8103300619436528,0.2806727865518134,0.48442847973018766,1
2330,0.04043415115191714,0.0011047987453769947,4.758794764404202,1
2331,1.0,0.6296028719849983,5.837895781831945,1
2332,0.7437031787813304,0.3747834365906181,4.665581052578108,1
2333,0.591783039732276,0.06806038432201586,1.2677110265752252,1
2334,0.939871281515385,0.4144435549070594,2.680683407314368,1
2335,0.8674087284340153,0.3911657745345005,3.4725583352349716,1
2336,0.37201242114907956,0.7734959713293539,4.966100035578311,1
2337,0.39335929070089903,0.8933469685241325,5.336913044122323,1
2338,0.7478989961220475,0.8422111257352315,5.605344566308662,1
2339,9.817051891493228E-4,0.2520915494548051,3.4928388722375963,1
2340,0.09517889196966585,0.5898257228576728,0.605098957979416,1
2341,0.7444569068424423,0.9051081339237748,1.5300122791043154,1
2342,0.0,0.8384550575272769,2.696286816534954,1
2343,0.190986715131421,0.4654563839427462,2.9602618061664816,1
2344,0.0,0.801077771515703,3.450336533255012,1
2345,0.3623611476401647,0.9535995431473195,1.2867070309055475,1
2346,0.18909611590192452,0.8261492424044934,5.676973105438256,1
2347,0.6445875047988263,0.5434681901535325,1.673135264008657,1
2348,0.14179897635650524,9.97305784041421E-5,4.837937766640568,1
2349,0.9431498745397041,0.031472825018990847,0.4990383979145682,1
2350,0.7962346673303242,0.06674429761887113,3.703266339621533,1
2351,0.5350755004688187,1.0,2.5123670539641854,1
2352,0.1916058270347404,0.004912672529321545,2.343324262675988,1
2353,0.3984019859532105,0.1308322158883506,1.611652679827716,1
2354,0.7259954831495268,0.4186929257051639,4.035503132975777,1
2355,0.011815515148110606,1.0,2.069477875352514,1
2356,1.936461553123858E-4,7.601591493565668E-4,3.813276213709411,1
2357,0.47848815863728383,0.9965639315941668,0.6372673605671297,1
2358,0.9687252169032923,0.0,5.742232717430631,1
2359,0.03251510417052512,0.13090418201827067,6.066721499264,1
2360,0.44470344837059966,0.9689556265092443,2.846666330202984,1
2361,0.5655754212631086,0.7465842322115298,3.3164289981272366,1
2362,0.00272342941931302,0.2528205115454336,2.611676735305023,1
2363,0.4441276913849791,0.31241696387757817,0.38107321962953017,1
2364,0.10819206765736603,0.25967646940346506,3.0827021377298447,1
2365,0.9989725326156322,0.6454631121622191,4.919936132485764,1
2366,0.6325598915101116,0.29241197523021684,0.7352873378653909,1
2367,0.0,8.032002237017515E-4,3.62916181939694,1
2368,0.0,0.15099901193993237,3.208462713240256,1
2369,0.5344565330339728,0.4431064662266757,4.465943940140708,1
2370,0.5468033569268078,0.41215463765899524,2.694213254000985,1
2371,0.7953969404245486,0.5978757672543591,3.3239051824065324,1
2372,0.4319973773045241,0.5134002764533353,2.1569195645818042,1
2373,0.9902918481833975,0.20342074593953013,1.678247765821404,1
2374,0.30502243101779913,0.5104323594692285,4.867219726491002,1
2375,0.667532398909382,0.011008831607951165,3.114171433286523,1
2376,0.9042073081155159,0.027934999571905882,0.17155177345547223,1
2377,0.0,0.174914050812527,1.8282420047446406,1
2378,0.7419745405769255,0.6642340981335121,0.8667390483349007,1
2379,0.9956198131120858,8.050474917843379E-4,5.684995201404694,1
2380,0.1790107046679418,0.9841099698590214,6.003836843764279,1
2381,0.8873634910008942,0.3241751522294015,5.028838828641512,1
2382,0.3132968727707043,0.8275395607268385,6.112949623515758,1
2383,0.11356586656010013,0.31851449488773576,4.581492691112599,1
2384,0.5578403289536634,0.729450037860844,4.299961454471143,1
2385,0.9458243588706444,0.7301104244978789,2.724175331629004,1
2386,0.4250849322209362,0.9725823124568902,2.4182871272160944,1
2387,0.46584274375557894,0.46069373995490853,4.344313302492173,1
2388,0.5387457395299221,0.6259844006550014,2.3237367962248237,1
2389,0.9142229326252014,0.34812076326322866,4.220188107815167,1
2390,0.050810593807559055,0.8272279079693658,3.891295577332297,1
2391,0.002155196477881225,0.11539559255487157,4.406193558408809,1
2392,0.999802748499883,0.04468093526148508,0.14379539744287895,1
2393,0.47247114621958874,0.3806008521531992,2.070298195912043,1
2394,0.5681116267235479,0.5232953301693757,5.724271965955767,1
2395,0.0,0.14189754001130492,3.1804657593996004,1
2396,0.704927065128323,0.033515462418752806,1.8888707031055696,1
2397,0.8442902203060959,0.08701456144901243,3.965898825581083,1
2398,0.12474651891007524,0.8165572192994712,0.6428734178353666,1
2399,0.83419196659011,0.22802637937433748,2.1903825091546185,1
2400,0.4296797049809383,0.3541394933110372,5.402982604903528,1
2401,0.11662576299302131,0.0,4.081810355835989,1
2402,0.006143735424628314,0.42525572944046003,2.35834235768486,1
2403,0.6863162057601887,0.6233520621801678,3.4205354588685593,1
2404,0.4340655200286125,0.01392032826212623,4.009752226994476,1
2405,0.73189236687374,0.9321672276276866,5.330577971204446,1
2406,0.21686311006074518,0.09181152096493761,2.465751638303581,1
2407,0.7091075732029901,0.8376459319615828,4.974320905373551,1
2408,0.1782851594052276,0.2667270163473714,5.136001937431169,1
2409,0.0,0.9799764014861453,4.499523420318967,1
2410,0.6285649886040741,0.40350566982208896,5.326558128168625,1
2411,0.0,0.2230408634717914,2.118808102906855,1
2412,0.16316688286143669,0.9187461358369593,4.704689557090416,1
2413,0.6495233188961854,0.5409425662433142,0.947109546707519,1
2414,0.22314680216164284,0.9986108033175358,0.12955112533770652,1
2415,0.5940034720843479,0.3561265384854448,4.868242123598286,1
2416,0.0,0.9923703652747659,2.9255370255481905,1
2417,0.08851566506371031,0.29012068581974787,3.2228264168163743,1
2418,0.32656141430871916,0.5193016085804181,1.3058344980147563,1
2419,0.5231295510956671,0.6196622561230849,4.165457226266714,1
2420,0.8920142146478003,0.6796426102641939,2.088656787680242,1
2421,0.16067586934867328,0.11215050782965921,6.225708861895125,1
2422,0.4157360775118491,0.5449546001901842,0.5125017699779765,1
2423,0.08278233411215691,0.14243291452536008,3.3178433513156813,1
2424,0.7039568197158089,0.7738077040951521,0.6296242982603583,1
2425,0.5005817900242955,0.6117319543877291,1.7284494352681088,1
2426,0.6185163133805524,0.8262462993296174,2.0270178515329853,1
2427,0.4862438154045097,0.05499607457089903,3.0830619739329626,1
2428,0.34340693332957933,0.05722219640710762,4.540957957821801,1
2429,0.2730380448196926,0.7902651754133805,0.3541117780618881,1
2430,0.502696606789403,0.9016574992008666,5.642321811806632,1
2431,0.6952203016673615,0.679947585924672,3.7406269224535356,1
2432,0.6036668466865005,0.6561633574872376,4.46102326319697,1
2433,0.3731963606655614,0.006212601171722557,5.891972539430424,1
2434,0.007894828155958353,0.9493622613296129,2.864905777273503,1
2435,0.01779372485838264,0.38763371266777946,4.925947210965363,1
2436,0.3299943139898453,0.32888289269367565,4.5120937076791545,1
2437,0.18268397825706573,0.6908032544891459,2.1341108836844067,1
2438,0.7512327502986731,0.22375637363711504,0.3256628399318251,1
2439,0.0,0.700497553572938,3.3000904421054233,1
2440,0.930007992253074,0.2801236102171649,0.9180819139804257,1
2441,0.0,0.3478607232349541,3.717747102401769,1
2442,0.6168268610724904,0.6050826508622964,2.438965427842555,1
2443,0.37839777291553084,0.46844868082244345,0.9860177523333765,1
2444,0.1276982199829882,0.032368224077890334,2.926840718142398,1
2445,0.33305331984413056,0.7422395568573331,1.4888167558099439,1
2446,0.10829083771056185,0.5604234620781898,3.3435973182011542,1
2447,0.8757958457228302,0.5690808979867102,1.198888819881231,1
2448,0.258935324985542,0.47589241848941627,1.4586730224978404,1
2449,0.056559910354109386,0.7267202385170904,0.7161772905621039,1
2450,0.8822765620097103,0.9904100146237244,2.8732721204275697,1
2451,0.0010340614474118404,0.39017877138013013,2.051640749169494,1
2452,0.26263170429029475,0.003963550378973099,6.086901378696804,1
2453,1.0,0.30464433019563053,0.18390917259982803,1
2454,0.5137882270092743,0.8184839633866301,5.574359895719646,1
2455,0.24327389089406637,0.816674650730933,4.940978371599715,1
2456,0.952047903377882,0.7289097656969414,5.658272350923856,1
2457,0.3692170264859174,0.45148954177079176,0.1449031725665867,1
2458,0.8421436580678815,0.0,5.3116996493403,1
2459,0.7005768548457512,0.0015804989458909299,0.029971190884157117,1
2460,0.34813253348619694,0.2597161986274513,0.9041259402043077,1
2461,0.7374828404507007,0.18174699630223146,5.035939254351376,1
2462,0.4263187439496692,0.15321896789357026,1.2934822299594644,1
2463,0.8032102055357967,0.2997703902963852,2.3716051420089674,1
2464,0.9949983998133125,0.945990175023822,1.0533011978240288,1
2465,0.43024275244591703,0.652969703764759,1.2944665941526186,1
2466,0.9336796863469525,0.9367718121678527,1.1268703787618515,1
2467,0.9700974763179461,0.9222102261421407,3.659032358659442,1
2468,0.4765535555692431,0.9925999778634769,1.0414368160826788,1
2469,0.26332983113935354,0.9675458863954516,1.3631709636326677,1
2470,0.22379557147870172,0.4750233767139531,3.9334618346148593,1
2471,0.3016474020354755,0.20520411457839569,3.124161962143347,1
2472,0.2872316576100541,0.03020374332468978,5.596623480657159,1
2473,0.9241785419217811,0.9152523626448746,1.1213400475446944,1
2474,0.3673222671249781,0.5983909882393689,6.147437143324029,1
2475,0.5123831622663167,0.0,4.793551732553695,1
2476,1.0,0.11149130981733477,5.831327567482471,1
2477,0.9998373057908001,0.0,4.877718147496512,1
2478,0.6768187522514918,0.28595714806562145,6.04106771849447,1
2479,0.7205274224750904,0.13568370613193548,5.308387130049247,1
2480,0.035472261396146225,0.3062038505271902,1.2592026465063093,1
2481,0.0,0.16527426380602517,2.564670314402489,1
2482,0.7561027645550642,0.0838986908888377,1.2384908031826019,1
2483,1.0,0.5533458549587904,0.8637877222839226,1
2484,0.412789423872363,0.10009912264976667,5.893309054749215,1
2485,0.294596778125259,0.9997941532469813,2.148494877264295,1
2486,0.5734310673470127,0.30775613137329694,1.2402838456317964,1
2487,0.5016892354409509,0.6829087426447391,4.4174423596125,1
2488,0.22346075476879576,0.5113105161566858,1.3586084408201209,1
2489,0.23189068906919635,0.8361657928225765,4.296365055322421,1
2490,0.76564694775356,0.17633011173656132,2.7471998674491216,1
2491,0.6924912730528185,0.3087848429290461,3.6180550499983557,1
2492,0.09814725797307898,0.97256906104608,3.3438377835038966,1
2493,0.8095176377028376,0.1412428781226603,2.632959692439966,1
2494,0.8503958502048623,0.5972754790714975,2.251370615944378,1
2495,0.6480534360428091,0.6451660849332456,5.77927040269821,1
2496,0.4771674437022361,0.21058600589485285,5.66190096526095,1
2497,0.6410994342951235,0.003883037128676999,5.112505513804822,1
2498,0.9993102747985567,0.005301832694362799,5.700023040385306,1
2499,0.6173479988492316,0.5712834307384784,6.1157125386755355,1
2500,0.7667967918320518,0.49046678574105457,2.9590427076512364,1
2501,0.6967858324047977,1.5396730439266892E-4,5.596823297515743,1
2502,0.2815931621327287,0.7130952934539047,4.744031578739682,1
2503,0.36253090208714395,0.15557640837868755,1.1349666660916382,1
2504,0.32986795060760954,0.9939439440488395,3.972121048778308,1
2505,0.427274166931916,0.06842827097925373,3.853317058717254,1
2506,0.6347309957851106,0.35172878959498716,2.6860352564609657,1
2507,0.9771099046704255,0.3370231708047404,1.228882421114259,1
2508,0.8180400397128171,0.5242704750791539,1.813192021468933,1
2509,0.1831719368433741,0.17787037280181875,3.085134583238294,1
2510,0.34002143580079625,0.9378451757948725,4.310347423136772,1
2511,0.3181826056188884,0.2602470831481606,2.3246981697613665,1
2512,0.0053501855919140555,0.2478398738555503,4.485182289892574,1
2513,0.9999888287874521,0.2985223905627382,6.1190960722730035,1
2514,0.21632798434862588,0.3718965263462532,6.189983420631586,1
2515,0.32466890604525905,0.6184352873369329,0.5636019868999717,1
2516,0.7713511623658178,0.263133759127054,4.854846814225868,1
2517,0.5062879723670828,0.0947481958580053,0.03445722985787203,1
2518,0.147277532453621,0.8378249958268996,0.9563841570435657,1
2519,0.6374954579425078,0.8832212162818123,2.8343595341399075,1
2520,0.673899542984894,0.23678970521317266,5.3285134455179515,1
2521,0.38828122793866593,0.44752592591007434,5.045086867548339,1
2522,0.10105580528294864,0.9888712793032243,5.524116853590337,1
2523,0.5240660300247927,0.1647131507331898,3.28126987553581,1
2524,0.7018764709316526,0.3795820480432485,4.169569235106072,1
2525,0.4688233219411339,0.41279510933460384,3.5542514526952416,1
2526,0.41323630541544226,0.8468009193796412,1.5216599149651213,1
2527,0.7195103321205352,0.36278786024045506,2.0183395587948385,1
2528,0.08919641581653558,0.29513651317010403,5.173307257433095,1
2529,3.9291421632960317E-4,0.040346788452124055,2.9564947500686736,1
2530,0.7448527804783419,0.843360705849599,1.8704291880255135,1
2531,0.9548938329680519,0.5392620021603564,2.2168763556447284,1
2532,0.4029614938509945,0.6203472455942932,1.2390226137307863,1
2533,0.6217571266482323,0.9421574699076349,1.232556850315714,1
2534,0.3694146435768644,0.3307751747340094,6.146311077585813,1
2535,0.06897067335204977,0.6048471077441928,1.4596113981366312,1
2536,0.8421251702669279,0.41233114379705943,3.238618096132595,1
2537,0.4901859184301832,0.4829695354110639,6.239955691909099,1
2538,0.8390210223388478,0.8255437595810345,3.34127586851761,1
2539,0.9852043311331734,0.9916021830244386,0.11180259731235076,1
2540,0.22984144831550424,0.7128446949762526,5.919312657485822,1
2541,0.6013459569647334,0.6251411484294088,5.869750909779417,1
2542,0.8542423609318326,1.0,2.045657810329117,1
2543,0.9374885398509031,0.6253527188705565,4.623051772304668,1
2544,0.044292768931235314,0.2199468888828902,3.09931258603185,1
2545,4.238389158410147E-4,0.393741826206009,1.5419342813060506,1
2546,0.03122210148315484,0.30620029418122446,5.318392730999618,1
2547,0.4418503243433598,0.0,4.388271437087434,1
2548,0.6729869676372616,0.5548954485008629,3.17058402613487,1
2549,0.8539391070635114,0.9852230845561825,6.1807239536042315,1
2550,0.7285219695923341,0.08896061070741397,0.16687511031515978,1
2551,0.5337702239373252,0.6062366614016168,6.262706478319438,1
2552,0.11519726546452334,0.748614514930009,1.349250234082751,1
2553,0.8331132378349138,0.9972053488389271,2.7143413725249537,1
2554,0.5755572111961548,0.0361116529559356,4.466937411938704,1
2555,0.4413857495801361,0.06400264854159597,4.003002699981282,1
2556,0.7675505026514176,0.5560206416512308,2.6369115405867154,1
2557,0.0,0.5882768112076775,2.4041278406275737,1
2558,0.7311249198038493,0.5071799059969826,0.4358344325363398,1
2559,0.02594442286203347,0.8427379604437023,5.759829439949106,1
2560,0.4744400384270596,0.409276269881576,2.6173213818033725,1
2561,0.15364455463069668,2.8184002114354275E-4,3.2306442170940155,1
2562,0.23210327969052938,0.11630923878088047,2.9236318863590802,1
2563,0.3616356351893034,0.21232494821215547,0.008894210385400392,1
2564,0.029969886109614312,0.6740743749735508,0.16787071903667256,1
2565,0.4815686013730178,0.1538378200395989,4.967321862933361,1
2566,0.3822020190441838,0.774211841580186,4.558923926090615,1
2567,0.012155760876341001,0.0,4.398452426112932,1
2568,0.07104657459296866,0.09004659380003106,1.333454754426439,1
2569,0.22353391904652412,0.7625116038425604,3.532340756945108,1
2570,0.817959921622468,0.3147219592964376,3.810692030294446,1
2571,0.06487766092590529,0.9972252913331976,3.1650438428711487,1
2572,1.0,0.3258220887148008,5.934568270294196,1
2573,0.9843601797398546,0.8875982725337994,1.7247319743350078,1
2574,0.11026044121881862,0.005645277043625291,5.025570875598963,1
2575,0.47240632839217434,0.18630643589138862,1.3238882850190647,1
2576,0.011694178647654646,0.5900961165337837,1.1577393177096487,1
2577,0.6364367508592785,0.42438666994462504,2.919981283179512,1
2578,0.459072550995048,0.02401210368135626,4.454445341615057,1
2579,0.5672545181303839,0.6809493390090492,3.5390639255807432,1
2580,0.044202392349314897,0.14291095447894,5.525615144891105,1
2581,0.6009869699264827,0.6735729643074347,1.1347632194648767,1
2582,0.33455332865046544,0.628449656494828,5.220724034823849,1
2583,0.2673732949135456,0.5353475270551704,3.8593130324087257,1
2584,0.0,0.6422602316080747,3.7640449708119954,1
2585,0.864632455389258,0.002364140080463024,0.5110733096726853,1
2586,0.2800934309913155,0.5900554228798628,6.121510819871889,1
2587,0.4238533195689142,0.4187101571971374,0.7989590733441694,1
2588,0.3021458359165233,0.0,4.170414199260192,1
2589,0.9673854643621436,0.6366475808174191,3.4365307903536912,1
2590,0.5168243708603724,0.0,4.744783361438289,1
2591,0.6328993580959388,0.8210440963544647,4.0698955163721084,1
2592,0.11092451731857549,0.9973368747742398,0.7841272685163282,1
2593,0.6607241297653687,0.0,4.504678205111552,1
2594,0.6979142095537643,0.22492028594751615,4.8305737030036395,1
2595,0.23169653419538966,0.0,3.5945127150856666,1
2596,0.48477347411060584,0.05953063407609521,2.2087551760829616,1
2597,0.7105769497586009,0.06631395321385858,1.6802573952054916,1
2598,0.42573279686108434,0.10873921189154293,4.1718041559429215,1
2599,0.4416314883399388,0.9774005066834269,0.26083080093020783,1
2600,0.4451975438114918,0.3996325138609963,5.61630957209548,1
2601,0.3738120118235816,0.670402095002983,5.276812625655043,1
2602,0.6285033155820277,0.6807045226830798,4.109687369431308,1
2603,0.1706174692952406,0.0,4.88407728005918,1
2604,0.5123112338456531,0.07740813017188358,1.108623205217389,1
2605,0.8940279504530159,0.9044049361048655,1.7123163487297606,1
2606,0.12608334551823605,0.38496564242965164,3.7723223112583875,1
2607,0.8619973487494125,0.026949541364024332,1.7572582586448957,1
2608,0.2393951561730427,0.8932745033852975,5.206711054276147,1
2609,0.8708035880913008,0.13936502093957306,4.714137695853946,1
2610,0.4133813621797372,0.9993497579446977,1.8113201799067422,1
2611,0.2352179518084417,0.4381805090907302,2.022345608429787,1
2612,0.001367726061924824,0.5976167378215452,1.6544929368845438,1
2613,0.0,0.7730229697521477,2.528064325529957,1
2614,0.3538021395247664,0.9091867773316306,0.3913082341831204,1
2615,0.05491595660523461,0.12341381954992983,2.2610373415206033,1
2616,0.999421502200343,0.7894095071492699,0.8944573113545532,1
2617,0.6343304463461794,0.3326281618852101,2.114117986245071,1
2618,0.8278416381766347,0.008201785219720266,5.992465773569982,1
2619,0.39546094560345146,0.5486664660708485,1.3716773801678785,1
2620,0.447925030017281,0.8397605352136146,2.614543999355989,1
2621,0.4946835538313176,0.47344790029801875,2.690877774959528,1
2622,0.9177139253565652,0.26835427150292945,2.7003189524935673,1
2623,0.31177656767944606,0.2935561326579332,0.245654123654594,1
2624,0.8504568581314507,0.7043526262272791,0.655264116367752,1
2625,1.0,0.7686296569242749,0.25595809385624346,1
2626,0.5838255232739217,0.3150718558015099,0.12266292402843124,1
2627,0.4950649824543771,0.2175920528607948,4.6999677419382175,1
2628,0.48045893019660457,0.611346400218271,2.578783014815246,1
2629,0.7280017356705091,0.9682887874334943,5.342914566154205,1
2630,4.3930913164494693E-4,0.09863745220403043,3.2666710254327085,1
2631,0.9683218963181944,4.576109296603278E-4,6.053431999010624,1
2632,0.5255405346941113,0.3736376874982148,4.818168499745478,1
2633,0.1165321393866643,0.30883457388767055,4.774003676585798,1
2634,0.7507550313270575,0.7307229272588366,1.037770780574358,1
2635,0.1866346716319549,0.2116622007446364,0.6918727106547647,1
2636,0.3624251425875504,0.060137309699853474,3.307923002980764,1
2637,0.8174145942556301,0.7716486418897816,3.363096181905663,1
2638,0.025968348781751385,0.41820798070356846,2.1564004965352526,1
2639,0.8101576074382971,0.9341038890050773,5.730934646935964,1
2640,0.0,0.5256244132883464,3.6655838088421517,1
2641,0.32527376242724854,0.8685003901024156,0.3267734785043414,1
2642,0.8404201141738662,0.8396346659676243,5.738801431536357,1
2643,0.9781826784597353,0.4242221866159221,0.8499839713434852,1
2644,0.7282393148849983,0.392066058131863,0.8691762585262778,1
2645,0.9317157456458863,0.40741921848906565,3.912946558617077,1
2646,0.4494881147962052,1.0,1.6504774284845247,1
2647,0.7593260054964104,0.35258853375956634,3.374262219661231,1
2648,0.6834509950553599,0.0021332629791529765,6.09759760624409,1
2649,0.1084591940849483,0.23496694564515655,3.29141063959194,1
2650,0.42530011350694485,0.2012814668594152,3.237802595317521,1
2651,0.15416668235913955,0.0024779202712074838,0.4207649711792626,1
2652,0.32359640192599737,0.0640021474957281,5.404643222778299,1
2653,0.23471730190572196,0.0,5.768652231362706,1
2654,0.002566235176084397,0.6481777239811648,4.5510294881312365,1
2655,0.024167562533153015,0.0,5.303048306004574,1
2656,0.8940333608474537,0.07892713195383971,1.5324254203254757,1
2657,0.0,0.40065625997020216,4.298234740906419,1
2658,0.37770123522359184,0.40888778013288296,3.7986601163653257,1
2659,0.32746830775895464,0.21787242857840877,2.7666584880668603,1
2660,0.0,0.9010105451842736,2.686582137261241,1
2661,0.1636964789327936,0.559207312927288,5.033189809967971,1
2662,0.8328758092480322,0.0,4.080155635329961,1
2663,0.8604478605190922,0.5507119683593127,3.8604715551730404,1
2664,0.1263867874264939,0.7205506290518631,3.0437271844546765,1
2665,0.4422744131263433,0.851147344752825,2.8269123711619124,1
2666,0.9580450524046076,0.49046621454962136,1.2350931065121815,1
2667,0.9542861177762388,0.6461844315150216,0.3177295414989342,1
2668,0.5623557959499242,0.19575557224192036,6.110192539403562,1
2669,0.48969244481475555,1.0,2.1484000103634844,1
2670,0.4215865373489287,0.8362351357353193,3.0291794396792877,1
2671,0.6396787700426255,0.509164006838538,4.346735429404759,1
2672,0.30931653285311833,0.23072886788118321,2.7186416397724535,1
2673,0.3345520843245302,0.9398063100167332,4.027694222669863,1
2674,0.47901896673462413,0.4939465169089645,0.7141088596417489,1
2675,0.6082501002771427,0.7851203215892919,2.4380686361709185,1
2676,0.0017094543776364818,0.2452684557339394,4.334220300828284,1
2677,0.9677534868925552,0.7881844316239688,5.447838439622572,1
2678,0.6476105666849901,0.09298192173875794,1.2710299855748421,1
2679,0.6568814126055619,0.33270492775563365,1.5807454679456443,1
2680,0.24490961469193798,0.14417938963377294,2.495133234279952,1
2681,0.513353599294412,0.1087087737208723,4.8888978168937385,1
2682,0.6458319423907142,0.35511432365224943,6.0865394522667895,1
2683,0.09992649224149275,0.9630021898466011,3.6868468698460717,1
2684,0.2065377872990705,0.11976462865339615,6.081496822666523,1
2685,0.6002715774588592,0.027812171702269198,0.578688466731945,1
2686,0.6979846833996957,0.354416082795283,5.701193044143995,1
2687,0.7122201391136589,0.0,4.555215096050951,1
2688,0.20588194848764113,0.3406430597146338,5.550116456121615,1
2689,0.04719789542311333,0.7017789732964332,0.6731299342080229,1
2690,0.5319768607158322,0.1459781750499736,3.5109568654066323,1
2691,0.8110104047289781,0.6286349378113356,3.60018453392194,1
2692,7.941921529279984E-4,0.11766645075637985,4.017590869318634,1
2693,0.9133355879298864,1.0,0.8731020283316845,1
2694,0.7184836028915154,0.1689687019799699,0.7548505217056927,1
2695,0.001409760412429265,0.7120872663257232,3.82615036677763,1
2696,0.0,0.36177335170968605,2.6281855796599674,1
2697,0.2813475475577041,0.2851499369017185,4.020626635068805,1
2698,0.8360834738471467,0.6421644851516034,3.4623140826893506,1
2699,0.0,0.3368126444946293,3.6772911398592973,1
2700,0.5970327354964484,0.08975797793145567,5.2296774414547516,1
2701,0.12184237562164554,0.8111044584657381,2.0103332193399788,1
2702,0.04456248840713715,0.4544972128585792,1.5854493207403042,1
2703,0.09616512868860261,0.27964792525642285,0.10310292938625039,1
2704,0.9992745803834863,0.9066800487169391,0.39319396356131203,1
2705,0.5834128040829467,0.7607161866568082,1.1509497265157083,1
2706,1.0,0.5041762531675665,0.946117117222646,1
2707,0.24429994827918777,0.8673999694750828,4.45683098983087,1
2708,0.24163086444010232,0.31253236279868585,1.4087973358208328,1
2709,0.09992725515397274,0.5152449842042145,0.5976183145479241,1
2710,0.03298880625097266,0.34264221502494,2.4308067024000897,1
2711,0.6755864590571227,0.23463365625627663,2.1934733537169935,1
2712,0.08133217849374917,0.46032864933481954,0.1858241972995044,1
2713,0.46289729121686946,0.7260093810362584,4.902503536172178,1
2714,0.3657494375761258,0.7229644908916968,1.9484662235266004,1
2715,0.7302268861413261,0.414128853429881,1.6878526877026059,1
2716,0.9714614511992591,0.9997602898198796,2.113894134903561,1
2717,0.8590256893347994,0.4116105900036745,2.061974826811501,1
2718,0.11144664163289063,0.911124670167871,6.013877599572513,1
2719,0.9281601535104084,0.3124818476585951,3.973416385455427,1
2720,0.09439806758410335,0.9354488907807741,1.0568554588752468,1
2721,0.004141472369458377,0.05295758509356078,3.6163703442490296,1
2722,0.024598280743150642,0.0,5.9450207895864,1
2723,0.9377597455187894,0.054887474026082766,0.354218686373707,1
2724,0.7207158080519457,0.5425345509162186,6.106826114209157,1
2725,0.46709973760807555,0.8660566238327737,2.238967454931919,1
2726,0.2073284810924795,0.5180029330754274,6.079052501816713,1
2727,0.905076020516181,0.0012455173097106543,5.646409365839803,1
2728,0.9378194407372494,0.0,5.271888228883584,1
2729,0.6425167635262913,0.15184066009253291,2.1187638968670317,1
2730,0.9473571356859506,0.7521022900103995,3.2096631437316927,1
2731,0.8584892021989985,0.1101270897098863,3.0751806165309485,1
2732,0.5468430045471457,0.4729427073019558,1.235239027099433,1
2733,0.16177562986240393,0.9994863354964776,0.8610326390619321,1
2734,0.6901158891954257,0.9689505356811001,3.699021135629276,1
2735,0.512109558463202,0.9039328962414802,3.800290002824624,1
2736,0.16417928464092654,0.6943307229733409,0.05710863550678713,1
2737,0.36585097224127605,0.1269786111894003,2.4443231788854263,1
2738,0.09807878985027647,0.8156450779801402,4.488891037779472,1
2739,0.631188589201817,0.3034252262704959,5.870130241431564,1
2740,0.4715755929000436,1.0,2.494424991977224,1
2741,0.41497935063267843,0.7392896004121149,2.5904113472205035,1
2742,0.26922330371683434,0.22461836621671633,4.147990168077959,1
2743,0.14901370869795671,0.39183970841112664,1.967008930761348,1
2744,0.16041004062555664,0.8149879314885786,5.2884000476514785,1
2745,0.0,0.1878789045062973,3.3838099821636414,1
2746,0.4610556418460482,0.8607224032766526,5.758255802724203,1
2747,0.18103357780410584,0.8219301739148458,1.833370294052105,1
2748,0.6123912788456204,0.7412098870600657,3.343641146272868,1
2749,0.35872988070274237,0.08753096709218011,5.120566385876464,1
2750,0.018212339268588666,0.09364681770745753,2.3855158109974433,1
2751,0.8096797384036466,0.7513618102409814,4.729377678403341,1
2752,0.9143247375892606,0.5381868163866695,0.6199905126844836,1
2753,0.13810030127490716,0.9211559438482506,5.7216930967317365,1
2754,0.9751017366760465,0.3624134167622957,4.488702549021919,1
2755,0.4337824681069727,0.27142161500149176,6.2335340545355935,1
2756,0.8146957757649188,0.9113541324146311,5.469160320518266,1
2757,0.7067709394958597,0.5219894925682472,1.2749827565632108,1
2758,0.3092978715734406,0.2897318622313076,1.2323454011063653,1
2759,0.26568663368205764,0.6475565818959549,4.401906699362865,1
2760,0.9872574231899112,0.2814124087864054,5.049049607674445,1
2761,0.061893311487149105,0.7142991027221429,3.365871929857332,1
2762,0.03513367777755569,0.851879226015386,1.3244352050485029,1
2763,0.8530839973978628,0.45202115216547295,3.0273500243781974,1
2764,0.4222631964406061,0.17809021959527635,2.4048305509015924,1
2765,0.038349977101952974,0.4185031865186314,0.9424733070932481,1
2766,0.5859463887293208,0.05043140483427279,4.138636488579349,1
2767,0.17717784917826923,0.17956245612524918,4.771592900279774,1
2768,0.12000885953525266,0.14449992841425563,2.714669261645052,1
2769,0.11465177985522584,0.8805525399916914,1.4845816681078179,1
2770,0.36660117673472775,0.3281036502881319,2.6005573697698536,1
2771,0.6672916506498455,0.4345783864625744,1.8866468974759563,1
2772,0.2791031526030077,0.35057437879253806,6.152806337448546,1
2773,0.9281918665001633,0.8957191698182131,0.5831149777145881,1
2774,0.15529576823168725,0.11667118771332431,2.254957729106416,1
2775,0.09347213558365548,0.001835107208332517,0.2881768564887393,1
2776,0.21515305123655284,1.0,0.37264075520357576,1
2777,1.0,0.7374176063703493,5.2644339724381295,1
2778,0.3623086797747513,0.7177364800086237,1.974105792988375,1
2779,0.4546082542054924,0.25844856995958804,4.208962392375619,1
2780,0.14457874083796834,0.0,6.027134449199445,1
2781,0.6620206353835438,0.20581519160512918,2.4612663142737246,1
2782,0.528214814608637,0.7798180570032709,4.930950306259374,1
2783,0.35909550610231705,0.8721975559560287,6.056427612304847,1
2784,0.5732993713859627,0.8953278833566796,1.4334943618168445,1
2785,0.20317815070708645,0.6696581131067828,4.767421853827818,1
2786,0.24038501594788006,0.9996821107583276,1.1965257682217656,1
2787,0.7401481042921803,0.31817627724180336,3.9477529673973955,1
2788,0.15587291519665025,0.9447308409111158,4.182625104287728,1
2789,0.8329670731397555,0.9117689323358475,5.392055344829758,1
2790,0.5346962613725653,0.44692861702593856,1.708340754280519,1
2791,0.2283800234663356,0.6136379733721782,4.8892361689369634,1
2792,0.9804471344759761,0.6818626579318078,1.0250143158188851,1
2793,0.6033666548817156,0.3872488895179423,0.41736723272947995,1
2794,0.010925143187970924,0.6546545302937984,3.3590671565108274,1
2795,0.0706849575020938,0.10090883096720546,4.2804299336974445,1
2796,0.07210040483777128,1.0,2.3962619637426834,1
2797,0.5166944378907155,0.4822362724066777,3.4028570168864114,1
2798,0.46699122318668823,0.20337285471602293,2.1598276975651682,1
2799,0.024278515348743656,0.1226319558098316,0.9913266681302553,1
2800,0.21452347442376793,0.4755287255150514,4.769999220575268,1
2801,0.06276623487303977,1.0,0.6537835507981729,1
2802,0.5040025038659552,0.49572632391515875,5.363753770552542,1
2803,1.0,0.03342956025926024,1.4934469035797437,1
2804,0.001368276520141145,0.4572322748973497,3.298992195093041,1
2805,0.4660839395359926,0.30477524066469336,4.059689861690744,1
2806,0.7890627912238486,0.17560496570869769,3.69058930189589,1
2807,0.5750116659293993,0.3168778950518081,4.287618340337187,1
2808,0.7758077451951307,0.0,4.377184647917077,1
2809,0.45173557296239475,0.23677911881142075,3.2325479788146168,1
2810,4.60935801173444E-4,0.1985529560770533,2.003975425499849,1
2811,0.1811202895969678,0.3276492348426684,2.2712746740362793,1
2812,0.23484178769706027,0.7788033710804446,1.400356596284145,1
2813,0.824961120006243,0.38366600547011387,5.942060057155634,1
2814,0.42393856559809306,0.9515929951255909,2.4022266984486764,1
2815,0.3718571814528623,0.0,5.327162478135724,1
2816,0.47545604437533623,0.813191458285726,1.8651897567980116,1
2817,0.15031965632575195,0.41035098844994433,5.193456996099045,1
2818,0.4104673904845718,0.6868879728314526,3.0349851335776954,1
2819,0.23866162372002295,0.9977573611937083,3.7932347876742436,1
2820,0.0,0.08655636018795006,3.3208163285034398,1
2821,0.030112280979980456,0.0,5.775129742878992,1
2822,0.1074595007490087,0.5571516019879366,1.6876059872562037,1
2823,0.13699605197612413,0.0,4.30024760882894,1
2824,0.6606666436170008,0.3558896038298133,1.387739399036939,1
2825,7.113346538815019E-4,0.7639599895803812,3.987667424782928,1
2826,0.7123397548357051,0.9955784955549174,5.69544150770285,1
2827,0.0,0.43779880228472906,3.02737963033623,1
2828,0.011282852842022902,0.6321138935840136,5.408832968363003,1
2829,0.9176058164344096,0.24482791528200984,5.049258925775642,1
2830,0.25492181683061865,0.5123016709519925,2.7973148178741583,1
2831,0.34252670897351134,0.5830699560873244,5.2230160438371955,1
2832,0.7460451102638104,0.48067157445852005,1.2441752491623659,1
2833,0.9482854024667079,0.34864359320236155,3.1037967741678725,1
2834,0.9566937938038735,0.7384263129983897,6.108178283209259,1
2835,0.08661408329529786,0.01861945419575809,0.08002766236111321,1
2836,0.49145561255059256,0.8941875117753897,2.3635490169839324,1
2837,0.03784150358512371,0.27836209827750835,4.102395948078212,1
2838,0.6369639263613305,7.103997202112772E-4,3.9977466353095195,1
2839,0.2923962856927024,0.8696938754517839,0.3055486231140815,1
2840,0.48665066797579604,0.9966135617465395,6.244743799795496,1
2841,0.016925715078740834,0.16911929908800946,0.6723132625723247,1
2842,0.4151850988341544,0.23964943357475624,1.619019843793482,1
2843,0.2945640336346565,0.12558543255477334,5.538524869189388,1
2844,0.48185733010038356,0.9546889841822461,3.2444480543281493,1
2845,1.546208487024028E-4,0.534629019835599,3.8818385994506617,1
2846,0.9557923485784997,0.6994738928842151,0.18920556638637012,1
2847,0.7459030190988464,0.6048280618145466,2.1302879281123825,1
2848,0.35684161902181644,0.9928072127036078,0.05255504905252906,1
2849,0.6478091931596686,0.9522841182882918,2.915886400631494,1
2850,0.4052555114891134,0.7979599035398779,1.6617608217139486,1
2851,0.0,0.2603561879035532,3.647454046640202,1
2852,0.7936766799784315,0.5115688297812941,5.466015672964817,1
2853,0.21623515118336686,0.001289624521366137,5.676580034759744,1
2854,0.9644064091254265,1.0,2.242799466871122,1
2855,0.8398907913576734,0.6158585553377486,5.321000561467673,1
2856,0.9077024953498356,0.7140857993655284,1.2399871832171083,1
2857,0.453934041855702,0.7257389742127858,1.9501896716372953,1
2858,0.33537381038856917,0.8372914382450143,1.1579170523904068,1
2859,0.2518581508404177,0.4654376436405072,5.599224638621058,1
2860,0.8086543708628252,0.8059155980655682,5.693749101170752,1
2861,0.43080290288919354,0.4507436430031607,2.194937905662658,1
2862,0.66178257346068,0.028008437858631753,3.7310926018725095,1
2863,0.06682916620033419,0.11419461682175641,3.419304831203073,1
2864,0.04095527164302686,0.8095483059631564,1.7873388395385326,1
2865,0.053761529036365,0.6222235088951644,0.07419590153100358,1
2866,0.005229786576680505,0.28637565046913505,5.043534734825674,1
2867,0.8570983209792747,0.0026527192576381456,5.337704404993635,1
2868,0.8675980667735274,0.9888904062455025,1.5338159199683519,1
2869,0.7134299383525444,0.0,3.2543435079704075,1
2870,0.7238407366896804,0.06755617877014695,1.7093059428069892,1
2871,0.5284191311091556,0.6163896177635421,2.064838071178984,1
2872,0.6277928985317215,0.5796931517205192,4.229075325581081,1
2873,0.4942793319950604,0.869575643033054,5.737250276415157,1
2874,0.35543369677879155,0.6533195259363129,1.6271346070450072,1
2875,0.5621431814183424,0.08938287553324308,1.1008945099534377,1
2876,0.45931472817331465,0.4291611783912425,2.4502336739815944,1
2877,0.30655446042646217,0.6454239758364598,1.0015042072167397,1
2878,0.48917424964710665,0.28480503306492555,4.7701398617760855,1
2879,0.40377916274647424,0.9265356346864497,4.256781609509674,1
2880,0.4887300460453108,0.9748952263218684,5.482630089339059,1
2881,0.0992523926556551,0.4230414370307767,5.2824867538053955,1
2882,0.8887110351412046,0.41834427621145964,1.777454597573295,1
2883,0.701815112209251,0.07569119712331727,0.5494816409303396,1
2884,0.9973273588606153,0.13972609732170072,4.5627161213665755,1
2885,0.9731924117634221,0.379522792172087,5.901004914063168,1
2886,0.6097059395094548,0.08500314023282825,3.954224658643013,1
2887,0.9025012625107744,0.9964661695266624,2.83791482424056,1
2888,0.8055653086249847,0.8965491457705109,5.935417042258997,1
2889,0.06854537911382544,0.39587789355416847,1.0824387815060177,1
2890,0.8661276093345799,0.6464856571801554,2.4299147976906776,1
2891,0.8914637578753595,0.11707957198990192,0.7579242862288177,1
2892,0.9946186497572969,0.06944388901617184,1.6688694382056317,1
2893,0.19502018459041312,0.21119607586422764,4.339536414683497,1
2894,0.7474745625073904,0.6087898582130491,3.6656955900028425,1
2895,0.7938087468884273,0.5597630698181549,2.248134213834579,1
2896,0.7884639886151454,0.0,5.013219024499701,1
2897,0.10098510093138781,0.28803059573229456,3.7363908507793218,1
2898,1.0,0.48426399538727927,5.249829274880556,1
2899,0.749765306351556,0.07008568677396283,6.0515689190073045,1
2900,0.26819481074999063,0.9486527723490648,5.025282524781219,1
2901,0.5640177723237193,0.24499774280546052,2.9967687135106815,1
2902,0.8297490862182747,0.25100380406746736,1.8318896984875515,1
2903,0.0,0.18944751048858882,4.12726907913874,1
2904,0.0,0.40222704534794185,4.0507091590641435,1
2905,0.34404475730360196,0.026009985887662235,1.423279947280885,1
2906,0.6408709037499524,0.9571846038779646,3.2154694550432925,1
2907,1.0,0.2806046752418503,1.5165543062623135,1
2908,0.0013265518855314368,0.3912128898672052,5.565184316700417,1
2909,0.3491523814755711,0.1339317744290525,5.858312817812684,1
2910,0.7130753457262744,0.9008638424921493,4.693777549878653,1
2911,0.2622892913868474,0.7725155534347596,1.3117785177648928,1
2912,0.8001931401158088,0.4121401218270038,0.3632512206423676,1
2913,0.7663547580566745,0.5310398261328536,4.676276157947828,1
2914,0.1324739036650105,0.008883566248196029,0.5477884875177423,1
2915,0.5378775019185511,0.7008579798840994,0.5153573682659194,1
2916,1.0,0.5745751935451521,5.418212065657641,1
2917,0.5545622717695368,0.9628882019154625,2.1370210895746253,1
2918,0.34715591403975515,0.9998716183688082,1.478111850121801,1
2919,0.21477349252628156,0.7131766957818156,1.8490939697205975,1
2920,1.0,0.00504490262314122,6.279874246928521,1
2921,0.8074552623869911,0.6068699567340786,4.969439303115925,1
2922,0.7364399081493279,0.4319323446856549,2.250287007250126,1
2923,0.0,0.9079058343561633,2.937064139137146,1
2924,0.7356324075414602,0.23578709134629186,4.249502525796837,1
2925,0.9094448311425636,0.13653312967024853,3.734721377283815,1
2926,0.765683800485421,1.0,1.5712521110868762,1
2927,0.5682407584857787,0.1419072714469521,4.281760814749221,1
2928,0.7550869548283287,0.0,5.4348196971821,1
2929,0.4069294444070738,0.11426600736734024,3.814183337613822,1
2930,0.4044638307300037,0.10103441530481555,0.9067917711074236,1
2931,0.4437016424368106,0.18313076786010168,0.7895746189716376,1
2932,0.5967766522132785,0.08775751313253477,4.200406533362908,1
2933,0.10999399914523321,0.6811965304481095,4.873349150547577,1
2934,0.9722506401047608,0.11139665697411384,3.8170087693055814,1
2935,0.2897773590384176,0.42897359957755415,2.7292607781353535,1
2936,0.5845118899859469,0.7783559327067988,6.104822370968578,1
2937,0.2133682949848347,0.24866137932115182,3.161237869232654,1
2938,0.5701649724975922,0.7079166732755331,5.736927943993223,1
2939,0.7926962126431305,0.5922605737007675,2.097422040355659,1
2940,0.30637420496325923,0.14887953108794416,1.426594772341932,1
2941,0.6192990998452437,0.33605497614374935,0.7541464142843942,1
2942,0.5828049117228222,0.23563797390614336,1.5847352205650502,1
2943,0.9994094770922487,0.1739231320460989,4.748017704822227,1
2944,0.37451447870105964,0.6714436215393383,2.94409896769546,1
2945,1.0,6.482368587361298E-4,5.652787955117049,1
2946,0.5406444390749814,0.8338403537167701,4.339391671256626,1
2947,0.2691524018632266,0.0,4.436415896429315,1
2948,1.0,0.15442253653022028,0.7694738483173578,1
2949,5.873703540568215E-4,0.18322033623798345,1.3884775184649472,1
2950,0.2718672647466273,0.5050480129066385,4.063995884520814,1
2951,0.9121060607529895,0.530097843724074,2.6402539441127093,1
2952,0.17834494843089646,1.3342679153590634E-5,5.438611126559611,1
2953,0.06982209994390043,0.19365267474416034,1.889081217620166,1
2954,0.3945388920954818,0.2123454701380737,4.31052751443192,1
2955,0.5302397657709029,0.20469814923937985,3.8028194990389346,1
2956,0.49079008589601675,0.8494513828807595,2.576767389958086,1
2957,0.3338206683593031,0.28265872920451296,2.2142921527862427,1
2958,0.19719712660584382,0.7035825792165993,5.982398888575043,1
2959,0.48871851960564094,0.9133640593437753,4.440451164049443,1
2960,0.6009126513926032,0.009503299622967646,0.1793926774472291,1
2961,0.0,0.39339656841643933,3.8796435608013815,1
2962,0.6780017674125921,0.44778552922602527,0.22533951782829867,1
2963,0.3595083026772494,0.3433082772708479,3.376053743582841,1
2964,0.5698193297867796,0.49166699892283666,4.9399873739646285,1
2965,0.8841262883302039,0.6755318529147473,5.99476884328202,1
2966,0.001425942535348148,0.05234309647850345,1.4781582380981624,1
2967,0.4618040811313827,0.42783647543484676,3.989505922722275,1
2968,0.934176382616036,0.7398352276463638,4.0435382092808725,1
2969,0.8027529987295587,0.7537399030597283,3.2266471832003343,1
2970,0.16634535239208983,0.41225879966945334,0.5404890952353747,1
2971,1.0,0.39825750667545246,0.0744667071027053,1
2972,0.8311282531008799,0.7838542298299865,0.5732083763155759,1
2973,0.18179053078822607,0.06945943314129535,0.7891051839918096,1
2974,0.0,0.2534233330602723,4.0639858839263265,1
2975,0.9291016038697493,0.7005237463966394,0.044921444480414977,1
2976,0.8051783320878549,0.43024861729898556,1.3696617900369958,1
2977,0.7018314025393968,0.8117970425018529,6.093425627412945,1
2978,0.8136717763700297,0.3621338109551685,0.39469763382761675,1
2979,1.0,0.689943131825739,1.4076072650544562,1
2980,0.7092627322534102,0.6615408029206566,2.8517851537034167,1
2981,0.7333499400620117,0.060282374327146046,2.465731001505702,1
2982,0.8052955384978496,0.941771397532016,1.873271054815756,1
2983,0.7341007691612893,0.18522734057728651,5.993456821671282,1
2984,0.0,0.9048903960007212,3.6649905521403183,1
2985,0.37095157445919885,0.7615466186077688,0.2558553307734824,1
2986,0.538586053244466,0.23036834553376975,5.246192975096777,1
2987,0.8504738957526933,0.642727964799823,5.097369170450399,1
2988,0.4644168944201605,0.04428267916083406,5.8743190189356564,1
2989,0.3380349874018606,0.6757087675078928,5.314517731230051,1
2990,0.9675650709855436,0.580639514963545,1.3172656949929409,1
2991,0.8747524708850146,0.14504432648162424,2.189323924338398,1
2992,0.38446735132284054,0.08077002404302605,1.1200873827221445,1
2993,0.9942717914315989,1.0,2.310981351579491,1
2994,0.0,0.1596759174264208,2.050605147864959,1
2995,0.547589837627679,0.7704313593392055,0.24706590263160388,1
2996,0.7237103771025112,0.8565951827422092,5.63065376718181,1
2997,0.0,0.9269800089380713,2.3272778967284182,1
2998,0.8955901119389829,0.8813101632199745,2.6382676649615537,1
2999,0.0034836572474110246,0.282621679380832,5.118573422030477,1
3000,0.25148103222427015,0.0,4.765849494509841,1
3001,0.8021547308445439,0.3285767479449474,5.48322206088661,1
3002,1.0,0.8171421712155577,6.01221625514633,1
3003,0.4312073507377564,0.9215393838312704,4.082374468119854,1
3004,0.9983495804745842,0.7117023602181479,4.889780522442798,1
3005,0.24310289603509808,0.15314538820691326,6.244923962881308,1
3006,0.0,0.42516866529956215,3.1272226314469767,1
3007,0.8142092508899759,0.8502258327181239,4.333011400512102,1
3008,0.6918987741293148,0.8663742456448428,1.373075406639435,1
3009,0.8018881376999003,0.0753724025921019,4.989721823487484,1
3010,0.34731507305579334,0.018173302730119675,3.644356457114979,1
3011,0.5208676147362392,0.673924758732257,0.33410743572915375,1
3012,0.8966360769637034,0.27105840457762326,2.3949962105032165,1
3013,0.40701907944492993,0.5262892507471004,6.2153468781702434,1
3014,0.6426058058605316,0.9949319764583796,5.928593061145326,1
3015,0.17799298643516623,0.18858900073181448,1.6361139702937038,1
3016,0.7773690993705085,0.9194000652557203,5.535109826441384,1
3017,0.33239699692075325,0.4081209863171055,1.38035567404338,1
3018,0.6469682296037627,0.3330475859130046,1.4801124369592242,1
3019,0.7621853986831816,0.984591677129377,3.6367067384907212,1
3020,0.3978635185923009,0.2580426047779757,3.5106866659862845,1
3021,0.9222698812288049,0.06757342472100242,3.1656775106293416,1
3022,0.6537010625871651,0.4708676768553992,0.6971785375241284,1
3023,0.4200946787088679,0.02208828487029839,2.3362593249491463,1
3024,0.3831561523738362,0.5994308407039693,5.491389487669325,1
3025,0.6667427246652748,0.0,5.349804053274391,1
3026,0.6507678930334637,0.588057484094957,0.9624894493012317,1
3027,0.8541644021199285,0.6740867311470089,2.6223493357690693,1
3028,0.5570792367684092,0.6342807859855027,2.727503646172866,1
3029,0.3119960414320034,0.9099212412903386,5.965755133081272,1
3030,0.030535555475099112,0.9933149321232345,3.7547747801032005,1
3031,0.5983734829670357,0.19662972551199553,1.5728070137149193,1
3032,0.3825590618995977,0.2182143551718841,0.3864921324842708,1
3033,4.9675046155097215E-5,0.7488213077849486,2.4139486621413604,1
3034,1.0,0.5529802804432163,0.2180220621458933,1
3035,0.8066130158095114,0.9046314080346066,3.2338693122655644,1
3036,0.7678969294684704,7.008822894487114E-5,4.804878060783751,1
3037,0.08075372951343054,0.5178114267679043,6.050059315337794,1
3038,0.6202924953541659,0.39647277198594755,2.519331067879828,1
3039,0.7333951704546344,0.008545418744271432,2.9878628438305257,1
3040,0.0,0.8778102410142373,3.0046327729171605,1
3041,0.40580219725465627,0.13500186954989615,1.7395495928205338,1
3042,0.11143936317392836,0.6805554226628525,5.611329856789657,1
3043,1.0,0.2022979309061948,5.903180283266807,1
3044,0.08558116098384941,0.8485233204790436,5.767696642755832,1
3045,0.265367119456747,0.2802673666702522,0.19007294134922598,1
3046,0.017934360662143163,0.36552208784819784,5.887088144275291,1
3047,0.6054136274349402,0.4024358461419976,4.981508554798516,1
3048,0.6348434547942897,0.9480026713833843,3.0948187668812537,1
3049,0.14725065513755656,0.22936884300818688,6.127394849010863,1
3050,0.9948579851775871,0.2707887954189295,5.547679747188219,1
3051,0.424205082799688,0.33884476162136185,0.43760938431480156,1
3052,0.23564059348831815,0.5640938880161687,2.135945294854704,1
3053,0.4975521056831869,0.38800812965350834,1.251857721689059,1
3054,0.1872483774802878,0.7659203529689118,3.021293124985187,1
3055,0.6123749431117668,0.9988091541908247,0.1654211578631335,1
3056,0.8782833390951773,0.4696633133776784,2.073758870320162,1
3057,0.33131943943305103,0.11975467629655741,5.617439639452042,1
3058,0.17439776432386728,0.7535237951085746,5.222486665847546,1
3059,0.003447568344655182,0.7952304547730327,3.051469176569144,1
3060,0.09287728291567937,0.8714099178708786,1.249484791229311,1
3061,0.9067041561303542,0.7699188090973621,1.0254579184149837,1
3062,0.019782674854873762,0.03214639413412801,5.012162099470973,1
3063,0.4894190801116912,0.7959667090300171,4.9990360463373555,1
3064,1.0,0.5599792043098681,5.475436004513379,1
3065,0.6199753950467969,0.10017027774085245,1.5627618218952497,1
3066,0.6724972089529034,0.49471731778324135,2.581496243820337,1
3067,0.06912297259860198,0.8635364562366274,0.8657299193762542,1
3068,0.6490303150769399,0.34026632461636747,3.663782423920389,1
3069,0.35108142774718865,1.0,0.9591289131935637,1
3070,0.7701723586353171,0.7967433956118833,1.3251442768262813,1
3071,0.7323525054485944,0.24861822577918133,5.782914451819557,1
3072,0.11910762223674758,0.0737826644447332,0.6298426922344572,1
3073,0.0,0.6845123040880275,2.4027793300915348,1
3074,0.15640102693279562,0.25093802337400545,3.5568202751426727,1
3075,0.0,0.0,4.17358502214178,0
3076,0.7881154190668014,0.8409942481155701,0.9617950243496878,1
3077,0.00720170142725717,0.5805280022586348,1.4124227115323302,1
3078,0.32714173420205417,0.41474942507294,4.156977626538499,1
3079,0.0,0.06261293234735367,2.2176161240263808,1
3080,0.34698600913964445,0.0,5.385607637192434,1
3081,0.2587927753166673,0.9091959630849109,0.5584724883392765,1
3082,0.7913257739883569,0.7011770560605394,0.6243503383658162,1
3083,0.237641642913558,0.010994893308624278,2.9208995466508876,1
3084,0.6524242966474298,0.3382655550387843,0.15501547921898023,1
3085,0.739061583324976,0.8627952206327768,0.8622522026770364,1
3086,0.5552035610665919,0.19268107400164955,3.1908536289126985,1
3087,0.955491975127453,0.2599024873833116,5.777138005706156,1
3088,0.43309518805877234,0.26487030332488926,1.9297479683171892,1
3089,0.751891183928073,0.0,5.754740230014831,1
3090,0.17837788315079947,0.34334083011631034,2.3633462368137694,1
3091,0.6409064495564674,0.0,4.139406562826431,1
3092,0.7566825833882742,0.9467991023791832,1.4473983873542073,1
3093,7.189546368946033E-4,0.12863275742570926,4.5858259330511455,1
3094,0.16741891699287875,0.5646158179955967,1.5938637429555642,1
3095,0.19947708806056438,0.16296165386333533,1.892873422618081,1
3096,0.14530306311213814,0.11956836598251644,1.7359016391553963,1
3097,0.8605462716935146,0.9099729521492645,6.174711374375798,1
3098,0.5885404394503555,0.18096313587059767,5.128235065556832,1
3099,0.8031152847171692,0.2679683294243365,0.2578411243647928,1
3100,0.6709522256063786,0.9649982708983006,5.4950968786919985,1
3101,0.0,0.5843012093188156,2.7643737557223416,1
3102,0.06949230678667251,0.25959043361154394,6.083575838454427,1
3103,0.6679933727729983,0.8157036160760832,0.27591977055306205,1
3104,0.81194902287101,0.39706776699447227,0.2387443976663891,1
3105,0.5101641894642374,0.027945328363517905,0.6342114409797203,1
3106,0.17497212746687799,0.29906536505743175,2.9156483669172704,1
3107,0.15600109416943705,0.7499189140414765,6.0648778013318525,1
3108,0.39369129245488804,0.0,4.568362547608694,1
3109,0.042598925740513924,0.3601428850130524,3.9422173754081653,1
3110,0.25519655905719696,0.060376823410503704,5.424341955173001,1
3111,0.7562238060339729,0.380915877605268,1.269638786180218,1
3112,7.813259336040562E-4,0.3354489989373606,2.8469457707198917,1
3113,0.9277866232725627,0.230429020616239,5.661149359543932,1
3114,0.3192590421312432,0.0363973115205465,4.131433983191237,1
3115,0.1874240360140539,0.4472975005532712,2.718761953019631,1
3116,0.9954226737785059,0.5435899154310628,4.553975183879853,1
3117,0.14244824971085904,0.6700649208256853,5.0125523679849735,1
3118,0.9757627443272341,0.5860606636551786,0.9118885715500393,1
3119,0.4829103352987414,0.5833648357693613,0.06300548819889684,1
3120,0.6199089265623726,0.29222101373297965,5.067075092539508,1
3121,0.96440913485875,0.5997653806214859,5.8076297534393095,1
3122,0.008438814139391498,0.0012061939920931858,3.857659643211667,1
3123,0.6381933205570111,0.2486705331887879,0.25849498425257533,1
3124,0.8265051141873199,1.0059834368316567E-4,3.641584572438662,1
3125,1.0,0.8974750977248139,5.861873082653303,1
3126,0.06585454361035582,0.8205562172829085,0.9923614063362646,1
3127,0.6736536401453361,0.12413236689233827,1.263694668675923,1
3128,0.1624856202254624,0.03145808120734642,1.12377527692237,1
3129,0.6750153426670606,0.027745381117779994,3.065133464427594,1
3130,0.48046285869518063,0.9753041809604913,4.193534013560322,1
3131,0.417993044107565,0.8255366996199809,1.4843555715589343,1
3132,0.10118625136279405,0.22862860953048592,1.9623735543039957,1
3133,0.5815914721864077,0.14472633569475452,4.15807756020478,1
3134,0.9198049995318629,1.0,0.5019259395958005,1
3135,0.432698433264899,0.7453819879513556,6.16074995368368,1
3136,0.8800245876299276,0.32181086045144297,5.415132319114357,1
3137,0.701917917231142,0.8611334148313604,3.1873867847767814,1
3138,0.14174405175519325,0.7655229000176416,3.632168122967744,1
3139,0.32405018406078934,0.18793637185151676,5.691410567317826,1
3140,0.30345540105833535,0.306709918828369,4.510630162010228,1
3141,0.2979336249857364,0.26526060505375665,2.7208612623658053,1
3142,0.6626001414793642,0.021680509747705717,2.246496134848934,1
3143,0.5546409020205173,0.9097855889941231,1.75564720852096,1
3144,0.7968195012789175,0.7818664458043295,0.22585063305759567,1
3145,0.5554732130701117,0.4085875250054219,2.0744322553324492,1
3146,0.2856870833228141,0.44718956408097593,1.2352732175173942,1
3147,0.2100621502462484,0.19258013800154405,6.118985925066731,1
3148,0.980952530325441,0.8812715227550922,5.3735082869965725,1
3149,0.31844254432909536,0.5326314485952569,2.918699818314136,1
3150,1.0,0.06322543993505177,4.860059111233316,1
3151,0.3813773068368225,0.9991255123713885,1.1961008710090906,1
3152,0.9807759980339676,0.8023125390399505,5.843989945391261,1
3153,0.34741802835813745,0.4600091277689825,5.378866262325328,1
3154,0.4605647735505461,0.9467665400017308,5.054687199514921,1
3155,0.3345215268314182,0.6663136686461166,1.3280285638780769,1
3156,0.6929128277643961,0.9209601321502005,4.659878389068735,1
3157,0.29711872470136597,0.5505265435875062,5.916433744321819,1
3158,0.001372307828998976,1.0,2.5026477944168595,1
3159,0.4263451832289977,0.32652195854594146,5.4928615922074,1
3160,0.9056007373377396,0.8257983442298262,1.2554304852809632,1
3161,0.016982835813202948,0.18507144513436244,3.5244094045694,1
3162,0.0,0.10728422170372329,2.3558108015485564,1
3163,0.18044510543269224,0.45099219912608324,5.731270162045141,1
3164,0.5861697153298592,0.23088348675382622,3.2219576150713287,1
3165,0.0,0.7563698711910949,2.71820490444493,1
3166,0.16246305888875226,0.9183822622278186,5.492051275289537,1
3167,0.08822843633065511,0.9312867085510679,5.806168942079892,1
3168,0.157262182755826,0.781293419166092,2.4576967323616916,1
3169,0.3044225298473308,0.11048094271353553,2.065362202147764,1
3170,0.4901443571529142,0.83653168444485,4.301193954220446,1
3171,0.7315293444499504,0.5359240931231247,5.054796913520734,1
3172,0.1960613200193443,0.8091017713016277,1.9697916292495055,1
3173,0.0,0.9384173892216008,3.469715520386598,1
3174,0.9932734055992567,0.9525888915431333,4.287023742294561,1
3175,0.6283995108543012,0.0,4.73602308809149,1
3176,1.3872463520754038E-4,0.492161061193209,1.3965095190736663,1
3177,0.4951597658845476,0.8715547336746041,1.5579123973802247,1
3178,0.3559243741572666,0.5494854464822191,1.3330427161969527,1
3179,0.5745890195400088,0.39802315948388756,2.092651560601343,1
3180,0.8343636259731727,0.9226811888744993,5.2856258044811,1
3181,0.27446190631003786,0.9987441003439668,6.006803666490351,1
3182,0.5330191914493566,0.5702736084020208,2.186998655412038,1
3183,0.8325737584266795,0.7217026096897405,0.9120999988160512,1
3184,0.037020580041432535,0.20496359953206686,3.1250281319617312,1
3185,0.40362718489721516,0.0,4.242409361716512,1
3186,0.45130866900011934,0.06089547387303465,4.4450958755507735,1
3187,0.7387896422811978,0.583022548755303,4.646666660940859,1
3188,0.006841173324430955,0.4468184854447551,5.263031150936089,1
3189,0.49162993453923426,0.7391290293606775,4.9250675162608255,1
3190,0.21384036383346924,0.30128411737344635,3.9045519935607884,1
3191,0.4634701896986226,0.11684695083228387,2.868710334065054,1
3192,0.6008203959149888,1.0,1.9918549111275594,1
3193,0.011664547076737673,0.7227915864219318,5.395801311802432,1
3194,0.045048458422229494,0.21087737245414825,6.01969436277314,1
3195,0.8304052335079154,0.5645518838457371,4.609937727751021,1
3196,0.8847942545694382,0.4733393959044973,1.067471057373486,1
3197,2.017729384847473E-4,0.4512077228462696,3.066569547949557,1
3198,0.47706231817534833,0.30966141321365315,1.5513367516900114,1
3199,0.9537506659644037,0.23456168923769538,2.4382791611735883,1
3200,0.6543718327489075,0.3432949706252981,3.4536987252366305,1
3201,0.5138723888726613,0.839890839651041,1.6178196185496243,1
3202,0.06675736969508915,0.7693838676295407,5.962194740981996,1
3203,0.5509003232521067,0.3836041561341795,3.6213320890423777,1
3204,0.996796738152062,0.5869381142405461,5.174631827901773,1
3205,0.40367436137509305,0.536236252885349,1.6309654506965592,1
3206,0.4618220826024662,0.0,4.152829307846826,1
3207,0.19418644134774812,0.0,4.414972426919707,1
3208,0.7973577879337674,0.17261695369509664,4.2300158365313925,1
3209,0.3984974097272501,0.2859517179002364,4.090617216562405,1
3210,0.2385748952339506,0.9864427517955818,6.162220497938696,1
3211,0.7878735846709983,0.33579838768858933,3.3661274667252865,1
3212,0.06375394207028635,0.33892056385196156,5.9485839566200465,1
3213,1.0,0.3076061696862304,0.6326216311115407,1
3214,1.0,0.3092018065713868,0.26400277046650783,1
3215,0.43581735960880263,0.2604397390188459,5.790702438593017,1
3216,0.6989832152792917,8.597161131140397E-4,4.747067394229782,1
3217,0.21419778124019895,0.8802951864249323,3.757252916254866,1
3218,0.11435919204761763,0.38654001353951706,1.278206348119091,1
3219,0.5145456422403115,0.8646620384811226,2.8138998291054227,1
3220,0.9592345498160395,0.8045067695019865,4.9010943397818165,1
3221,0.9085801728703806,0.015753994565770195,4.495511154237621,1
3222,0.31731673599129095,0.0,4.431447491377011,1
3223,0.7192691861905421,0.37224836215020457,5.489222509734403,1
3224,0.9431378750363104,0.08915772797391856,5.644213333526886,1
3225,1.0,0.8229268372448565,5.9875145630620015,1
3226,0.8026316141496642,0.73796476513966,2.9727912581869704,1
3227,0.016745110262459072,0.3357858315232956,1.3793881832493777,1
3228,0.791751255041697,0.6305797145201757,0.1952704833473226,1
3229,0.8877258078165081,0.20017667056236693,0.24205517638957225,1
3230,0.4821094478409828,0.5352601131422626,3.695135381762308,1
3231,0.8424957962103825,0.2677000895330106,5.545609229232265,1
3232,0.1876273526778396,0.8244152412655468,6.014790667519822,1
3233,0.004096979211639525,0.03772401852573733,1.3421496799176043,1
3234,0.8059183016077723,0.4978047537915012,2.374200031214462,1
3235,0.0,0.5004940051041226,3.951830252863288,1
3236,0.8045990684177082,0.5044749125524576,4.075915464806162,1
3237,0.5770568330553859,0.01554832063654111,3.2525517626797837,1
3238,0.4994426832792919,0.7546602795448688,2.3980921583601074,1
3239,0.15976815271541753,0.9939188998444733,0.12838915291825154,1
3240,0.16053181484044532,0.618741877429657,1.4312591692733456,1
3241,0.10961606305426533,0.7548916895956377,2.181737965835169,1
3242,0.4375650140539699,0.48888858919460876,4.0647257309093945,1
3243,0.031143955030906223,0.3851117180767562,4.2876329581325905,1
3244,0.5249048199780771,0.10477628916933852,3.366129127826578,1
3245,0.9985948104458738,0.45057086927654344,0.17029124832740533,1
3246,0.13188243983485437,0.0010399818205523192,0.14566282111830473,1
3247,0.067588886290804,0.865610312797662,6.039977806747006,1
3248,0.8394269312527877,0.8130555936546384,0.4370010517522934,1
3249,0.8801192457089665,0.2916300364753007,2.3214702424460096,1
3250,0.9267294446694322,0.06863543821189347,0.357904418132705,1
3251,0.03235420874684831,0.5985552862791579,2.58030371850181,1
3252,0.7941007821703467,0.6714588374584856,4.605428064834118,1
3253,0.22650699122891108,0.05761774794808034,1.1903063340804358,1
3254,0.6859421024456934,0.924293724008198,5.544050356132406,1
3255,0.1553747347384752,4.7359248913789057E-4,5.844875602547729,1
3256,0.24301680225892974,0.3654074999254729,5.434699108333331,1
3257,0.6355902936579517,0.9220777395807875,1.6271295571071243,1
3258,0.8174556503156206,0.5950277852051818,4.539343828792941,1
3259,0.7052984124742362,0.6061929274563815,5.813572889583443,1
3260,0.9999916725487218,0.07146167747845175,0.6419733884568504,1
3261,0.9980607555659482,4.5893915582803657E-4,5.027866632215488,1
3262,0.7642463149655621,0.7494621733451899,0.7287762956495825,1
3263,0.8159365144882194,0.40954864323301765,5.078303607777207,1
3264,0.569195775673889,0.2388273701796353,1.9896990045873493,1
3265,0.9953312715669393,1.0,0.5479180899499427,1
3266,0.08339984274187988,0.37709793682295784,1.3591686781647876,1
3267,0.5258531074891355,0.996910139106179,5.866649279603734,1
3268,0.9629563412602388,0.61555601003624,3.320467593190095,1
3269,0.20989361144403687,0.01876826170598336,0.7400042721726159,1
3270,0.9386495787458004,0.9015753403336066,5.621731588417216,1
3271,0.8709922200843534,0.2907059018748517,0.5883241440095845,1
3272,0.10950566450067532,0.7048134313292288,3.3922328013574834,1
3273,0.318682822933065,0.008162809358015992,0.9172645502984009,1
3274,0.9620477535039622,0.28670206323065844,3.513651310217579,1
3275,0.09834962571330548,0.8171210549516877,4.016693345355387,1
3276,0.3254205472999689,0.9266925804966054,2.793146277373619,1
3277,0.33233660348768945,0.8356871170044602,0.9669682857444506,1
3278,0.7885061198182352,6.993271687094093E-4,4.84198671428763,1
3279,0.527161025291111,0.5604858452871933,4.974101423129081,1
3280,0.14481511718949133,0.20580134491525082,2.1671511263873673,1
3281,0.7410439811744963,0.813577016725872,1.3184224195338112,1
3282,0.5807413145023028,1.0,1.6340385282614422,1
3283,0.5886852588088403,0.26707819926198406,2.795447795798857,1
3284,0.1193633370281763,0.6111798697867572,3.525359317667007,1
3285,7.202477838474099E-4,0.526489155177582,4.965837585348623,1
3286,0.22524278431866349,0.6261991791291404,2.307312598879368,1
3287,0.9309406166062755,0.5483810985270036,1.016439306976553,1
3288,1.0,0.31805531672506054,5.917247219559258,1
3289,0.6108610479219676,0.6064704584019116,5.2294972094665315,1
3290,0.18987122258333078,0.5187907993906445,1.4351099338794941,1
3291,0.9997997771720606,0.32212231214077414,0.5157363071600622,1
3292,0.4633538469283717,0.3097977607889055,2.0047794942408763,1
3293,0.8936053320780007,0.8472287249451521,4.139706101953871,1
3294,0.6115550354828941,0.9849333902460725,3.8884420101931103,1
3295,0.9648511137121288,0.43461269340305636,1.312480301521363,1
3296,0.2665783982636235,0.9911581004112553,0.04144748696782319,1
3297,0.5226991955397828,0.21028219867221287,1.3011567678697702,1
3298,0.9667162587872798,0.8920929650632916,1.8092548219884785,1
3299,0.9885003731260171,0.6725814846107097,0.7417092121899191,1
3300,0.45432973462631776,0.9283072293193719,0.3346035049800496,1
3301,0.42696614213028966,0.30298807660688754,5.848205837654687,1
3302,8.596748194144359E-4,0.7420208784576618,4.03441499837902,1
3303,0.00495867594927963,0.9412038615787568,3.5037659494789546,1
3304,0.9497051455304908,0.6202534261780405,0.7744321781648271,1
3305,0.4967536069095294,0.18435506900311377,2.4763840201034673,1
3306,0.530872467703187,0.9977275322744057,5.994655424459788,1
3307,0.04910593171123145,0.60581069118892,0.2783924697263145,1
3308,0.5575924000077952,0.9992836866315399,2.637714595355769,1
3309,0.2831357674565283,0.6771067614784436,2.1120155524850808,1
3310,0.9771361802823747,0.0,5.022392951365766,1
3311,0.37582021040550967,0.1185957541241214,4.4633438018764044,1
3312,1.0,0.08812816136183176,6.1779133801632184,1
3313,0.31031731804030954,0.919977214874211,0.9733533646387222,1
3314,0.3583513732072096,0.5980683755063543,3.6142618483627453,1
3315,0.9187236425810313,0.9300294324330279,4.7214886534800735,1
3316,0.0,0.9117729242719942,2.5742159976209185,1
3317,0.17830826530045174,0.008100077632417192,2.512765122048831,1
3318,0.6085225759899571,0.6297752915297016,2.028877508366181,1
3319,0.3548896067927641,0.9396940600636894,4.552701608893321,1
3320,0.01158214072029714,0.9409200759059971,1.228508767284306,1
3321,0.23106408004291248,0.4490144639872734,5.432152005000016,1
3322,0.950981952357705,0.8476358015870149,5.327178713909176,1
3323,0.12482776220688761,0.6339376587961408,6.130566271482914,1
3324,0.08579919114445986,1.0,0.399273926417816,1
3325,0.3799449774368327,0.636389123998622,3.27446360086819,1
3326,0.5012630100286671,0.36845131822314886,3.2741923677342464,1
3327,0.5397088278291369,0.13568959625530166,4.414122391360896,1
3328,0.45148878255099906,0.049630315766168866,5.942829362127938,1
3329,0.21940110027631438,0.16353987284920804,5.438279411821613,1
3330,0.13947684008573916,0.8238557921627282,4.417212671858456,1
3331,0.9889240394269938,0.594538311539065,5.546657671948325,1
3332,0.0012032737816299155,0.6811513893354059,1.777382528472834,1
3333,0.6595650707742355,0.37713027828676565,4.983797950767242,1
3334,0.5174435324745758,0.17982671037932269,4.165251171121894,1
3335,0.9754818604484509,0.144208775400574,5.0432529727338204,1
3336,0.11831471684341753,0.6400255441853767,5.487162369662816,1
3337,0.6228514543960842,0.6334607639938272,0.3954042645892206,1
3338,0.1427119557604693,0.6894364208289055,1.746774947816217,1
3339,0.08989217522011825,0.5019575376349753,0.5148487768266835,1
3340,0.5925774036995164,0.16974798635468555,5.855775852503906,1
3341,0.35180417795038693,1.0,1.0057812075033672,1
3342,0.5191573452831708,0.8205497094450365,2.9958687501527743,1
3343,0.789473396628915,0.9680351075224986,0.8937242234123883,1
3344,0.18164191095006313,0.8580876313862956,5.263977141322135,1
3345,1.0,0.4796385658104414,0.2560884964821071,1
3346,0.11267731830112687,0.0,3.6647982774519017,1
3347,0.31724168858961793,0.7742931614074328,1.2297948549764033,1
3348,0.9435595616040375,0.0,4.32448754955303,1
3349,0.04034264615430397,0.3232686194176045,4.459631728408829,1
3350,0.0,0.5672312768249879,2.6758679343862055,1
3351,0.47560736580753993,0.36109270112512065,0.954648583541646,1
3352,0.06057031745632614,0.5902113936811003,5.212037935137931,1
3353,0.1881905921954403,0.9995183150400035,0.5015659444755358,1
3354,0.3301475968078435,0.8627731118900447,0.5020030352099157,1
3355,0.46565647065797733,0.39919708539357507,0.21399766751898525,1
3356,0.9676860833543476,0.00466049409049006,0.4989150411821075,1
3357,0.40708866480237355,0.02320107880941272,4.424019428256478,1
3358,0.5606117129260779,0.4519325207827886,3.9594988598369576,1
3359,0.9737903294995829,0.5833241002880506,4.909162825390386,1
3360,0.8708287473120767,0.3583021273006243,0.9140397285257649,1
3361,0.03893411088708495,0.9248846141284698,1.5692238837354975,1
3362,0.40858274413374085,0.3696473545780595,0.6174119446630072,1
3363,0.15385180851078262,1.0,0.9000342248878481,1
3364,0.8184688334456152,0.3370722973131252,4.873571565781849,1
3365,0.7522184147153718,0.0,4.034242756057282,1
3366,0.875256324169043,0.5249343862037908,0.8110414103962625,1
3367,0.8173025392885099,0.20145749604000635,5.200519138007167,1
3368,0.9577918520316003,0.9994624153355407,1.453348792845906,1
3369,1.0,0.9242917492394431,0.14323591092652313,1
3370,0.8958583929968345,0.22554509850973198,5.747300236030704,1
3371,0.7958155518971867,0.0,4.599739394339255,1
3372,0.9806045670505595,0.49991548194085883,1.8420181072592305,1
3373,0.4143304605269326,0.0015858786647824342,3.6012351933594795,1
3374,0.0,0.0010412297304426231,3.211050950032026,1
3375,0.45875777256780736,0.04553410589873048,5.7384114463176745,1
3376,0.0,0.21922169947461653,4.028966071544197,1
3377,0.5488847536352357,3.771279650906025E-4,5.938176759127551,1
3378,0.385414153568866,0.8771775101028348,4.411031197637819,1
3379,0.4559309102435928,0.556147172054719,4.158591753631043,1
3380,0.1876451024439871,0.08040911031937695,1.5143604774744643,1
3381,0.4093824435385411,0.9214824151492893,3.3858022529244507,1
3382,0.18551292398970579,0.40155997463840853,3.0610293228287397,1
3383,1.0,0.9418386299409497,1.0489166233577631,1
3384,0.16761132183418956,0.28506264077696764,6.22213466115604,1
3385,0.47919487436109237,0.21163938478991262,5.415243173431445,1
3386,0.19748283198512823,0.5089564111437214,1.7484956526798157,1
3387,0.015007370010067316,0.10958569372370643,2.5542242690686168,1
3388,0.0,0.5209414212953528,2.2308170435964416,1
3389,0.9822155707889478,0.1342990006792836,4.275652812159957,1
3390,0.5942688788186483,0.1548461095603937,5.592269716431517,1
3391,0.04071486809136986,0.5519771525988254,0.4461176845510564,1
3392,0.23543059024138074,0.26590022877834113,4.3595238222423,1
3393,0.5424457321241608,0.5223253982357052,5.3968157630683535,1
3394,1.0,0.6186650718336052,0.11886025654266917,1
3395,0.9987296628897465,0.25916370286557794,1.6232344725111532,1
3396,0.017867961722052038,0.0,5.9399725071161615,1
3397,0.2567137835326262,0.5364685528732092,1.1515840030328648,1
3398,0.963917218967652,0.8628919398213782,4.597516565434054,1
3399,0.3052798031229683,0.8630310178090942,1.5243217173590216,1
3400,0.46940515736147725,0.23679473421627897,4.811166127258976,1
3401,0.3599581501147075,0.9938998148293295,1.158766779872321,1
3402,0.439938405384958,0.28584471238208525,2.8143013367020755,1
3403,0.041417230440645804,0.2991897977580102,1.4190540004765286,1
3404,0.5784979177607312,0.17078991321621562,2.887739284290112,1
3405,0.7503230874080613,0.0,5.2333025199063306,1
3406,0.7072735507049018,0.9131073377733766,1.5347361030004283,1
3407,0.9213308607826498,0.23620474313142503,4.585663486877814,1
3408,0.6987198816660656,0.8126361324377831,3.4757485818409966,1
3409,0.05559804469626349,0.42643803461415736,5.994350244728614,1
3410,0.7467678434651553,0.16689411371612708,0.1748953829446549,1
3411,0.9028184036686127,0.2913578307711104,3.669220302883355,1
3412,0.9819422008395072,0.762025816644817,3.8529519267092387,1
3413,0.7371703247690518,0.4861166148768697,1.3935717565175263,1
3414,0.423539873679158,0.6071659877269362,4.677499171084342,1
3415,0.12397938531670506,0.6577804963956003,0.3531465289461163,1
3416,0.611459260193706,0.2570581676340902,3.9618691763336056,1
3417,1.0,0.30011994344734066,5.8164649023960235,1
3418,0.16914323339231163,0.30040280568829963,3.3901081736271994,1
3419,0.864414532758539,0.29095209532335975,1.118615930700365,1
3420,0.006134694097467211,0.9965220814179866,3.36187736682199,1
3421,0.4811342952688911,0.07008960351775667,0.4088340718408184,1
3422,0.036502214762657303,0.013029846059426631,0.9458525074558488,1
3423,0.7613833385095397,0.9856463482101491,3.894297584466533,1
3424,0.8806709270646853,0.5586400590587047,3.4090288168775293,1
3425,0.7137890147620841,0.9265656499180458,4.169531072197105,1
3426,0.3449089329391113,0.07644480794316909,5.627770468972224,1
3427,0.9998539158855592,0.11092762591636081,5.204920954453999,1
3428,7.937228471505135E-4,0.25021466864886305,2.463793103795135,1
3429,0.8962684426387697,0.0,3.8996965600887354,1
3430,1.0,0.7728195630275656,5.861503896184358,1
3431,0.2997795657594065,0.7564331673833319,6.12413645924869,1
3432,0.7559590718953936,0.1574161734818371,6.18000655281257,1
3433,0.023748330416371484,0.9992385949960257,0.501865484253716,1
3434,0.6778701463456489,0.18020931962437425,0.950056895065808,1
3435,0.4317697370990952,0.0,4.487071204633323,1
3436,1.0,0.25751563987565484,0.6239920193084164,1
3437,0.5677564718821231,0.3140758931966985,4.083787963640295,1
3438,0.46732453468290086,0.00422115647511177,3.1005109016894536,1
3439,0.20876658713159318,0.8822979671573162,0.7120094255897708,1
3440,0.3573945095144441,1.0,2.689607063712323,1
3441,0.8965127687560656,0.5605501683508206,2.6277722593627746,1
3442,0.2078513918786885,0.5626864204043817,0.1675007347720463,1
3443,0.09746232267537003,0.048835807864087415,5.162778870105003,1
3444,0.32472893290894234,0.6181069706697393,3.213279028606761,1
3445,0.14194079395483736,0.0,4.496243398524242,1
3446,0.0,0.6445727922694123,4.337176687937201,1
3447,0.4181770517254982,0.29017655370547357,0.07447495538520527,1
3448,0.8515429644849355,0.8695985756730114,1.418872823976731,1
3449,0.11372856133864738,0.43492401846650597,5.926720343446415,1
3450,0.8847507957151652,7.256984456113525E-4,5.99033969626726,1
3451,0.6107579134627712,0.3681282243750465,2.80549134091844,1
3452,0.08206007700548805,0.19016389424390415,4.766893232143199,1
3453,0.7704297326905444,0.13930535638521463,4.843411951387698,1
3454,0.4205021436233407,0.5092410244580422,6.193450923679386,1
3455,0.3257836140953394,0.9944417212771924,2.9161144733678515,1
3456,0.8448448370249002,0.7349495769459246,2.8300930915982216,1
3457,0.8294747526163331,0.10450248933877426,0.6008645363277484,1
3458,0.7463922663129371,0.9990258465307245,2.4379585228037786,1
3459,0.04532263314719171,0.6054748138703067,4.439774172892546,1
3460,0.48861131210913916,0.1606120507560267,4.072358638787106,1
3461,0.5734600055645418,0.29520833103365823,5.86616086005432,1
3462,0.9956645680449517,0.4439834982959743,1.549157261276855,1
3463,0.6203985390826401,0.12355345237866404,4.232022025559477,1
3464,0.6726946131328315,0.17310667438482663,4.836452531248737,1
3465,0.35309559330763346,9.823082335073817E-4,5.745150937733011,1
3466,0.998040869235717,0.9453988003140363,5.060453773080511,1
3467,0.5208736126260748,1.0,1.0809928679934802,1
3468,0.7454656860122111,0.14541999675508757,4.075742668352312,1
3469,0.9306146490449831,0.8381508258740158,1.3800011282262465,1
3470,0.8952602791165593,0.8556965303238485,1.167006681078707,1
3471,0.06564587881234464,0.6065067347846264,4.498880707721239,1
3472,0.6548805039411306,0.09295208290746493,5.706468567504498,1
3473,0.0,0.3282098612069618,3.5184502267454376,1
3474,0.2153511451476262,0.8118177618747107,3.7400656454327885,1
3475,0.0,0.8656395690325289,2.786672044468032,1
3476,0.861751049281391,0.14948224845601002,0.819152551596801,1
3477,0.3615053789945945,0.9099356921275498,2.1005518689716136,1
3478,0.7985663394776532,0.7453764545581348,0.507961765017566,1
3479,0.43135153930233067,0.32286338576238294,4.672466888308929,1
3480,0.8985332238156878,0.7330913178598856,3.6674153504223757,1
3481,0.019473895727409474,0.9138591625597331,3.428889189214184,1
3482,0.4715647956988534,0.48299004105165827,4.7370394849033595,1
3483,0.0,0.24683677735145343,3.65129918951712,1
3484,0.8801387143148658,0.1794109933075525,4.697727312940682,1
3485,0.9079526611964195,0.47462826802974256,4.928766188021049,1
3486,1.0,0.9810008150051845,5.44917408854179,1
3487,0.7589402015768631,0.9293277238773319,2.4262967934863875,1
3488,0.0,0.3901333854578831,3.5363577784641533,1
3489,0.07766708599867701,0.03116437590424908,5.076442260656406,1
3490,0.322102957288353,0.813295544487122,1.4325923359496138,1
3491,0.0019649337664871705,0.29608169699771425,2.234984581267219,1
3492,0.6308414801856268,0.7584605474199118,3.304596460843526,1
3493,1.0,0.8926624124380446,0.2235534495923434,1
3494,0.5516354695265058,0.9983003375317575,3.229856176186818,1
3495,0.003309269134041889,3.7854724576456703E-4,4.239621721370457,1
3496,0.0,0.0,3.9836909571752326,0
3497,0.6861707480369618,0.5181856227722752,0.7119253089177293,1
3498,0.7578571511121925,0.6330972894312463,0.5212956884782355,1
3499,0.48478835010684074,0.7311966424225467,1.765412080454215,1
3500,1.0,0.4807985085049434,5.496109272145002,1
3501,0.8038008359961599,0.23548720818188398,4.242545691834239,1
3502,0.9559681734961464,7.217245325549776E-4,5.085208561368193,1
3503,0.6823185873400738,0.6756965854961013,3.327147000939156,1
3504,0.06645164643837774,0.04635127031334629,3.7381936695861167,1
3505,0.9127217368601496,0.5104504301249162,3.231677118013309,1
3506,0.013374903925641172,0.967448817848787,5.826932541029778,1
3507,0.027897338867643538,0.5349112955939626,5.472314594283524,1
3508,0.49709224862811896,0.06725091039018942,5.423795585706884,1
3509,0.4432211915566718,0.8330627156912879,2.7114074556712846,1
3510,0.6042320271974906,0.2442856964766658,0.15056296648382966,1
3511,0.9385595548291945,0.0,5.123043336239716,1
3512,0.7759467473005422,0.24036160997959974,0.26441284697714784,1
3513,0.3110701141595673,0.3799011905250456,3.9812373723041516,1
3514,0.6104694586378367,0.8533175297912672,0.060768671502310856,1
3515,0.7461233357026515,0.38683528319338223,5.148728487094841,1
3516,0.25281887428344096,0.36561444226946366,5.266405824503562,1
3517,0.3263114124089384,0.540962190491271,0.8328760774231339,1
3518,0.8656597670194652,0.19201345463600966,5.518620554234506,1
3519,0.684492201457807,0.5533953826708786,0.7374574794385675,1
3520,1.0,0.6575776954198362,0.6890898845809662,1
3521,0.5082199694981212,0.6652755017916492,5.9322336306667145,1
3522,0.8957100130482951,0.6272080623555983,6.007754497005789,1
3523,0.18991214506154153,1.4801423933002772E-4,4.092456170339161,1
3524,0.06608877261142142,0.39496961295646194,3.6558113443954414,1
3525,0.002273333390529067,0.9999863141394743,1.9943128273353115,1
3526,0.2302049086230375,0.8274812125576673,5.995335549868128,1
3527,0.3496732072890274,0.42076305645311496,2.4855088787163497,1
3528,0.0010047680502503092,0.9682114440383346,4.54675537177386,1
3529,0.08673195040898615,0.9131569847163084,0.9704910046155362,1
3530,0.28631097320268595,0.7018798577533275,3.0570893581845375,1
3531,0.19909823968216414,0.6356812056951393,4.174289031279326,1
3532,0.0013416099259778856,0.0,5.137114771835209,1
3533,0.27111870071326205,0.15715870714095603,1.8994544785652652,1
3534,0.5974209101612878,0.7029141341160874,0.7176575521506314,1
3535,0.22598366402678927,0.31381211294388833,0.3808391739924832,1
3536,0.47131543293606004,0.005238077756312086,6.203461787825553,1
3537,0.16819365944319434,0.0,5.23836117378722,1
3538,0.4336941544315253,0.05682571443826567,5.650138553461241,1
3539,1.0,0.6797594557303381,0.09076696058782875,1
3540,0.9422629304734412,0.4853599409373822,3.922515003941533,1
3541,0.023109386930195746,0.444204209811887,6.14093075757245,1
3542,0.012504448709638162,0.14142265587649985,0.6256178972439673,1
3543,0.7212082592800724,0.3751493272519152,1.4921552002771172,1
3544,0.75714141065688,0.6900140340291865,0.8512728891176441,1
3545,0.6923571086693785,0.10818553718264463,5.473961021696548,1
3546,8.156123301296009E-4,0.9996517017451609,1.8429957382373137,1
3547,0.4688355526112568,0.1727484799480423,4.071751454094525,1
3548,0.5996182965575519,0.43958250198226057,5.362385720082651,1
3549,0.34381689890623673,0.5551868880132917,0.38447358791660347,1
3550,0.8794723045596158,0.9964225478367509,3.056661770666793,1
3551,0.9611589219772523,0.031034991611591477,3.4154245040426123,1
3552,0.9358741752948638,0.568283713433075,1.2112956316035142,1
3553,0.2826895733905046,0.820742573570359,6.049006728833515,1
3554,0.6912883986105853,0.8778047261178807,1.6704256026925803,1
3555,0.8371795401301173,0.9924681563292791,0.3847901982006653,1
3556,0.6069467130710762,0.8979862717965874,4.122767247376826,1
3557,0.01253933861920465,0.3597546319066987,5.16769227021055,1
3558,0.45410663397825385,0.6386325764378624,0.8986184475958034,1
3559,0.1939171126246916,0.06930497298549443,0.7511277495768094,1
3560,0.5325620023416189,0.19299784935015848,0.09087289307618479,1
3561,0.2707320995693726,0.5764330859324291,2.695863614770259,1
3562,0.40747593888798295,0.8042747680376138,2.046599605354972,1
3563,0.9161894192624438,0.49377116813086597,4.098390960644522,1
3564,0.001928055147820437,0.39139257996429305,3.1553630760159592,1
3565,0.3417370077552165,0.4783698929169577,5.585691256356749,1
3566,0.47233176027248813,0.2831337642897898,1.7156919985663375,1
3567,0.16908716417847494,0.522202366536873,4.493323092635407,1
3568,0.7260649351960992,0.5316788379318133,0.7672104445283112,1
3569,0.963475132009197,0.275366655743185,1.0421597728963274,1
3570,0.9204937646886466,0.7575827363173823,4.217312116209768,1
3571,0.41985951054678117,0.7611912265664985,4.490495457721475,1
3572,0.7968888962761914,0.7910359811296661,2.5756514681850855,1
3573,1.0,0.0,6.25484185841202,0
3574,1.0,0.36781758465671566,0.6928497322755671,1
3575,0.7737471828651294,0.5085941307646068,3.066769991897758,1
3576,0.21979331765361193,0.10190054068872141,0.9128739873719278,1
3577,0.41172906696741524,0.5851149684288195,2.17263812292834,1
3578,0.6005130984432281,0.5135976929743468,3.7973942683145046,1
3579,0.16321181197657678,0.9095756749447408,0.8674837999112059,1
3580,0.0,0.22761615311664854,2.075311264420849,1
3581,0.17079036836689518,0.3361586200313309,3.825921572073447,1
3582,0.9649892746615802,1.0,1.4014460722402888,1
3583,1.0,0.010460879330192855,0.18041202375403181,1
3584,0.753840494079767,0.19379388112958443,2.1093730376199855,1
3585,0.9993394332769379,0.9595669395368729,0.9025067206544529,1
3586,0.49699721016012355,0.12773912472227084,1.365224307107617,1
3587,0.7605986483642937,0.9988922044382516,2.5593807679311475,1
3588,0.48235878351560135,0.7803718937621601,1.0462194302748413,1
3589,0.6520683022083384,0.12314975582876779,4.560066561389659,1
3590,0.282782863236924,0.5172133060477673,2.8340321275484692,1
3591,0.5673579290699448,0.472840535587717,3.324983013144719,1
3592,0.06562660308313996,0.4749674460788191,4.67167471208515,1
3593,0.9486037334801273,0.8077665656832759,5.705126971347691,1
3594,0.5700510467177488,0.22223172547316386,1.4750181240412992,1
3595,0.9975475361402989,0.018732338357352583,5.904915774378539,1
3596,0.2985253940923536,0.4417936901744798,5.471229123697957,1
3597,0.9780909747804614,0.5056125941696648,5.332933267686024,1
3598,0.8209820856600359,0.17137945832452223,1.1755114120496468,1
3599,0.9992526463647022,0.11761603590454066,1.3575812631974724,1
3600,0.3347736279612131,0.7208322811267094,3.859415097198548,1
3601,0.7187227288645951,0.15532017568547324,3.0775950772535077,1
3602,0.920705939426788,0.7478233705406838,5.045498169278745,1
3603,0.3234755680377284,0.8741296465729234,5.722815304262483,1
3604,0.24915844334153728,0.6623216047856909,3.814425371446855,1
3605,0.3915285047777013,0.21241961038850155,4.0333628984299725,1
3606,0.0,0.27250395321279697,3.7596009213501596,1
3607,0.1331235604212226,0.9964858808965569,2.918340865101034,1
3608,0.17422169817084623,0.7794068036422793,5.065020247399802,1
3609,0.5151552916516379,0.0011950547988234539,3.8102608247475,1
3610,0.09148244663060973,0.20575867206746964,1.889832867163284,1
3611,0.6795395760179881,0.001626012721580994,3.502391569866102,1
3612,0.5893353918794135,0.24470152787904145,5.42999011581715,1
3613,0.30704351410808345,0.693210819059946,4.120210042656872,1
3614,0.8848111949127095,0.2825927105807853,2.314707236072507,1
3615,0.990040431687641,0.05115409856763626,0.40448142525445224,1
3616,0.5245424772314755,0.5464149418364724,6.0284772327528025,1
3617,0.18909595857231953,0.21097273359689947,2.675040680455489,1
3618,0.31761422176844284,0.36445402840805075,5.914381861894338,1
3619,0.0,0.07208418308835852,3.236367159884519,1
3620,0.8209035961480641,1.0,1.6009289159314906,1
3621,0.9144058887860312,0.5999221777804828,5.439126296144575,1
3622,0.9062649148888409,0.0,3.5861626753439144,1
3623,0.9313378670211383,0.2307312389985684,3.8766936068479128,1
3624,0.28097099126378206,1.0,1.7012323599432402,1
3625,0.26489797803439896,0.6543376584333761,3.484484680198149,1
3626,0.28399711027990704,0.7890118426282976,4.2925452284294785,1
3627,0.26236792838073514,0.4363098476115197,3.6985312046814585,1
3628,0.4195828099136631,0.6051594232053813,1.2804506221871033,1
3629,0.935649303816019,0.48191628254750585,4.971325782283234,1
3630,0.7468287786240589,0.19431489339426167,6.278901347253939,1
3631,0.3269478359844973,0.21283383828571678,3.016188699596786,1
3632,0.8508063118789907,0.45457257125923195,6.016839648258322,1
3633,0.8450017033501276,0.27002819252434473,2.5499394780542755,1
3634,0.6356185132765433,0.48101044113336233,0.05257229969577071,1
3635,0.3374253441525831,0.09244315861278006,4.317690580056746,1
3636,0.7703371198049072,0.3248743157887697,5.5520909549856885,1
3637,0.8598925829663038,0.10051242898763585,5.898603896216547,1
3638,0.7369685864250638,0.34252330222366906,1.19193267969598,1
3639,0.014267523632511391,0.6019863723951205,2.8172660478051514,1
3640,0.6848749390125695,0.6605295874554745,5.520779676910914,1
3641,0.18024463510544148,0.7839149596862736,0.8984388051588034,1
3642,0.1841568193719084,0.9288261815392963,2.2039764526013927,1
3643,0.8781917854490113,0.7584746834550119,1.762868328357008,1
3644,0.8749514616914328,0.12770527379978025,3.058324348821017,1
3645,0.6291174182626534,0.0,4.894332307146458,1
3646,0.4639391102681959,0.2683108628015799,2.6548798956661037,1
3647,0.5059067167274407,0.3934285640220336,1.9512381559447587,1
3648,0.9316261337395766,0.5879746649392403,4.327373091896952,1
3649,0.3976003502154451,0.23896052033539547,0.2498651538967064,1
3650,0.7786040797645672,0.9903904730977876,2.5315466897316834,1
3651,0.5710942214634018,0.574947457781143,1.5083032003905532,1
3652,0.7473647821588051,0.0039071161220743875,5.334595481019309,1
3653,0.5524171877877021,0.2007604626254664,1.6758478128088112,1
3654,0.3096175186476407,0.9512207677633028,4.245164439419023,1
3655,0.32618287475871816,0.36328816420380156,3.6358820600802275,1
3656,0.8186175268504459,3.850039765734893E-4,3.6682854708961004,1
3657,0.12174915890175182,0.0,4.65750470619226,1
3658,0.6719637799300984,0.09065900308476756,1.9584689465860963,1
3659,0.6810532258853456,0.40394878344008117,5.357804579906763,1
3660,0.7510195218654179,0.7732244207938581,1.3069085921837016,1
3661,0.3001979864505154,0.3996409459651651,1.6995207809396895,1
3662,0.04740227257699998,0.012010361880114196,2.1968173978970675,1
3663,0.7087458629596248,0.5025555990717164,5.273666028000505,1
3664,0.21549696999208928,0.0046470211279178416,0.9400691896737463,1
3665,0.0,0.7636961085342475,3.357472494964608,1
3666,0.0,0.7021303961691818,3.063835220960704,1
3667,0.8286784288046924,0.15498982890343574,4.744650488826497,1
3668,0.10241159912004281,0.12245695082571828,1.5275580356471699,1
3669,0.8582506203583171,0.0,4.484387811458511,1
3670,0.03912161698436864,0.43729771347311036,3.559302894253942,1
3671,0.5285690163210096,0.224563558774015,4.0218518163882075,1
3672,0.0,0.7334263916274605,3.777443597888607,1
3673,0.001235389390475879,0.9155851879081023,3.5051554800534217,1
3674,0.042803943197284,0.7393900013865637,5.082287449125626,1
3675,0.7356389435522206,0.07411056989756093,1.0491615756274018,1
3676,0.8292520786326855,3.273572612699601E-4,6.132834263596762,1
3677,1.0,0.3052042250350719,1.5678370593511093,1
3678,0.9948494749266958,0.0,4.52710019311933,1
3679,0.2520611242883679,0.0,4.64995341250219,1
3680,0.5140616983024631,0.9803161398646764,3.620246998172892,1
3681,0.13907183409767407,0.5125544252016688,4.653862294565583,1
3682,0.02907372858411529,0.4290908188242642,4.079394004546049,1
3683,0.709816206344506,0.27404205527488446,4.270679521721941,1
3684,0.9295988743209465,0.7336441089646709,2.896513633246643,1
3685,1.0,0.9229819094040901,0.9982126548100752,1
3686,0.38222899922553144,0.9885945029604564,2.962745525773394,1
3687,0.48261968358284424,0.8744802051019732,2.5283767150090424,1
3688,0.2073255169737785,0.1548125401885379,2.376972453307725,1
3689,0.5637494643248436,0.4578695190169247,0.380894284008495,1
3690,0.5948449231605172,0.6772264302700678,3.9001255302510374,1
3691,0.07951879051002476,0.2298836742619928,6.040998733809333,1
3692,0.39040544859939114,0.6519590304119735,1.6996507529623064,1
3693,0.9977647415096591,0.08004053063427845,4.438043926353084,1
3694,0.13214455996387553,0.13898907897505416,4.020008237684425,1
3695,7.411548412288374E-4,0.9986368609429329,3.599236132191492,1
3696,0.9992754729943603,0.5229936149203365,0.9602348727301726,1
3697,0.9997679820921254,0.8343892691846188,1.4000457996191227,1
3698,0.7581824869791949,1.0,2.2925950170604783,1
3699,0.17422623938143342,0.49722530667451753,3.0691554907670184,1
3700,0.8804220064856588,0.6051069276971935,3.4758189972727345,1
3701,0.7874067047211696,0.7649221300350161,3.1050821549187426,1
3702,9.719576359364712E-4,0.6450207265916046,2.1200453767645704,1
3703,0.5101833069363998,0.7618811838639282,0.99145453282809,1
3704,0.4387552834373192,0.0015485254621043112,4.160569550082898,1
3705,0.1127925018544545,0.6728009580288934,3.1980235158497727,1
3706,0.5006119481405138,0.43304988870202427,2.946421657889003,1
3707,0.363548890002419,0.0038875343459300275,0.451311319031167,1
3708,0.09413964312739508,1.0,2.3024691328217846,1
3709,0.5239012740565825,0.7193448577006422,0.09646480006311453,1
3710,0.744768897372766,0.06331481293971075,4.794019870310358,1
3711,0.3905180046563409,0.04579740080672581,6.016472992399028,1
3712,0.950914776776296,0.910770554737789,2.490778640849494,1
3713,0.2444658551012919,0.47457374934385865,2.120199113572676,1
3714,0.446480835220101,0.09971458575721222,5.607956459811637,1
3715,0.34654781802315904,0.2755833793647941,6.081209275156053,1
3716,0.7860038459984834,0.5056210321359466,3.833654904710074,1
3717,1.0,0.8955400440534653,0.38952583222894804,1
3718,0.7190056164942511,0.3312679208723506,5.492401453529241,1
3719,0.5869532306409503,0.9988935470515636,3.0115408049469337,1
3720,0.08698977582408748,0.5664715745662025,1.9238529769623285,1
3721,0.3365932441095952,0.536896930349788,0.15732453310614453,1
3722,0.444018112945754,0.1690330342695717,1.9557221349051088,1
3723,1.0,0.6334300453509937,5.71128978068112,1
3724,0.7450639815977839,0.20805369725704492,3.688164415981351,1
3725,0.622990665126797,0.0,5.841369439692118,1
3726,0.9957189211034804,0.2185595608951164,1.036581265893851,1
3727,0.29851492898093945,0.1763501943565062,3.26401267934785,1
3728,0.8327008921212404,0.9820193299337642,0.8500205267876173,1
3729,0.8086587654465308,0.11007548845640804,3.3245444852228716,1
3730,0.4810872548910608,0.8515797012020861,3.0632009538142864,1
3731,1.0,0.274630811877515,6.100911153063484,1
3732,0.474788580486756,0.961400724790958,5.413738730289961,1
3733,0.6559572020210243,1.0,0.8477816116165223,1
3734,0.1875658249520464,0.11631934752367934,4.384107513047947,1
3735,0.9992227998644684,0.6035568727853993,5.1611522335143505,1
3736,0.760076113468093,0.7132422984851109,4.287204331535567,1
3737,0.5853006490466849,0.4361093991901361,5.3772387259756735,1
3738,0.9997782873420056,0.14545243049050965,1.4050885221813627,1
3739,0.993332132918361,0.5477004535377091,4.330609825260952,1
3740,0.9717297646220081,0.847245326001812,2.6778805852716174,1
3741,0.22840110885868925,0.7793595258979945,6.077798004940789,1
3742,0.04543195948241991,0.1250251965860401,4.738006552916589,1
3743,0.5510180233530184,0.15894920329088524,1.2886869366258598,1
3744,0.6247408369084205,0.9172116724840302,0.016988352603517498,1
3745,0.30490083379288324,0.712367688423968,5.847349856407319,1
3746,0.02066163506900305,0.942854289942409,4.125454742296807,1
3747,0.0,0.5212764326204135,4.086065198007016,1
3748,0.7854049721002985,0.588556506270507,5.8591376288997745,1
3749,0.22023481295717923,0.4224686347126621,3.708288978214548,1
3750,1.0,0.34208430878199264,5.351495947021377,1
3751,0.6863354728181744,0.012415935552030596,0.8741664865562162,1
3752,0.9980223570662412,0.011492450358183871,1.323237725764926,1
3753,0.9925559839309577,0.45625925599559997,4.254253859503011,1
3754,0.7696229222865567,0.6544152817174069,1.8873362565089473,1
3755,0.6894918370560721,0.8430341597547704,0.40634764111841437,1
3756,0.5994026580700993,0.04618473321766073,5.8224228640864,1
3757,0.9109311691610104,0.5181864877715305,5.369540243975831,1
3758,0.8271427430619529,0.604567903725511,4.739638865173381,1
3759,0.2971527596969875,0.6217502733282081,0.39535688861201546,1
3760,0.4863412968054389,0.7185196476970722,5.595303163489321,1
3761,0.840342138911435,0.80277561511529,0.7538046156953656,1
3762,0.0,0.39735583837960514,1.8777625946462428,1
3763,0.2675453834526671,0.008300696572167119,0.26612584350326546,1
3764,0.06497706980648689,0.01071378866216738,4.820079853085316,1
3765,0.5834275445977823,1.0,1.6001484483103714,1
3766,0.7920706004242002,0.5454907105197798,5.4525060905292095,1
3767,0.47700845809820913,0.14400176090362052,0.6496572250925584,1
3768,0.4448331330743348,0.9649266278013303,1.4594765555795117,1
3769,0.12142101420429383,0.3400898448933332,5.784693921003431,1
3770,1.0,0.29324362327867515,5.817786766418187,1
3771,0.26820736504418424,0.3979568739265082,3.7655749875588977,1
3772,0.6284158800411019,0.6709700751198863,1.7002359724924712,1
3773,0.9049819784955814,0.7672038412341674,1.815709721346104,1
3774,0.7580837734104112,0.0,5.41735905257478,1
3775,0.24419590996365173,0.3685185008167125,5.04661640378285,1
3776,0.021346366727204986,0.5744517239197088,4.505772572570279,1
3777,0.7233863533331496,0.1290364249313665,2.4765950701199606,1
3778,0.8345115419388015,0.6220583529721438,0.5076525873304847,1
3779,0.7376965968814962,0.07518220582049721,2.8316590960458337,1
3780,0.5953213509251292,0.26628958084431315,5.429154403117462,1
3781,0.5373876998084766,0.5062141411160795,5.053335395153806,1
3782,0.6278685196569108,0.9768394252738885,3.4205164073323533,1
3783,0.1918404020464725,0.29456789616556356,4.408234344625976,1
3784,0.5216545520665188,1.0,1.2283530457403458,1
3785,0.7575585228405317,0.3514780396265993,5.36186801803072,1
3786,6.520069315386311E-4,0.9388071728791074,2.254436893752351,1
3787,0.5730779602762602,1.6480404888941525E-5,3.4722787985098913,1
3788,3.1500289592555054E-4,0.9131077819587365,1.274994365483778,1
3789,0.531100711759088,0.0,4.830416380900783,1
3790,0.17234158351756276,0.5930074305950668,2.4513662499150817,1
3791,0.0934376631656097,0.661191822002014,3.8975281952405214,1
3792,0.08012640173167565,0.9024962291266349,1.6048265477629675,1
3793,0.8428007175049778,0.95510744658475,1.6640083400179775,1
3794,0.16296951918374103,0.42413275922316623,1.1383666506565209,1
3795,0.8608895569446613,0.5737867628337758,3.927577008094772,1
3796,0.42508541798771055,0.37697586425932317,2.5270713343084985,1
3797,0.29564734296667283,0.1411072423519401,1.4062336793209325,1
3798,0.433492060127574,0.9672626453307501,5.709972327372997,1
3799,0.5483479042824051,0.12629182007034462,1.2552434287641003,1
3800,0.7677648509265278,0.9994837957346263,0.7898104303365794,1
3801,0.816810499222644,0.29256802410744,1.2714313311038596,1
3802,1.0,0.38938282161639626,5.602588745771285,1
3803,0.2544786316613874,0.5496579279435228,2.5848184123069258,1
3804,0.04104966170996092,1.0,0.32842867093043826,1
3805,0.5517376668472935,0.0,5.745392159103136,1
3806,2.4743108193807557E-4,0.4964895160161759,4.565135568954062,1
3807,0.0820290598163108,0.27605782956210967,2.049256358495799,1
3808,0.7410868822997587,0.17743693756785142,0.6531512569990209,1
3809,0.94000629717037,0.001194322302764482,2.8001345726334583,1
3810,0.8539575046578387,0.7464310478822479,3.3922912769532383,1
3811,0.49373186075258274,0.21430739797474932,3.23309791683727,1
3812,0.5868084361150997,0.08580866438492568,5.715701218846729,1
3813,0.9984603724488089,0.5748649074995458,5.299078281936722,1
3814,0.5442683496175382,0.2110772202405987,0.8056796666152035,1
3815,0.03572890060673758,0.7207992717894366,5.756418696087675,1
3816,0.3713761727882023,0.46776702079009314,4.8090989389826255,1
3817,0.0,0.581221350245014,2.7689053354988364,1
3818,0.5582251017543592,0.13797238977581397,2.156684956711181,1
3819,0.03886549586360939,0.5462376599658084,2.8191926603041537,1
3820,0.31055199998000316,0.6772057024730115,0.3705333355493447,1
3821,7.309597510535748E-4,0.17155193055499696,1.5174079372233913,1
3822,0.457875545090791,0.5771975049285227,1.6464171293683867,1
3823,0.06951436300893314,0.3999111330267734,5.611542937271102,1
3824,0.6641711389693846,0.04476003796528747,2.7820364994877496,1
3825,1.0,0.6032849816815596,0.1512469309656832,1
3826,0.7704907041561898,0.8229097161859027,0.999877587129958,1
3827,0.3718876464013283,0.6358470777641392,5.537537296657396,1
3828,0.6678334105264482,0.08290484732104843,2.128500666806791,1
3829,0.5452720093219813,0.9987496662717076,2.847134341026225,1
3830,0.01516077681656214,0.7440183552796175,3.8633809988151664,1
3831,0.9995918761858829,0.5380487896616507,5.135547370963263,1
3832,0.45908201758390277,0.03029761977685818,4.126583151380792,1
3833,0.5772853433593422,0.768649944584761,5.5189173802018825,1
3834,0.5206196246698379,0.6001002632629341,1.2652590974800333,1
3835,0.8679984136934755,0.5924576641230594,4.159328816000939,1
3836,0.0,0.43957829897096384,3.464293598979726,1
3837,0.5642554436608979,0.24788673595706015,1.544451627403131,1
3838,1.746077771176149E-4,0.9063032982304063,4.633446302104433,1
3839,0.24268874841318155,0.4868876418695504,4.298264076711007,1
3840,0.5586380975349428,0.8902878613772948,0.4392874466598084,1
3841,0.6179737700455823,0.5782206242456885,5.1340434999253945,1
3842,0.7475219305702935,0.8485434340122138,2.8436524695203285,1
3843,0.7695695587780719,0.062284113765614865,0.6288281985115525,1
3844,0.2353865963839081,0.19421032094453294,3.6128291354898896,1
3845,0.3306276554393664,0.11999995253820088,5.915616894783576,1
3846,0.6368694390871388,0.10511647773305126,1.3862221077431998,1
3847,0.9030789631941883,0.5851388050137748,2.174948336060284,1
3848,0.9992109125682078,0.7945031723258715,5.655462691166872,1
3849,0.0,0.9539174549657479,3.4459835822457188,1
3850,0.0990788117564423,0.9786086015455747,1.9343125377807144,1
3851,0.08754734280886317,0.9653943707415016,4.10657624720827,1
3852,0.6959959316579445,0.48559066505932147,6.175034137755808,1
3853,0.6474908933060692,0.9994952698470899,5.600456287521706,1
3854,0.2575387020923616,0.9993712115190891,2.8063667296007484,1
3855,0.5752625181430799,0.6963165690551772,5.0764060076077815,1
3856,0.9407041450878338,0.32210536690381225,5.565426772466872,1
3857,0.2966894950799678,0.39237936350717484,6.166752127996055,1
3858,0.6642478199179871,0.7799288050700619,0.14876182663359824,1
3859,8.893027726460591E-4,0.5007282131228039,2.1702507226060814,1
3860,1.0,0.3312723262078259,5.598295789639514,1
3861,0.8823530452696915,0.9229927291527129,0.2916311858349663,1
3862,0.44222154879448033,0.12371267164540017,6.27885967476291,1
3863,0.6996576515713827,0.291468008190558,3.349503628616391,1
3864,0.24988248247900713,0.1585553466593899,3.875790985536839,1
3865,0.0024539121645804412,0.10036008337101608,4.878004274890021,1
3866,0.5814291475655784,0.328768289962721,1.7728136025427657,1
3867,0.4339040796193138,0.47620813351579,1.5483527961193888,1
3868,0.2542632003656714,0.2355181671245436,4.003131717798919,1
3869,0.8977205785290455,0.0529211771913649,3.258329827098686,1
3870,0.2977282707361219,0.8892028725252911,3.7602263917668592,1
3871,0.1698523318930893,0.5427861839364817,3.208116458312176,1
3872,0.852471218869691,0.7696972143413846,2.9923902476940225,1
3873,0.23627443348586064,0.689700860451,6.2360925992262235,1
3874,0.3600765828996671,0.5581975359138862,4.008837599122286,1
3875,0.0703969543060223,0.8699249121411418,1.0956720693562794,1
3876,0.3592107117513771,0.4595670189055756,1.9427276190925833,1
3877,0.7068971334070121,0.6228111998286529,1.6589604035902845,1
3878,0.24966610074877119,0.32006695394002316,5.266061484590193,1
3879,0.10405970548212777,0.0,3.7774822632030407,1
3880,0.31461176883764624,0.5294697597808402,1.4754797668168793,1
3881,0.036365581315384206,0.5654145922709096,2.140379672118434,1
3882,0.0017350278839175317,0.8487807850042324,1.9992320096299865,1
3883,0.5820726092359223,0.22224308220693026,0.6940242514837109,1
3884,0.6818192687831965,0.8669265707198619,2.3807145538728123,1
3885,0.5547377908893039,0.019898228907175096,2.385707960901561,1
3886,0.8914802719358088,0.539557546263389,0.967664165295298,1
3887,0.6970706708100634,0.992144429996595,5.723736984911076,1
3888,0.264878927307273,0.9746206825297387,4.20953859027306,1
3889,0.0,0.3882591488825689,2.761584027429572,1
3890,0.3404072313235669,0.8158072766362439,1.0168046640819297,1
3891,0.6361699589809126,0.03381666816786742,2.3610158693852705,1
3892,0.22631950857046693,0.6500573207565478,4.546782579371479,1
3893,1.0,0.6212370512328481,5.439550735917215,1
3894,0.7009258724602466,0.03278032678134824,5.981865622894789,1
3895,0.5998718333951341,0.2574550392992716,2.598868070518538,1
3896,0.1496279686432595,0.11804036745735683,4.021956909014149,1
3897,0.9992431709510415,0.9758763903286873,0.02670462414769434,1
3898,0.08560746311366026,0.3373692559468023,1.5738052110683884,1
3899,0.07090756459199646,0.03694101403867072,0.6365385694899346,1
3900,0.5948093351481308,0.49915631889522977,2.3434803170329053,1
3901,0.785023885902658,0.9569730808165254,5.753184318182817,1
3902,0.002824398611986782,0.0015291168390125674,4.259900144291748,1
3903,0.0,0.8651881121862124,2.9058364318720984,1
3904,0.8864263917508163,0.04865221352081205,3.8246823887374077,1
3905,0.8209397520269179,0.39554879902292195,5.418224357749295,1
3906,0.7254060744722156,0.6647763794718807,0.06435442442458428,1
3907,0.46355000104023814,0.45036006666073775,0.21924987150532518,1
3908,0.04927126309240968,0.2660031206407969,1.9597736096227365,1
3909,0.6817523077041471,0.9998600561404241,3.3174271467834417,1
3910,0.5972567472872511,0.36615079563360003,4.056702608775799,1
3911,0.8294034956297816,0.22736578136336463,4.766281402815291,1
3912,0.6858211670123594,0.20566949988134436,3.7781516921718588,1
3913,0.6271177628265993,0.927196072845438,5.7686765289472675,1
3914,0.44203699992632023,0.1933790319104528,1.250699096410984,1
3915,0.0021284151312923783,0.4563041421129539,1.5271762027965992,1
3916,0.9372518337767273,0.8086579474473788,5.124375283753498,1
3917,0.8430725789168148,0.00867822294453582,4.0429903244621626,1
3918,0.21476427766479256,0.4867939353097358,0.7104852468188704,1
3919,0.939064389360634,0.21673190367419115,0.9819683757644405,1
3920,0.9972810040480681,0.6022782111451507,4.187547500900836,1
3921,0.6208474361406503,0.07815012721043618,4.686660817168958,1
3922,0.6092313419603758,0.3847399039588775,4.561770274193258,1
3923,0.4674360324624046,0.0373112268903739,1.5495114768080591,1
3924,0.89932628536448,0.5019054782019335,4.8727024181185135,1
3925,0.8388122068090876,0.011755667450635941,5.841814736632502,1
3926,1.0,0.004249969106367073,5.328792095963776,1
3927,0.8849974206342723,0.3884875302617012,1.0241385580679583,1
3928,1.0,0.8689397539208984,5.779793245098943,1
3929,0.21005025681763823,0.19220564063544088,1.8375221698289026,1
3930,0.9930864834545192,0.579619834605333,4.387858618799706,1
3931,0.0,0.5525307455421986,2.129729872533369,1
3932,0.14435850593315075,0.20428464518767567,2.26662045368482,1
3933,0.5628290869696183,0.9701958574071139,3.8045588459462234,1
3934,1.0,0.6881670370965697,0.7703863027935365,1
3935,0.3606069169598761,0.43199490480306313,0.4856762701096999,1
3936,0.5671313604569235,0.21535811712437364,3.7906666118516092,1
3937,0.330539964584802,0.935202985756165,0.8021790282448151,1
3938,0.043433224362273176,0.9686445186721565,2.978026322813377,1
3939,0.0011387017783022584,0.10182298997153547,1.4458543776708563,1
3940,0.814081278799481,0.25914619171853154,4.599635729501562,1
3941,0.3389669946965129,0.4460033590892762,4.942962491028584,1
3942,0.20222339958892926,0.36920049715244146,1.0181414656587153,1
3943,0.25595673733794205,0.1617503319497373,0.515529616604273,1
3944,0.9998674860207075,0.26127686910825965,6.01913911996785,1
3945,0.0,0.7179821059914272,2.405446123398382,1
3946,0.37780172245039406,0.15365794977180763,5.771152933655071,1
3947,0.1739199031513281,0.8303331150625837,0.7340377816766516,1
3948,0.6986301068184563,0.04740957477116086,2.884102014235411,1
3949,0.0,0.48348025656010996,4.133810735810903,1
3950,0.2321226557599215,0.7304308939769558,4.975908648505495,1
3951,0.8905514675879972,0.0,5.08759224500073,1
3952,0.6199981170864904,0.5041394536137231,6.122430546078567,1
3953,0.7270837691445191,0.08015808349539147,3.1966886912605768,1
3954,0.9999246512678149,0.8946181389802322,1.6651220545379435,1
3955,0.10319455518573814,0.744239930845917,0.16297787317895876,1
3956,0.7331613389073076,0.10050562015326214,1.1450875653310035,1
3957,0.984762212197626,0.040367273739621456,1.0672097131451497,1
3958,0.0865561892724239,0.6297462665969156,1.9260597775060995,1
3959,0.8981871333800849,0.27711163534412714,0.49121969483128636,1
3960,0.963605292534062,0.20237954837537175,6.255156640903491,1
3961,0.16835754317010976,0.32612212303517646,3.951466410206775,1
3962,0.8769986453216514,0.058981460285943615,6.265853466492667,1
3963,0.010564252771421105,0.6890449596473749,0.7650964963949982,1
3964,0.8942764317221239,0.5513837012586724,1.5442847936078352,1
3965,0.9941814722135968,0.5350244647410531,6.048434384881654,1
3966,0.438573817893171,0.5843458418581088,5.768185799233253,1
3967,0.12800127316764248,0.7989565976966552,3.1445031568355186,1
3968,0.6532390026265131,0.3157324094920608,3.360872905268249,1
3969,0.3134975318948403,0.11510376488469176,2.3457515129651054,1
3970,0.8320480892620834,0.11622024930475666,3.8644288598289056,1
3971,0.575507188403135,2.3080725738710856E-5,5.449204563969182,1
3972,0.45017588091606886,0.4645825715491156,1.9745465172783423,1
3973,0.9902761281508227,1.0,1.3626869350707334,1
3974,0.046976649220897684,0.4631078323894348,4.926878611172342,1
3975,0.8605469823183065,0.5687613869909532,2.379037019020868,1
3976,0.10457092898717538,0.761869057398734,2.83295095118531,1
3977,0.9065301211201098,1.0,0.003746220418726409,1
3978,0.6125819380795311,0.7249537317665868,3.400851044249161,1
3979,0.9845545133242504,0.7380579787802743,4.294181118184225,1
3980,1.3295286231818039E-4,0.0378337933947956,3.8741689196479925,1
3981,0.21783620698018036,0.31135911918111725,4.11254386404266,1
3982,7.460339347773921E-4,0.7724980574608556,4.403716506080941,1
3983,0.49486170910961563,0.7763599553591622,0.9466803051957117,1
3984,0.9528995115550698,0.9999139380705672,0.8259375531743631,1
3985,0.5808160851369493,0.8088734870977617,5.68795621568159,1
3986,0.24586623319694034,0.1309249326022072,1.713896529428977,1
3987,0.05814436272680364,9.123271694364675E-4,0.04793169856791035,1
3988,3.397133548603662E-4,0.0,4.028333070710138,1
3989,0.34845283218218065,0.0016687286994539602,6.17006288722399,1
3990,0.0,0.002710061711223107,2.930413867033503,1
3991,0.040182505923701324,0.9997563739759953,1.8426674532453797,1
3992,0.198130471127574,0.8976968261807707,3.497518993975679,1
3993,0.32202505076682825,0.2546205923662389,2.5571997399842816,1
3994,0.22577917977063272,0.6743352648348001,1.6879771814936364,1
3995,0.4751396744772389,0.7144744057929444,1.491495290175198,1
3996,0.30291085962472164,0.31541854754222887,1.432314780973129,1
3997,0.8272307697246316,0.9988870686600093,3.1694969933069763,1
3998,0.02166277565090073,0.759339832321183,5.8544345683023815,1
3999,0.04381932300674753,0.7728804967286751,3.1671507654129445,1
4000,0.66444264902509,0.6661878540919602,3.768734497902624,1
4001,0.8777568863885878,0.6085631682541095,2.460942749535499,1
4002,0.6264077004558043,0.5797307597079535,3.1847957968897633,1
4003,0.7074054449558149,0.996120329028,3.4991308502180747,1
4004,0.7739230421390195,0.10549718671418337,1.2918699721340499,1
4005,0.22018716307833416,0.5546580467868156,5.461002890650886,1
4006,0.7154207616916936,0.5685859564314348,2.921930927997378,1
4007,0.10138004033326861,0.5191127178893253,6.2026367624455165,1
4008,0.3445810336364872,0.12843063715009229,0.04203158147136772,1
4009,0.4234567886983644,0.3572907277977744,3.0439818175252964,1
4010,0.870642760368297,0.15310111872975524,5.811021483202303,1
4011,0.9865092754189236,0.9999117383074041,6.172633138253849,1
4012,0.6791647311324868,0.6441611015157709,5.643236983875121,1
4013,0.0,0.28638498477436986,4.419534737213123,1
4014,0.483558100126544,0.8136502667380422,4.334141914593187,1
4015,0.6431535409994918,0.824646868674687,5.6952167954166555,1
4016,0.7828780913858028,0.7635188105677757,1.695968468525167,1
4017,0.22475269275093746,0.13956807891624085,3.1629043879003427,1
4018,0.981161539992305,0.5397257298266637,2.325449734765273,1
4019,0.11183479684713603,0.6335663267429439,4.290215001321752,1
4020,0.8891317687692232,0.45285258994558913,1.2526424826743923,1
4021,0.7412080476600931,0.1994381762505743,2.292093831440821,1
4022,0.4963039757920541,0.0397691321343858,3.022258847698745,1
4023,0.360371296870527,0.3866944127494924,2.278507983024701,1
4024,0.33663047499318305,0.7812623402395794,6.201690546957392,1
4025,0.23441045913877917,0.2751088217324388,1.8007476962394784,1
4026,0.844938437893228,1.0,0.8921535978269839,1
4027,0.2812344927276736,0.07179378174173175,3.113667210208623,1
4028,0.18543034622440047,0.28960901115722565,6.064151361301507,1
4029,0.6635380737643216,0.8982666801612443,5.877852668317976,1
4030,1.0,0.002836292856247204,0.2633057194011556,1
4031,0.0010695189973691764,0.033484832881787704,2.6031291850876213,1
4032,0.8801402410380785,0.8738249573446394,4.9840270682262195,1
4033,0.7700874586569426,0.42682964052852207,5.708379243318766,1
4034,0.05071368118336454,0.04376019920251835,1.9184038741046308,1
4035,0.19965752876245518,0.9252590281042965,2.2754367108719507,1
4036,0.7713827822918679,0.43151026394456526,0.42657990508490956,1
4037,0.7205333639391942,0.05333259789352876,1.6952422577604445,1
4038,9.447498684465719E-4,0.5538349726995341,3.2500424133833863,1
4039,0.38393690689572724,0.8026130592251319,0.862996549401024,1
4040,0.9290574808429368,0.7739296596366804,3.32005753952165,1
4041,0.5611727381075622,0.9996580126143072,2.4839858542139486,1
4042,0.6889894800449591,0.1284396866833958,1.7229583675611329,1
4043,0.0243168015418215,0.6605869717223497,5.051476474559301,1
4044,0.18802672535176954,0.30974065256284466,5.786966537641081,1
4045,0.3848824656918217,0.3293228419087323,2.765895658305162,1
4046,0.8788625596170264,0.209582935904842,5.207747412129857,1
4047,0.8362963326193057,0.0762186543972749,2.918970495532407,1
4048,0.17894731543120754,0.5648722250328732,4.491720848583596,1
4049,0.2791135774130377,0.7324662645688623,0.9573974573974139,1
4050,0.07872636279059939,0.4627712451011595,1.8070580599404737,1
4051,0.9642366865480658,0.1808189969057135,5.576294198357797,1
4052,0.6726959040391688,0.5558186352385289,1.9386737878004,1
4053,0.8998175437751026,0.35537959280800524,3.0085662837708274,1
4054,0.2265308850338922,0.6511585524936817,3.570122941795615,1
4055,0.9965738795091587,0.3607242669332774,2.1192410819976826,1
4056,0.5908819570564791,0.3046957988065654,1.468601917325552,1
4057,0.772156512182909,0.9795926527992616,1.3945928500599363,1
4058,0.4398478790847701,0.9461894878858931,2.208413563977766,1
4059,0.3617243337782952,0.32621180977761305,2.0822859512010945,1
4060,0.6121013355179451,0.007021153568512211,0.31197388784208174,1
4061,0.760882318236659,0.4216953955345193,4.23620060843688,1
4062,0.6577529033144944,1.0,1.6600609308998302,1
4063,0.8428335415916112,0.12345550142198936,0.962189107919292,1
4064,0.5016496173166796,0.8586996426752438,4.202939949731568,1
4065,0.4493405843759443,0.1763416547124409,0.9236117649711788,1
4066,0.8332481374090859,0.1361562939153293,1.910805857399973,1
4067,0.6297336637718449,0.0,5.928110721599199,1
4068,0.5401326526538403,0.13762693412764018,1.1057168897597542,1
4069,0.6687791913977944,0.6770487934577016,5.567111123320382,1
4070,0.09651678677797884,0.7879026319527328,6.038330336730488,1
4071,0.6427690022763359,0.9835297030306721,4.050842466387542,1
4072,0.40762472664033034,0.7263491752231351,4.4660417262462,1
4073,0.9557351044441244,0.30097102594047204,5.83246657634138,1
4074,0.5445134519222251,0.09408674389885112,1.6741963157951911,1
4075,6.304187768728491E-4,0.3074441503008895,1.9468002082130358,1
4076,0.6223786261005486,0.061589902305771445,2.3996272935954877,1
4077,0.1270583696370462,1.0,0.5442581134757907,1
4078,0.8581687593438303,0.6730656657534771,1.187255708754085,1
4079,0.18829117198538886,0.9870881305335223,4.2904132109419155,1
4080,0.11978810200401963,0.5836644809383764,4.130092085645487,1
4081,0.360800554220757,0.30678678208024823,1.5149463801492455,1
4082,0.21686931478641266,0.7496265808342335,0.5471768006544198,1
4083,1.0,0.22721493362539788,0.8101698691217948,1
4084,0.08684159267012553,0.7608134628828881,4.602599368176451,1
4085,0.0,0.5821491061317261,1.7889161376162557,1
4086,0.5185622617016757,0.21526431417651062,1.890858161629004,1
4087,0.7806068576739901,1.0,2.5492406398947995,1
4088,6.170037638267914E-4,0.5419062381425895,5.171740868544639,1
4089,0.10462656000364176,0.9989007688183189,1.142155704212445,1
4090,0.7657092038740917,0.8709630139406425,4.979573454223067,1
4091,0.6154333454762829,0.0,3.6824319820898315,1
4092,0.0061543634861959415,0.4065756572039804,0.7938334489265078,1
4093,0.5128294075147868,0.006788478121968317,2.9655430394981743,1
4094,0.49405204934396924,0.5742310501943615,0.029695498025091,1
4095,0.3514304932316145,0.5674050808364197,1.5194861351697964,1
4096,0.6786671066181857,0.8197607387428526,2.987282087709502,1
4097,0.9305298566395203,0.6586691184841199,2.3668424648569175,1
4098,0.0,0.0,3.7470955144890103,1
4099,0.997670885557766,0.8695299091028512,5.036640612341423,1
4100,0.7972258227808694,0.08486700418890102,0.8397831630012483,1
4101,0.3201407649780388,0.4259931691286613,4.465353065063975,1
4102,0.3592369733620584,0.1888911177964466,1.4445403473553897,1
4103,0.758018698530646,0.6929036271214595,5.689749443790043,1
4104,0.5526567319809588,0.6781829720947132,1.2689886082768103,1
4105,0.8845143065321537,1.0,0.9900027396798261,1
4106,0.18519249314327665,0.10606318511803282,1.2977579171820068,1
4107,0.3618683543096796,0.9669258017289548,2.670583532526224,1
4108,0.40572641379319013,0.789325772450859,3.9701315131774773,1
4109,0.09105193161398348,0.9680721169606639,6.225186142446778,1
4110,0.7523548306497254,0.03236128125833149,3.3981665713282716,1
4111,0.9633062543794614,0.8909812534299828,3.96182645529223,1
4112,0.47456025071569563,0.7792022662231997,0.07281393282264259,1
4113,0.36278173670546043,0.3942610017234908,5.042845023391113,1
4114,0.6876535848260884,0.3108975731317298,0.9448555796417551,1
4115,0.8318526856251243,0.9977956877220742,6.268615637464499,1
4116,0.6647173866444452,0.4111902724748478,3.791576375828504,1
4117,0.3850125392394229,1.0,2.719575018048136,1
4118,0.2735266446293595,0.6450807977394234,6.240126741384049,1
4119,0.5711478625212777,0.6693563949545247,5.77182830278371,1
4120,0.6327977074462765,0.13295830456984398,4.057405136711204,1
4121,0.34425696742207523,0.18640400876578186,0.9025264107150031,1
4122,0.5490915537196941,0.2547833791094756,4.57364700593757,1
4123,0.3438034389106219,0.271255719329323,0.8985379978579257,1
4124,0.3421650235987412,0.7432879262270261,5.570460132065255,1
4125,0.56098958082928,0.17920222549264875,3.974225965125103,1
4126,0.4755180439424945,1.0,1.592200857377915,1
4127,0.739243816218024,0.32189070869358566,2.2059155296027173,1
4128,0.7420799161297374,0.25969797058148125,0.007133076434471697,1
4129,0.65617300566668,0.0014763611827701701,6.0016394938751825,1
4130,0.8331147948218202,1.0,2.825817949369719,1
4131,0.9581911338814934,0.0,3.440858903428996,1
4132,0.49601719886351553,0.0015030413146637387,5.569630467460614,1
4133,0.39054392458090303,0.7724039198519225,5.774460615953574,1
4134,0.0,0.37552554925107584,2.848722443942217,1
4135,0.7908237757687185,0.2715186488733581,5.799984981607969,1
4136,0.36195122452980594,0.7258779276832926,3.8367896221046958,1
4137,0.395542880274148,0.20965535200773266,5.03245977870582,1
4138,0.9623276973441461,0.22520389399440383,4.563203656660987,1
4139,2.531503583544084E-4,0.01787454490988542,1.7605087405641946,1
4140,0.36292015348388107,0.15065361412579217,2.372011131768103,1
4141,0.13419127459793148,0.7049579430754557,5.97973267010182,1
4142,0.42502061892970533,0.48969835189795224,2.834309690032152,1
4143,0.7571548469937135,0.5085746930248489,5.555305482281899,1
4144,0.0,0.027858389866085465,3.5710933214607685,1
4145,0.2753155770447606,0.06942141985234013,6.248560942834962,1
4146,0.532988746494788,0.12336438295852754,2.252083585165725,1
4147,0.810813600547397,0.5106877260702363,6.027658766706105,1
4148,0.005566865596821575,0.28617505470931653,4.621120708248428,1
4149,0.7234228154967797,0.7109409715382529,5.3299048501651365,1
4150,0.33024270715349846,0.8068750094228743,3.0986524198815593,1
4151,0.19108571501452068,0.5056490565788753,1.8459800286689796,1
4152,0.8645361946224795,0.8000363145283607,4.813108999681351,1
4153,0.6487350261519336,0.2768441184400956,1.384340805079126,1
4154,0.18638958762862795,0.4682132895192474,4.81399494541968,1
4155,0.18758804750212976,0.40918826098181404,6.266014550460791,1
4156,0.9968300557730689,0.47199768896192146,1.0585950946833111,1
4157,0.584919825689871,4.919768015192836E-4,2.8422001846017553,1
4158,0.4329280266716243,0.22799793176780056,0.05551389049706046,1
4159,0.5127380827461319,0.10857559641420395,5.25131315239344,1
4160,0.2303738656211109,0.8213914072006314,2.7499521281319677,1
4161,0.9517761122096484,0.3520519486791467,2.0187140105102954,1
4162,0.053500307322844595,0.21250902748878434,1.7895436372019584,1
4163,0.23487527834115923,0.7728684164638415,5.3099873464140686,1
4164,0.0,0.7336117792380615,3.4709816664883375,1
4165,0.5909268933978243,0.2655969902048198,2.079944414666324,1
4166,0.6245942676367569,0.2763791645902576,0.552542868001804,1
4167,0.02103362548796524,0.6274535087804329,2.0079849504152563,1
4168,0.3389961261551251,0.5019546003465049,2.682885975527296,1
4169,0.0,0.5430331147936737,2.350722197473317,1
4170,0.7065867595033012,0.6256746711695028,4.690488305369908,1
4171,0.15212925514317258,0.3153606279427644,2.613173505698936,1
4172,0.6930379701509135,0.6246164459324417,0.5394530595758811,1
4173,1.0,0.9997596998637392,0.4778778981372812,1
4174,0.6207255572825005,0.07851267225613728,3.6259091673182966,1
4175,0.3656734605303558,0.0,3.7040451873252587,1
4176,0.5937618033019022,0.6464922689945908,3.3843633091648755,1
4177,0.39051047479446815,0.7603450665046928,2.459016935589627,1
4178,0.07091153168050292,0.17103525909222322,3.3329990378068106,1
4179,0.40676306720979155,0.20850085993090442,1.8669193525477301,1
4180,0.849403409604789,0.005151840437933062,6.104467712749785,1
4181,0.04592878827078175,0.026087979335598976,1.0219179755013061,1
4182,0.08669241664898746,0.21445299945759874,0.3242260617881713,1
4183,5.83013106430471E-5,0.16963389297948953,1.4978550258062797,1
4184,0.19257051240335743,0.7272315761286839,4.005214339440323,1
4185,0.7731557252695573,1.0,1.1952372277977428,1
4186,1.0,0.6253856044517738,0.4338502934550049,1
4187,0.3207692371071642,0.0,4.494685181579522,1
4188,0.4640152879980489,0.3004871920914318,3.4412504424080645,1
4189,0.5803562105179024,0.13376648876667938,4.016833056481224,1
4190,0.2904519311926314,0.8071698919946015,3.72979781156366,1
4191,0.6365196607658578,0.48399455953483284,4.816248167052552,1
4192,0.7624555713789304,0.999240651343042,2.857728878661159,1
4193,0.8224186773061598,0.0,3.774867760253424,1
4194,0.9514583524185517,0.11926398124830129,0.19872933369280593,1
4195,0.20155338566937236,0.4987319073251781,1.0268662507085051,1
4196,0.868569300263664,0.7027976018891885,5.24260702101314,1
4197,0.7462102493107314,0.9825415576730698,4.8438656738289545,1
4198,0.0040574330191997755,0.6316042207425772,4.870974147832953,1
4199,0.46434216433197895,0.38133721715261526,4.358491205206161,1
4200,0.4372163896103747,0.9978408826759263,0.0704441147362358,1
4201,0.6878983821251492,0.051972228649868626,0.4266818364817502,1
4202,0.0017173267930257012,0.1436311317608994,4.803887528543646,1
4203,0.8036416924941128,0.9997804669388425,0.7475353999808192,1
4204,0.6981361388722759,0.8193806386902449,2.7804199685786757,1
4205,9.61343288148909E-5,0.8549934186934052,2.9342270507999144,1
4206,0.7108459712227825,0.9913788354404192,3.5549812380503467,1
4207,0.0,0.4714425178841862,3.825746467500496,1
4208,0.8754878113017941,0.9104452737550209,0.41089333949853896,1
4209,0.9978954378421873,0.7445063512388549,1.5843361939106377,1
4210,0.5081547051126319,0.6378777588430495,1.9643199410401033,1
4211,0.20713142633914827,0.5871283627431374,2.6969952219509135,1
4212,0.4494664465610472,0.5215625939583934,4.5078450684566596,1
4213,0.19168387803275946,0.6423728482835118,4.522255316207064,1
4214,0.21624081041077658,0.6558018819797242,0.4844889481465678,1
4215,0.15608440928458456,0.6444719198621244,1.7502811757791348,1
4216,1.0,0.29606798188775296,5.933728456824114,1
4217,0.642404876527068,0.0,4.6115664602458875,1
4218,0.29418437860203817,0.6210975373029209,3.916784599550339,1
4219,0.5389245315773733,0.12810382821783567,2.452356984783809,1
4220,0.7072367805878633,0.9994528685102861,2.280020805215533,1
4221,0.3761083317274674,1.0,2.1172083674220774,1
4222,0.9716863484895413,0.3959172246028646,0.33262558694183886,1
4223,0.9721249950128218,0.27307053709891516,5.26780565751069,1
4224,0.37563918810605984,0.7136443261754277,2.4312120394887407,1
4225,0.2444455330956385,0.908675203858732,5.408616917866009,1
4226,0.8507686223115223,0.6999135950612274,1.7993297536820771,1
4227,0.22602573708277302,0.5391078563939695,1.6587004326053874,1
4228,0.08791662050411353,0.1772959290865601,6.130318181062338,1
4229,0.12112012401566716,0.24635045934023098,5.766424911744229,1
4230,0.6340918971010161,0.6223698391351372,6.167632219288064,1
4231,0.0,0.7367742989466066,3.3110097291874028,1
4232,0.03822542311928943,0.008815005297513551,4.399662907498981,1
4233,0.9992797665716987,0.5156414956663011,1.0559684574242703,1
4234,0.9060584343918883,0.06480284645184886,4.81548933864224,1
4235,0.13748835401996778,0.604266005570384,4.490806352551549,1
4236,0.7464966076358127,0.23672053197306023,0.5253391939995238,1
4237,0.9799084259758485,0.6977545232516786,1.0775212788848134,1
4238,0.4020381392816356,0.7372742360809239,5.253275207994406,1
4239,0.8692488532397694,0.6667609170572224,5.205488943920602,1
4240,0.20096729513815495,0.4450785065672134,0.4166170820844207,1
4241,0.6718438675812831,0.03606645983168798,4.630031084370767,1
4242,0.06441308962639199,0.07884648240191697,6.077721768594429,1
4243,0.962622534981606,1.0,2.216254551747313,1
4244,0.9984081685843477,0.010258214774970012,0.5268215969475964,1
4245,0.2695968001571838,0.8275935285276573,4.9885198845378484,1
4246,0.4958429113505763,0.13628740294252242,4.335805717112006,1
4247,0.579024187763093,0.1281184866281883,4.734239440370104,1
4248,0.3309259857166136,0.34970722820684125,4.045451328323949,1
4249,1.0,0.32351083537603426,5.913951462624924,1
4250,0.8035155389637606,0.4606569158449283,2.1352679662669387,1
4251,0.4276268391790572,0.39611007157252803,3.2006227990114,1
4252,0.26354719293737267,0.8140585170829271,0.45958371990289143,1
4253,0.41157711920838574,0.35658441420314785,3.5857464675247175,1
4254,0.027976250091882635,0.0,4.041469704653923,1
4255,0.9031097066804695,0.07807961843446103,4.310897444120309,1
4256,0.18766725220927874,0.16360814224233172,1.4028199656439169,1
4257,0.35879334207894764,0.8603041812825768,1.9578720235423437,1
4258,0.60859941255686,0.0366698631267669,3.7590128479733464,1
4259,0.16197622815535798,0.27007389503107293,5.223818484781999,1
4260,0.49825159039245154,3.27662569815131E-5,3.420348140929082,1
4261,0.8673554271548117,0.3911672444169794,3.0860433674785357,1
4262,0.042477258066553544,0.450970358688234,3.7080194041768295,1
4263,0.006804496147850683,0.1384401639333239,3.9066533487716266,1
4264,0.6686723454450637,0.4484405720350408,1.8551035747433642,1
4265,0.09604690581659824,0.13620410293500135,4.713806899811301,1
4266,0.2719402724049443,0.8505808326505284,3.038974131677016,1
4267,0.6244538636957444,0.7419269389081565,4.624170104692672,1
4268,0.1154331783206364,0.7748876884913544,5.793898779085977,1
4269,0.2897909548204184,0.25390047060797905,1.0533605247919313,1
4270,0.9457568119447674,0.3924566490858243,2.0183049374694315,1
4271,0.8927774084833783,0.17926410519203906,4.035464291044036,1
4272,0.48913983019151613,0.9651274761985381,4.980017103999705,1
4273,0.6708874742422148,0.4683200123243356,1.613556313677288,1
4274,0.7975570928809159,0.7141460424088043,5.147769784419888,1
4275,0.8440112231986222,0.7892477813594666,4.308392691663275,1
4276,0.9184753345994641,0.9670267818381009,2.179055773320312,1
4277,0.42021290509141707,0.7087104195688301,1.1368719700234309,1
4278,0.6615514869671111,0.046651555763904416,0.1317981639059267,1
4279,0.9723432462881695,0.7023958505824158,0.38493642238174697,1
4280,0.6184697983822193,0.09757188692700995,3.0157738367807934,1
4281,0.1980987973339315,0.4326111251557382,5.451753233458535,1
4282,0.3739017140770991,0.7320540689462379,1.4457999926587857,1
4283,0.27510333605694137,0.07997959021177348,0.25702518697099586,1
4284,0.06128149975817756,0.9146297198863244,6.153911759196858,1
4285,0.2500194397478525,0.09660074049564338,6.166716531638803,1
4286,0.04285578403796454,0.03190647535333092,1.0221388550751704,1
4287,0.016373808155860224,0.32119543450908145,5.3751750988532665,1
4288,0.9745793053952763,0.8053858622038195,3.451427561162252,1
4289,0.10560220315991244,1.0,2.0692716189937643,1
4290,0.876432696260714,0.5146787990525071,0.6350320223370194,1
4291,0.8838784555569619,1.0,1.5145537353543526,1
4292,0.12742015864495,0.0,4.442119257226411,1
4293,0.6856906138189601,0.1634829479733134,5.930684437397932,1
4294,0.942678731652673,0.23309321417855947,3.369425638112406,1
4295,0.3664530879157547,0.3048215935924573,1.2939135628187688,1
4296,0.007688378615812695,0.8541630516391309,1.4336581448989323,1
4297,1.0,0.9203681841374844,0.30498355047774073,1
4298,0.8297863191639426,0.9959168878887154,5.800037084814551,1
4299,0.5720854885571963,0.2743928758067615,0.4109195851319408,1
4300,0.08385629463704747,0.7201942686516848,0.23898363374615214,1
4301,0.2062966270794411,0.31019191155862136,3.607181535529627,1
4302,0.43819170270469743,0.3286384334731702,0.6438008184317879,1
4303,0.6911832823225749,0.18096730729800128,5.776602343592037,1
4304,0.8346876611183971,0.28706271635538416,5.991272234975194,1
4305,0.0,0.42021948509853696,3.005746723091822,1
4306,0.4093878984085837,0.9416395709091853,6.216510019441775,1
4307,0.6003637804643476,0.02753203989236758,1.1057152667480703,1
4308,0.0,0.4467810698265826,2.3065084188899556,1
4309,0.5822697430122136,0.35064508224101104,4.711293885188811,1
4310,0.9546736380474868,0.3171228974276068,4.945481856678448,1
4311,0.999605307416671,0.2287957200991136,5.790535561302759,1
4312,0.8540512561429738,0.5406408210074822,0.9054962615181459,1
4313,0.3912410389889632,0.9435967163283315,2.719651496022927,1
4314,0.41182925863512576,0.5339349871396372,4.534133821856693,1
4315,0.7862098580613868,0.2959973959944088,2.571412930874995,1
4316,0.8710493611431813,0.8610033367597293,1.3434972314107911,1
4317,0.998219737476184,0.22933231365814258,5.942475718308564,1
4318,0.9993279704875145,0.24075975628798482,5.516738646755977,1
4319,0.49504695000565424,0.1377294379899803,0.18471380051239056,1
4320,0.8464165622578178,0.5413355706705592,5.138493649478373,1
4321,0.955572547517463,0.45735225197471036,0.9526068724333547,1
4322,0.21606064386735538,0.6395758350972148,5.304935148162604,1
4323,0.22847336332222626,0.6953388131474243,1.7403648939611762,1
4324,0.4670690084196243,0.8606497785972076,1.1410467162791562,1
4325,0.12414888116831149,0.7761734424926126,5.2390247463089725,1
4326,0.10058974375981665,0.029632046267866995,6.18783398415942,1
4327,0.8462366604591786,0.5187167792935178,1.3253246570688448,1
4328,0.6554931952774703,0.9980210384900845,2.7275185094268464,1
4329,0.20693481643891654,0.8099770457113986,3.86268532855994,1
4330,0.87613758609379,0.028952158821901986,2.1613794943659435,1
4331,0.5016241324305871,0.4467091969029194,4.287180218358831,1
4332,0.6436063300315591,0.7803658168948094,1.1616430919376641,1
4333,0.5005785620807617,0.5000060586726609,5.973390173931564,1
4334,2.484372479670747E-4,0.5897497297364245,3.318143997675624,1
4335,0.7721992701503676,0.11529319586393612,1.7477486812747538,1
4336,1.0,0.7721924173435689,0.13415534328162934,1
4337,0.4043476451555116,0.5372088311327504,3.6812381051143714,1
4338,0.845544792187885,1.0,0.6764568864388082,1
4339,0.40232614451307225,0.32849828004148934,4.123848634525216,1
4340,0.15027839032545984,1.0,2.201686151806457,1
4341,0.4258489817141901,0.5007229519055674,0.505018259060924,1
4342,1.0,0.36844905604745687,1.1607240041766538,1
4343,0.2633295946388548,0.3806109234349748,3.248225190751207,1
4344,0.8384744397923759,0.717236472148843,6.142027596178889,1
4345,3.0976269001709635E-4,0.623759698786629,1.9051359497943368,1
4346,0.2664948539465625,0.6141930351798617,3.8250188682999644,1
4347,0.5383032857318621,0.9993244323365403,0.08263920611731446,1
4348,0.9528736927861955,0.04703411381582959,4.644744872374148,1
4349,0.7922897588458715,0.0,4.488377579465524,1
4350,0.8066329628007533,0.71849782975331,4.143995641356834,1
4351,1.0,0.19788526361098951,0.7975568563214268,1
4352,0.2793275337370638,0.8122196870513209,2.490809548567005,1
4353,0.8284272556306725,0.7897480870844413,2.476546066173625,1
4354,1.0,0.7297454707604726,6.076035489014359,1
4355,0.6398526964179804,0.25262032202368667,2.6162941604467678,1
4356,0.46358276543229165,0.0,3.4948225172023064,1
4357,1.0,0.01112489615614353,6.210270836806367,1
4358,0.08167889423007112,0.2792564746984413,3.346115973544493,1
4359,1.0,0.23660745290124388,5.843176783468943,1
4360,0.4899632599204392,0.46888006750308336,1.7161926049107652,1
4361,0.36455694174952075,0.7673944657265328,5.463683214246222,1
4362,0.9996331430491058,0.494035605727133,0.714878057391263,1
4363,0.6704915459225425,0.593771266168846,0.8939118147929057,1
4364,0.7547461538277314,0.6983630997603714,0.4761568414963798,1
4365,0.5075977123426174,0.6870414485764601,1.0663973568431113,1
4366,0.5690622666394141,0.11655553888743111,1.2407457596662663,1
4367,0.21039654810203415,0.37917405247976066,1.0708037026614035,1
4368,0.48719607058448333,0.003911200014766589,3.9008047763705687,1
4369,0.10673779625977149,0.6606690543687526,0.6101415562754078,1
4370,0.8477307011926032,0.5415991856053167,4.608237732497951,1
4371,0.4354317362885652,0.06373575007714372,6.2625948202441055,1
4372,0.8034827987614392,0.999723663633128,0.996118182848261,1
4373,0.7851390740159954,0.6466417807602513,4.694046642241639,1
4374,0.49987108946501674,0.030349089906030784,1.1110104678486914,1
4375,0.2700439911557954,0.6607711440943064,0.48000189634713303,1
4376,0.0,0.6176769357142106,4.597007382601193,1
4377,0.13885042762786098,0.0,4.111127836152956,1
4378,0.9879797541423972,0.743255181306529,2.460326690640622,1
4379,0.6542460577841406,0.47095292813050055,6.27756042694001,1
4380,0.23104743724106747,0.8142360384651163,4.603249857890067,1
4381,0.50423731718855,0.8955087769722182,4.608935035632922,1
4382,0.0,0.9992705358691654,2.5969169211821934,1
4383,0.17163468184517844,0.8190973643757048,1.870823840858215,1
4384,0.954660451670247,0.7956586649690254,4.260107775353062,1
4385,0.832504632141171,0.17545727211920345,4.045191949635446,1
4386,0.7605469593692062,0.5279247315868837,4.765755823768895,1
4387,0.8508831801832608,0.32009310327081497,0.5697245877631829,1
4388,0.6907862449222328,0.04186890286632425,4.674436403659291,1
4389,0.4671779453771525,0.7110314164932088,4.0055939087287165,1
4390,0.8256043868859477,0.28215953004812794,2.4509758857872486,1
4391,0.2634956812084508,0.09612552388725709,5.153119871486963,1
4392,0.05011105362098317,0.1751115471029631,4.535862675186093,1
4393,1.4546862002209058E-4,0.5968103293119043,3.025001079365009,1
4394,0.5004318060219568,0.7687131827361473,3.6029315582280876,1
4395,0.6071496590105929,0.39800610058056407,0.0463059794025078,1
4396,0.325470555993275,0.4999691078698541,2.4862364403226165,1
4397,0.13611766924512655,0.3505166792101644,1.2819692849389512,1
4398,0.196349644219873,0.9666773073831944,1.5394743859729942,1
4399,0.22785267467224765,0.25573269349093203,0.20635189185617325,1
4400,0.8353112240300079,0.844263447380212,6.058047134862056,1
4401,0.9740113510553368,0.4002974584717582,2.1828880873411496,1
4402,0.9957674098932081,0.9983543153135984,1.5035813778975016,1
4403,0.29456233245612895,0.8911081302172346,1.892863937653378,1
4404,1.0,0.7662519454868314,0.7464318720821647,1
4405,0.6265381099036142,0.6135641294014449,5.908685893601287,1
4406,0.7412544694810157,0.744353934113757,3.102975181581967,1
4407,0.8166623304143841,0.5429308987982066,3.835054461426746,1
4408,0.6330143736779422,0.5263500060222708,0.36600042901847823,1
4409,0.8263074728138656,0.7429672411594491,1.6995556899993012,1
4410,0.0018383820073885056,0.6155652414833455,1.6764426094518503,1
4411,0.0,0.857739148190796,3.2570015928760245,1
4412,1.0,0.38703849984780614,5.949512020263435,1
4413,0.7738967360659169,0.0,5.526318977222851,1
4414,0.45350377603394487,1.0,1.5422716375853378,1
4415,0.062266751779539706,0.25668556730831693,5.216616242672832,1
4416,0.850257651900778,0.5702203903080388,4.5483096128741085,1
4417,0.7946120237996532,0.9238875529450263,1.1331619542169065,1
4418,0.48886120584532095,0.6480824483420148,2.4553175063871233,1
4419,1.0,0.9707521836560662,0.826806263879078,1
4420,0.29417131507863725,0.014635618579493456,0.5768695597806219,1
4421,0.3120989195219555,0.32127894093914044,4.781398720529233,1
4422,0.10283905220804654,0.7196916284854595,0.1695747410462647,1
4423,0.7161161547943433,0.19108283523102848,0.45379088554646996,1
4424,0.01174462183716794,0.8644180586491751,5.250611442044881,1
4425,0.9248724384013436,0.18683164625930918,4.9470488433777895,1
4426,0.6598933208315423,0.6258277717742309,1.6239353413263138,1
4427,0.5580607284994032,0.7012614191014309,1.966382292604569,1
4428,0.7273183686537834,0.6178733585328825,1.2347873591542975,1
4429,0.9980189426325407,0.9105911722975372,4.564143548083532,1
4430,0.6948740425774097,0.0,4.9562034963880315,1
4431,0.0,0.0,4.012071193822792,1
4432,0.7063165199722594,0.8532177031677443,2.886441040687677,1
4433,0.08175673022866714,0.4894227931450398,5.339499244708911,1
4434,0.37685766667270787,0.606504113623716,5.953103309243548,1
4435,0.6466972900897786,0.7122362564654733,5.588361991774165,1
4436,0.6514386885137167,0.06365569337102987,0.4361517178597472,1
4437,0.8376854181127724,0.19378841709131273,5.050307800840362,1
4438,0.017698331559469822,0.13969772471469644,3.8156046004625446,1
4439,0.0,0.14092125320979607,2.51628652746403,1
4440,0.2816123238182516,0.49398321846304705,0.5441852893947642,1
4441,0.9994830827955156,0.3804637428751044,0.3152259321283585,1
4442,0.4248036503788565,0.6795283726078052,5.092011473414641,1
4443,0.5519257528423464,0.4233242400200749,1.553518809915821,1
4444,0.1278214893686987,0.7387964851044622,2.8068873826018326,1
4445,0.36937502575777176,0.2780224982173021,3.38159523971061,1
4446,0.021327038304191165,0.465120429504946,4.824320913477781,1
4447,0.13111069569868097,0.5590771081244441,5.811844532757031,1
4448,0.18348300877335888,0.9446472711781664,2.1474936687624924,1
4449,0.5308421616273357,0.0445917096877456,0.08734210066561887,1
4450,0.9901497036677878,0.536916458744989,2.664008086867373,1
4451,0.6047313015691467,0.873178552505368,2.3093136312159492,1
4452,0.7436172282798693,0.07817477913558968,4.9589036523289485,1
4453,0.9338390128434608,0.6840110206644312,5.268116002907605,1
4454,0.5535524413965194,0.4537071210652866,3.9854696455066017,1
4455,0.05911343113434334,1.0,2.2784551928520056,1
4456,0.09025142306425107,0.8231421724768956,0.21161518768999849,1
4457,0.7981326295013194,0.4080563508430644,4.580133221063561,1
4458,0.852183344560456,0.846797326820145,4.435369862757314,1
4459,0.529581648172505,0.8315102788468945,3.0451255651728837,1
4460,0.9063667621103663,8.389408573710815E-4,5.73936269450862,1
4461,0.09866906742471925,0.035721493958902575,1.117096274153477,1
4462,0.919860438698409,0.2711523996634799,0.03006671276555739,1
4463,0.4697880968143724,0.025981868707787868,4.169145833607016,1
4464,0.0,0.5397249985071289,3.07898377669832,1
4465,0.5775559882241871,0.652683050860299,3.8130008215364146,1
4466,0.24346144922273627,0.3215081485089349,0.5088739602161455,1
4467,0.16922762626548343,0.5131473967290539,2.7372188720498873,1
4468,0.311925673818984,0.2783454778284596,2.060376778796684,1
4469,0.3281466404992234,0.3800301616152068,2.3524597034395747,1
4470,0.2568959992635446,0.07175980026818739,1.0278824583542474,1
4471,0.13628413676751036,0.20300278145182563,5.598084754487568,1
4472,0.953221364942418,0.7976996513342149,5.589571410125759,1
4473,0.7938870623354088,0.9136000792549758,4.193867454337251,1
4474,0.6204433288482482,0.16603397311717308,1.1115816630103226,1
4475,0.07803723232214926,0.06416834301911092,1.130113553265328,1
4476,2.8207504886881737E-4,0.45104288680130555,1.2104548379157527,1
4477,0.6473520324953281,0.2428011512421062,3.963185275208719,1
4478,0.914635991639139,0.16894363567552168,4.4857470958219166,1
4479,0.7286781139860963,0.0,5.646114173166396,1
4480,0.0,0.2605009495324258,2.800043199336784,1
4481,3.60878707851053E-4,0.45864742645489764,1.8986579383201503,1
4482,0.2172945645029573,0.4122460953669704,3.9202526911184927,1
4483,0.33613138053519964,0.5782238229625706,5.263045211394378,1
4484,0.6690341687897781,0.2406428241431301,2.1230712603976207,1
4485,0.3266137162572783,0.999420531818642,0.4900929746631842,1
4486,1.0,0.8734392475553217,6.259706849539355,1
4487,0.6040147708249525,0.9879863691337123,5.079799552810571,1
4488,0.3553047393297121,0.9999267733177705,2.6145546386312195,1
4489,0.8291643478067574,0.8384099300091813,1.9528992589869376,1
4490,0.1549691748659466,0.42048298415818436,4.3449763363519605,1
4491,1.0,0.8975701272653337,5.048697386638168,1
4492,0.3260095465594089,0.12505219493140796,1.0341126443059672,1
4493,0.5614852067526045,0.6520241495834725,0.28951721890229737,1
4494,0.17763997655757738,0.04835054703979815,5.404519574113233,1
4495,0.6378828414080719,0.01459196269720765,1.1663307332232673,1
4496,0.9998529308207896,0.964088642942357,1.3592473120508204,1
4497,1.0,0.7491035034684609,0.9563691381796414,1
4498,0.5575943966225162,0.3378270987855613,5.589040967922157,1
4499,0.8410039284893526,0.9992891968811806,1.7867222376850482,1
4500,0.11683061892533184,0.288317316360368,4.387002855020772,1
4501,0.06817277122628129,0.21366075000511936,0.11231222943695732,1
4502,0.0,0.6946313128677714,2.5429602963685056,1
4503,0.11450344843839295,0.275275399282412,5.747551168541502,1
4504,0.0,0.01769556101121,3.6498194174460377,1
4505,0.3961957591491459,0.0,3.3879249256282145,1
4506,0.7952230102991881,0.6724380055231642,5.9446658626540145,1
4507,0.9014584152218194,0.5462221275183344,1.1175315233915,1
4508,0.3133820268720284,0.10169990622164635,0.5042221607757137,1
4509,0.998986177207534,0.09611958034795379,1.8590326278492186,1
4510,0.5774204244783947,0.22528325633044274,6.06776073259932,1
4511,0.7586472317001758,0.6728343878905888,5.337544080350931,1
4512,0.27037320942631987,0.5804285371926274,4.7122398035718955,1
4513,0.31228786729743185,1.0,2.2854019346439216,1
4514,0.3053724752324538,0.99510201023019,0.13395747276611308,1
4515,0.3786636755785914,0.9106363748076272,1.9809914538290374,1
4516,0.8312794317966731,0.6162480232813434,3.7428993229861,1
4517,0.8334139527108814,0.8936638089279159,2.1651630242351056,1
4518,0.4168419040890335,0.29582437599333167,5.160488135435195,1
4519,0.08773246766965957,0.34304057704437385,0.004251816795051155,1
4520,1.0,0.9983136988933602,0.1555497332729248,1
4521,0.1533467293157483,4.1614627824232246E-4,4.5741479028434595,1
4522,0.5096830578374558,3.488601851287411E-4,4.853305722246443,1
4523,1.0,0.6514444699935364,0.4363856765171105,1
4524,0.7448471573643237,0.3835411548018049,5.045772318745767,1
4525,0.19193617053545792,0.7757322972916451,2.7099048244608355,1
4526,0.0,0.9938966972508071,2.345287250432233,1
4527,0.5216526164525399,0.6832015335134853,3.7622824887995336,1
4528,0.7793462285100266,0.03221014607079682,3.5025362971996254,1
4529,0.8103951078927805,0.4070749465706134,1.2340588119807308,1
4530,0.956895965316634,0.0,4.640248066604344,1
4531,0.779676519443057,0.0683904777502499,4.324077572958944,1
4532,1.0,0.8114476745022307,0.47031310547987015,1
4533,0.7216395424494275,0.18263436569111727,4.935443242593277,1
4534,0.6635545064558448,0.0033069082845054586,5.345034076715147,1
4535,0.7618835709640763,0.30898789622706857,0.2888760153101224,1
4536,1.0,0.7120906415648466,6.186843529212379,1
4537,0.16128825826660126,0.7280842183602965,4.11753052711387,1
4538,0.3307206858287396,0.49903707296599614,1.4992978403455535,1
4539,0.9096694544135352,0.2359435573483392,4.514545976566009,1
4540,0.890621644903494,0.7229008537912551,0.7534791566296289,1
4541,0.7130341491696993,0.06048048409948769,0.07655669585754607,1
4542,0.006638781568652056,0.5407157978315963,1.3731528891448221,1
4543,0.4953568856812796,0.2728723324698809,0.829634136762287,1
4544,0.8509953222105289,0.0034530161507623372,5.6483642262734515,1
4545,0.45025943764355625,0.8037083716870546,5.3032812096933295,1
4546,0.1910097896491815,0.3046536025697325,4.302039808850099,1
4547,0.07048150105565833,0.37345683752138625,3.536067633573999,1
4548,0.39895298145348945,0.5227158350748499,4.4905077123749795,1
4549,0.7182523248676519,0.8097355818509335,5.598009381974496,1
4550,0.9020097465794338,0.6559936468404749,5.223509297412741,1
4551,0.4518360785343109,0.11243303505970235,3.930807075979231,1
4552,0.8040270227811991,0.5316097727629446,4.081586801776116,1
4553,0.43196618416634597,0.0014298724970705427,6.019908358916904,1
4554,4.5914555275072865E-6,0.016827040318235433,2.4919699240006894,1
4555,0.8877490325731671,0.5097399142501163,5.450001804049203,1
4556,0.8361117501895323,0.879743551160549,0.6297542174424466,1
4557,0.6963690929425361,0.6507138652122281,6.056569108437721,1
4558,0.6035194305552454,0.5410343354059688,3.9088701244443427,1
4559,0.19582168574350833,0.6124938319360484,3.558352209606333,1
4560,0.797776158758111,0.5476477532322385,1.4990406664990847,1
4561,0.9063482023419464,0.76730777158408,4.742100853696706,1
4562,0.9311258654571749,0.4038780742545377,1.1709514408193888,1
4563,0.0032692895422253166,0.7233977211280613,1.3425675006187516,1
4564,0.25277148605565436,0.6769491496535802,2.2331978420749095,1
4565,1.0,0.07216139727675029,5.663169191967646,1
4566,0.6440883050660491,0.4766720380255677,2.1043516165388265,1
4567,0.539458236331113,0.18210858042561992,0.3839620156504722,1
4568,0.4440337930389827,0.5693207472580617,4.286347634257662,1
4569,0.968196872078462,0.6074295983116741,3.0497809095572244,1
4570,0.28682755999488957,0.16935609118835468,5.078861256741618,1
4571,0.191156552726926,0.900281098316544,5.713432717352215,1
4572,0.0,0.44860498634063034,3.287155271690604,1
4573,0.8936405239476809,0.25238904074684393,3.467583249698197,1
4574,0.5448552254481399,0.04583827539301259,5.77542615862133,1
4575,0.028605520351654326,0.8297862067879176,1.6778489138493489,1
4576,0.30051122863306157,0.5177753488127854,4.277893792595181,1
4577,0.03732143601850098,0.24907877900107955,3.8763720201272567,1
4578,0.21611086637536198,0.7664773283437091,3.102031799639573,1
4579,0.9051301513103414,0.0,4.733691383455437,1
4580,0.0,0.038012704645435956,3.118320524929815,1
4581,0.7191204686774244,9.835039813186337E-4,4.966680539270375,1
4582,0.24363540060777006,0.855062440946357,3.342854869486791,1
4583,0.6133857039510157,0.2128256817847865,0.7380691480469777,1
4584,0.0,0.7516014504218479,2.458034744574196,1
4585,0.584441704116552,0.12690423731691322,4.730107266951068,1
4586,0.4526732219014962,8.795224606158955E-4,6.082279833090908,1
4587,0.36664628571065644,0.2558211379876163,0.6839892053610217,1
4588,0.3292133659155748,0.744465899318196,2.781851725605723,1
4589,0.20144715995328835,0.6379822361925722,4.641607482592891,1
4590,0.1896542794990329,0.3611018324735034,0.5474973488666242,1
4591,0.24067470028518048,0.812526476104478,4.2337591147181595,1
4592,0.1725258398691982,1.0,2.0857135092489862,1
4593,0.8858336409520631,0.914876417913144,1.4809272564854217,1
4594,0.02591264191298184,0.3750501360179102,0.11250880352592496,1
4595,0.3172032384695363,0.22992049251695418,0.24244022472294272,1
4596,0.0035354789437138092,0.8866106007361094,1.9862446074036315,1
4597,0.32497243198460407,0.36849844174943225,0.506005943450943,1
4598,0.08695605419272884,0.13465229504769669,3.3646533621226795,1
4599,0.06842616577218687,0.35829395521934543,4.346243258357493,1
4600,0.0,0.8544289755518236,2.522551994032752,1
4601,0.6309447657965528,1.0,2.097134409623191,1
4602,0.7104814775553748,0.5115557715463771,0.5984146223136916,1
4603,0.5912019729355483,0.3910192284288528,1.211147885303275,1
4604,0.8230012690157353,0.41521354940433564,0.8997257937796884,1
4605,0.050766879010028854,0.8815060831269078,6.06438151870129,1
4606,0.8408025714771161,0.06740359680449343,6.274213712715581,1
4607,0.042651140559163345,0.2815801286069384,1.9349964679303757,1
4608,0.6478193158415251,0.0,4.389314462509528,1
4609,0.0,9.230211541429819E-5,3.0259574790613133,1
4610,2.6733342794279386E-4,0.26970118743236815,3.721452395256787,1
4611,0.09132456593790583,0.5045098092207096,5.419238059100155,1
4612,0.30525017765134543,0.23247481834156755,4.37129614253216,1
4613,0.0,0.0,3.9284986628701217,1
4614,0.5119141756123725,0.8342037721321428,0.5283272563435472,1
4615,0.872666327747643,0.22472353317674523,0.18406800785361596,1
4616,0.00730423225237558,0.5759287583463123,1.0474428472089932,1
4617,0.22681254896063027,0.0017040381230343526,3.1797540785460217,1
4618,0.7851959726195169,1.0,1.2838170892939387,1
4619,0.024773845298472125,0.19198733684048397,2.1054494724496817,1
4620,0.15507890190405954,0.9857108410267325,3.2094138266899823,1
4621,0.16096811707812128,0.2395429754382038,1.2815528575328643,1
4622,0.5106984875618548,8.818148320132153E-4,3.0922643659663467,1
4623,0.01863944637660345,0.3519860190654106,5.689138420771773,1
4624,0.5958043148763795,0.2148098108290632,6.035566341505711,1
4625,0.2594164908867795,0.32661062615444647,2.6895336690868956,1
4626,0.40438568603085406,0.727143676598435,0.0611011913964524,1
4627,0.06357978011078055,0.5737282596614798,5.317119157844628,1
4628,0.25967324176595225,0.4686880806300322,2.482963460326607,1
4629,0.37625276339389474,0.5591406693081049,6.165191090715007,1
4630,0.9640848778244557,0.21122284119224305,4.196735998635194,1
4631,0.1141277347480662,0.04206578686661874,5.49595997236284,1
4632,0.5790873350792982,0.021817528176608765,3.63852621476459,1
4633,0.9958460302060183,0.37359354812805723,1.5597344375349578,1
4634,0.40294828756098633,0.25697938542732207,0.9948454318008986,1
4635,1.0,0.40490946794065724,5.475673592096134,1
4636,0.9875318939204955,0.08804885179999412,5.198653450693215,1
4637,0.7172815977758361,0.8437946501400705,1.0108326336227311,1
4638,0.06154952727603452,0.6477917377949426,6.095734034347196,1
4639,0.5249289041590484,0.2757427747477772,3.6549406212689597,1
4640,0.9231954294585973,0.27182609286812626,3.1235177728104304,1
4641,0.4975856248224294,0.614754892549453,1.517024643299016,1
4642,0.40327758469411623,0.7423633329443157,4.339947494272884,1
4643,0.8509154879385827,1.0,2.1430231658498538,1
4644,0.19547210652245556,0.029061379554484647,4.728811059393525,1
4645,0.11714907629601538,0.1929909120812394,1.9213507209048508,1
4646,0.803074170658975,0.28501207918362553,1.987578558333364,1
4647,0.2720017172927603,0.8225023840979434,3.3839768219456774,1
4648,0.09288820119560932,0.42309185372614055,2.9399040680057476,1
4649,0.3265508777323403,0.0,5.153225322151714,1
4650,0.4703058589772546,1.0,1.7568136223068131,1
4651,0.0,0.0376102033668058,2.6102456981861066,1
4652,0.2879232478863949,0.4531327052482704,5.560365783252879,1
4653,0.21616867139483248,1.0,1.874310145782754,1
4654,0.4606731526489449,0.9279251529320082,1.315027321789629,1
4655,0.8030989267590581,0.47987189363238936,4.977597776112368,1
4656,0.6019325846594814,0.5704333321549203,5.619984597823653,1
4657,0.0053162420833158894,0.3742822017539562,4.543883804614686,1
4658,0.0384405700482291,0.7256090097068701,0.8708313665834448,1
4659,0.7906408803727796,0.9011738256624445,3.4728875084314725,1
4660,0.3128831909668501,0.9037843278220984,5.08081459538225,1
4661,0.9206646041789215,0.5750440652749945,5.297482677508977,1
4662,0.002278854677962628,0.7899556782807945,3.3042661245988265,1
4663,0.1988490290802958,0.6186233201150361,0.6717264511242607,1
4664,0.5599587567368772,0.66286315943085,4.907313659329373,1
4665,0.09734456911348557,0.0,3.9132310821298604,1
4666,0.5160428204048437,0.3307543583144493,0.9268895401616402,1
4667,0.17756347213415097,1.0,1.8249333857857104,1
4668,0.8467068382049698,0.5027119072991599,1.8783902740355392,1
4669,0.29930295256160694,0.36958732759161717,3.5396800725577284,1
4670,0.49139562949131377,0.9703059939235876,0.13966594423147793,1
4671,0.7772134290404905,0.4686570964584284,2.3016848789552156,1
4672,0.11590976354429271,0.9312288437010559,1.3169743521785306,1
4673,0.44996478720980737,0.41455481008473855,5.317874656692437,1
4674,0.9136529182472731,0.9281678810875085,3.576182591920907,1
4675,0.15884092162504337,4.256709322353953E-4,3.5669134872714627,1
4676,0.21581712970577321,0.38206325826008697,5.223698580278147,1
4677,0.8551036399814239,0.23826207320870643,1.6710917603121005,1
4678,0.7069241313919318,0.6583452738951755,5.603177127644812,1
4679,0.045322803903390316,0.9998076996881197,0.8894306860076133,1
4680,0.9670439699895911,1.0,1.065715961560066,1
4681,0.22720428351063526,1.0,1.1486414446677564,1
4682,0.9626071981968239,0.525691240228381,0.25553599753912637,1
4683,0.001914733161960174,0.5536064620618156,5.231991484354408,1
4684,1.0,0.6143977696925753,0.673719521574591,1
4685,0.3623775994853882,0.0,5.0060622372195285,1
4686,0.6513993795461627,0.8130488812194671,3.56641903395832,1
4687,0.12664787242805162,0.29899127982977336,6.030733900139107,1
4688,0.056706807195641265,1.0,1.9908610918819685,1
4689,0.8267437168096877,0.2550714613211524,2.1653736444996365,1
4690,0.24003453456414067,0.7541455076007098,1.5890390068411784,1
4691,0.13190654661734166,0.9999008335572737,2.054052952305572,1
4692,0.39675939235060864,0.5688347752041816,1.3821809414278334,1
4693,0.266377728835585,0.0,4.987609742947024,1
4694,0.6749097321124807,0.49415168842217316,4.627929329663053,1
4695,0.6911767595166879,0.3934061338538296,2.902477081671049,1
4696,0.883806737810937,1.0,2.377804007208999,1
4697,0.6196319903796581,0.843064077107461,1.0342038058986036,1
4698,0.8459316716627036,0.48684840388877254,1.3500761786711586,1
4699,0.9999856896397333,0.5520389217014919,4.694500075953283,1
4700,0.006596666492002745,0.970117616672128,5.064994137109171,1
4701,0.9515783449265743,0.9673687943763574,5.4675060439809995,1
4702,0.7118168976139748,0.37215557420824846,2.3097072521642104,1
4703,1.0,0.26442433896350015,5.543154033077999,1
4704,0.9352880378373198,1.0,1.5758083914901064,1
4705,0.15482750608804474,0.6220354058274012,0.34439076036245797,1
4706,0.5824558101318568,0.05220581654682791,2.350003076603897,1
4707,0.09129850560339624,0.0641728264128237,3.9975470688240984,1
4708,0.8369630741439382,1.0,1.8160394363565195,1
4709,0.6748366338189201,0.38321143130240365,1.7987960632931899,1
4710,0.9201133532154775,0.855938899281516,4.175192223715403,1
4711,0.024238320334916245,0.6741889383834884,4.432299836079882,1
4712,0.6443848059042587,0.46572271900731976,2.573463192942247,1
4713,0.6928183774950321,0.7114818301121757,5.358626456834636,1
4714,0.036031429331910135,0.07106486401258057,0.10102197083126195,1
4715,0.590009122298399,0.36073107607461014,0.14141199578621252,1
4716,0.85381548483753,1.0,2.026090634704546,1
4717,0.9397880763552234,0.4335909356433749,4.33513064460369,1
4718,0.6484090070692206,0.1002491449772792,0.5864873040755969,1
4719,0.7950907224721974,0.09210447733342682,3.7719129659888657,1
4720,0.29442847474853057,0.269409534887012,2.9400554457246484,1
4721,0.3549317843425166,0.8617873061429799,0.6640572882819159,1
4722,0.08535674129304563,1.0,1.701125399868503,1
4723,0.9739825086667314,0.6431388746377149,6.146552552242721,1
4724,0.26977052119625566,0.7372374372004225,4.675335208110853,1
4725,0.38365151236808764,0.9965373693794852,3.0769867481424225,1
4726,0.2296523011435659,0.48778441751571305,5.340626476763486,1
4727,0.7302754443391527,0.1323052910729979,4.874457384646514,1
4728,0.1496736621527428,0.09049034603357686,1.1352223433944146,1
4729,0.5698600273075368,0.9071606016677577,2.5638668438306715,1
4730,0.2798043467229213,0.0,4.492825843215829,1
4731,0.953108665598071,0.30806436228224954,5.62052186324501,1
4732,0.4707733118143534,0.7440329225326766,1.946992295410504,1
4733,0.9834141274904489,0.5252206484077165,5.314328674099205,1
4734,0.5279596428777076,0.7611524513059744,5.421031379591786,1
4735,0.8797460647859314,0.18166355745093876,5.460455539401155,1
4736,0.08524717208965059,0.556687288940335,3.7330825254905324,1
4737,0.5007760437437269,0.4275572008613647,2.13256505117941,1
4738,0.14302358665841722,0.3928188242983302,0.8842010815546795,1
4739,0.2849504085229536,0.04161590898085944,3.52181260056725,1
4740,0.9050384607549581,0.8598238091809512,2.5817143321229525,1
4741,0.5503852718212636,0.7025489952325127,0.8400586927291065,1
4742,0.35001874801237265,0.07335837865152563,0.14150204707654518,1
4743,0.8596883942805119,0.8963255090683775,3.0053682192362974,1
4744,0.9979647686575983,0.25242627626153674,5.145332765776576,1
4745,0.38290804522672983,0.7773185528602943,3.101593141453521,1
4746,0.91843845810976,0.44953219659109633,2.0237769153081167,1
4747,0.6250660985929873,0.4342646721352599,2.7888368384268194,1
4748,0.014044207464767807,0.5401800924547266,3.3069698457711607,1
4749,0.005063279394283809,0.695045251952267,1.28546589138741,1
4750,0.9930767980914914,6.697246255130547E-4,4.694028204650805,1
4751,0.48770881595828314,0.5365518596400409,4.5106190670695065,1
4752,0.6139367985613977,0.21149384391896678,5.1699258396782675,1
4753,0.9707772929431002,0.0,4.188889306916295,1
4754,0.8423139649176589,0.9150979256367587,0.44413665571775035,1
4755,0.7376939608459863,0.10979766919246749,3.842518224692733,1
4756,0.3505202749474407,0.4721319037642619,2.505582699893083,1
4757,0.3932727041748496,0.7989982584200931,5.039539704119305,1
4758,0.8959981645569918,0.4547709425117656,1.4713438500544276,1
4759,0.793324846556733,0.7104429126997704,4.878147085300961,1
4760,0.7250442637912204,0.8978052007607159,4.9319307798704655,1
4761,0.9174248136815205,0.17875925941976353,4.4656958370931195,1
4762,0.6396929213195194,1.0,1.6962944895610197,1
4763,0.6624999110380067,0.49530336149243653,1.112832135124935,1
4764,0.8232617264792903,3.28191960088965E-4,3.1575886800585384,1
4765,4.938671064412391E-4,0.37204681819235885,1.6211851106122177,1
4766,0.2251868698519882,0.06168986289564537,4.286191400115632,1
4767,0.7033980724529597,0.6821062915478441,2.4128223504481356,1
4768,0.696154791104588,0.09815233253370581,5.328753494274215,1
4769,0.5791360117694121,0.49395869643097723,0.7695111245487565,1
4770,0.9793364408975543,0.032972192057574096,2.5418575784416566,1
4771,0.7134647854733371,0.1989761286025847,5.026264803545361,1
4772,0.8932685441629824,0.1350235986292572,0.2729374506001116,1
4773,0.6585810439814017,0.0750271643818981,3.8585858299603895,1
4774,0.5995657289421596,0.09094031918800358,4.709887313320576,1
4775,1.0,1.0,0.825725904439674,0
4776,0.20972365184963465,0.022098105715632338,2.054268462018666,1
4777,0.3694879450254495,0.0,3.421553852509855,1
4778,0.23624975110633134,0.17262894166231227,4.240436366696171,1
4779,0.36328699807059495,0.7365754293846183,3.4317368724616677,1
4780,0.20570920001170792,0.4624321101771513,1.7948559929395065,1
4781,0.8021055240019843,0.3815581998047883,5.520043167253611,1
4782,0.278141761873964,0.7512359652268036,5.190167224260593,1
4783,0.2834414231761539,0.4600303341398756,4.983942814273559,1
4784,0.0,0.02819238169305885,2.9822624229558206,1
4785,0.7085435436406976,0.9279761105725945,3.3745569471958743,1
4786,0.42604362887254227,0.3245525616251561,2.62535970412912,1
4787,0.0,0.99760864498542,3.2322577676015,1
4788,0.48544949223770784,0.5199760969478423,3.3897698957139273,1
4789,0.07521059407651443,0.07585897128238914,5.315207553785237,1
4790,0.5260263625675634,0.7278332337007741,4.566636625561729,1
4791,0.4839087486534547,0.919319690169566,5.420755305099492,1
4792,0.756021198299818,0.012937853586325964,3.7025598230624097,1
4793,0.5430275997486537,0.0,5.841190607966528,1
4794,0.828717750312377,0.9836892420502595,2.2312996162947685,1
4795,0.11576923180169578,0.3557165917619908,5.829881005314965,1
4796,0.1389828122287114,0.3512375929347873,4.159029994748714,1
4797,0.8830286349402586,0.5512818386580038,6.2102666873802095,1
4798,0.9157808299768477,0.8997254506098482,2.884085985009941,1
4799,0.2548814921984224,0.9077720673262117,2.896262916925547,1
4800,0.9323651131091681,0.6381121541780471,2.8742716032600972,1
4801,0.8495959681861871,0.0,5.418055743340483,1
4802,0.8757018679299048,0.6974898013749097,1.7702753485355838,1
4803,0.43737931044474476,0.45095563973236097,3.767993919540557,1
4804,0.2648097278143089,0.3246266732985495,6.051064717730573,1
4805,0.07211153314625555,0.7825136602148863,1.4511815159791368,1
4806,0.37610560203895593,0.4934396141625846,1.6373290260647393,1
4807,1.0,0.41448562505827224,5.838447707400553,1
4808,0.5978063511678009,0.5585971614005627,3.2766452468078593,1
4809,0.9176992474913823,0.7414242399218609,0.040575462515120536,1
4810,0.7639016357251411,0.38080490815522045,3.1387012292618635,1
4811,0.7994491992951269,0.6950022716040084,3.422368799198146,1
4812,0.02267970141298254,0.18846537437890395,1.4870370218024938,1
4813,0.8955562032485137,0.19950002638882194,4.82189146736459,1
4814,0.20158661469035935,0.40832977657103203,5.497957685211839,1
4815,0.9535610720401908,0.8421838473330492,5.501972495835835,1
4816,0.302910259044814,0.3441855584853948,1.1054308536156374,1
4817,0.8719800878878858,0.8949255026206945,3.7271754804319315,1
4818,0.0,0.5027570054980799,2.409896938780102,1
4819,0.5562933590725812,0.3520425195464221,3.377818123268859,1
4820,0.5523030991254098,0.8158889190253691,0.19075289322665767,1
4821,0.5964938614353669,0.28424598297777887,3.5951673359339247,1
4822,0.24284072379523458,0.9711339464495327,5.37005293591668,1
4823,0.5755429013041252,0.08771065480559449,0.5959123748332701,1
4824,0.21131327341888445,0.9208110803920562,1.9926556131634594,1
4825,0.4379884286302465,0.6736693206394069,2.4577201950326244,1
4826,0.03409740733673399,0.7620747939412761,2.968448399178576,1
4827,0.40107583059157514,0.03895707694583525,2.1154782961103242,1
4828,0.9261233180184234,0.48028843066968413,4.5378034363281206,1
4829,0.9646697863068124,0.5276965276710726,1.9296997956716329,1
4830,1.0,0.44403461763739205,6.174769432163744,1
4831,0.15881314242585534,0.5912117580722556,5.58434265739285,1
4832,0.0,0.4049952631545457,2.9005317552859897,1
4833,0.7433181372370146,0.5020209180318976,4.096001086027665,1
4834,0.168479247416133,0.588292885420182,3.9883468316732413,1
4835,0.9551811803064805,0.09191035663913832,6.216803664317374,1
4836,0.9927069515317745,0.2544314833320816,3.5129896907758273,1
4837,0.3673950044969225,0.0965532105734271,5.7458606519027144,1
4838,1.0,0.7022421862497286,5.390352128933267,1
4839,0.004716524745268761,0.5409942494874267,1.0447659770531799,1
4840,0.3030921014940211,0.7843082006835737,0.03914566477341985,1
4841,0.850232808900023,0.20566671348474222,5.105984541780337,1
4842,0.0022999288697999895,0.9025227513886925,1.428133548351732,1
4843,0.003431676582344335,0.0847173759518624,4.709711882492927,1
4844,0.14191757067305982,0.8288975769563035,2.8609806054582183,1
4845,0.14744518165080245,0.40996502834121945,6.110303676707021,1
4846,0.9029527782477268,0.7529205539774928,2.3293128599521262,1
4847,0.960751314168707,0.9481059278319494,0.12162959722436256,1
4848,0.134384147520873,0.9999938225547759,3.073194225745668,1
4849,0.22496495583170836,0.8998432457225953,1.2884160908985656,1
4850,0.8930580943029771,0.4489111212041057,2.768152015226736,1
4851,0.19478212851439683,0.16552858237900392,3.366896698312905,1
4852,0.3659032407066505,0.46863161453790275,3.62546863316331,1
4853,0.39460601511080573,0.23848383666940887,5.539145352984322,1
4854,0.0,0.17215282813901098,2.524100059527666,1
4855,0.11913497679869986,0.0,5.254267222935256,1
4856,0.9004443738355501,1.0,3.0877677673296726,1
4857,0.47337064458537087,0.13791985747592606,4.523894938662265,1
4858,0.37958428287500934,0.4173072731608048,5.720861093492821,1
4859,0.21521559350086308,0.5178560660067797,4.689619795040739,1
4860,0.1824057962544159,0.16820339916510954,2.9305152286211884,1
4861,0.9236726746624814,0.32131634359621125,2.602472022869549,1
4862,0.3813030053065371,0.5315550787366138,2.269272848690611,1
4863,0.5051728376670828,0.13142279985283695,1.2789232680260472,1
4864,0.8263521226429802,0.5606297124660176,0.827451936678673,1
4865,0.9353706382911575,0.09204301676419104,3.0794920023370866,1
4866,0.7063815170642396,0.500234374704965,5.930126771416672,1
4867,0.31646846833607606,0.1538662244174067,1.5167923080281918,1
4868,1.0,0.6346136791880297,5.608673276893598,1
4869,0.885540656794611,0.677600719713826,0.8597144615197193,1
4870,0.6324067609916837,0.3792229325447228,0.08868907455958294,1
4871,0.7344788349789974,0.48762056079585664,0.5738450563397497,1
4872,0.0037637792802061375,0.33179143776975406,3.710583063088663,1
4873,0.9362917229523765,0.6826112289795074,2.8980856091745135,1
4874,0.40991733106377926,0.9998388323239775,1.4524399775237116,1
4875,0.5538275082285341,0.9170370715362784,1.8249747844612079,1
4876,0.9159167125393007,0.14691574964386211,4.8902014093273865,1
4877,0.011797091715249033,0.6638322912525467,4.017572622185795,1
4878,0.09238988195948424,0.7697512102869875,3.04572380696822,1
4879,0.7052437865824085,0.18229082097240454,0.32857628578594095,1
4880,0.5659702515729463,0.5354901341012952,1.8780484920253493,1
4881,0.3709084470054659,0.7139828729042597,4.431511295806622,1
4882,0.2889530338878135,0.0760799823729393,0.35779044286639305,1
4883,0.06816724710558696,0.8394576852090558,4.854746433134977,1
4884,0.09877725172285029,0.6705442058729658,1.032991976304991,1
4885,0.4677727654434292,0.5081549494524981,3.5663026306292953,1
4886,0.011389892356724017,0.4634499772799178,4.67540299372767,1
4887,0.0,0.5767483348482159,4.012898389892467,1
4888,0.47178183274610025,0.01702598944044868,4.34644057099228,1
4889,0.9379973554003338,0.6648841090525426,0.32221795249933594,1
4890,0.13739872610414783,0.2258835293685492,1.159874436752438,1
4891,0.033467417142825494,0.8508295780084106,3.816062540990626,1
4892,0.47140443337386895,0.8271708277690764,1.596401758109871,1
4893,1.0,0.500456426927277,5.536500602952025,1
4894,0.7713580871835675,0.7308230174430423,3.167880997734164,1
4895,0.6483529642917055,0.9984552552919049,0.6855996622546003,1
4896,0.20510269918420979,0.6819853251207214,5.620347228172616,1
4897,0.6450468948743726,0.7195368860940268,3.4177530301458856,1
4898,0.99408209346785,0.8275440735516544,4.830388387351048,1
4899,0.26398280981996936,0.05964537237476932,5.560266428270245,1
4900,0.7845674677311604,0.3606106748889029,2.0607100286579416,1
4901,0.4409852485773035,0.7136997750653167,4.664812477923862,1
4902,0.15099386747898294,0.9990449500569053,0.29502154134660014,1
4903,1.0,0.7041179021787255,0.23119122653765606,1
4904,0.6548993725740482,0.6207792235669599,0.2909100453248412,1
4905,0.29784606350537507,0.9533343102126431,0.37526577561475194,1
4906,0.048461812860827146,3.7447221967439775E-4,5.599175052211486,1
4907,0.42685576216186377,0.26979447004325535,4.4012090010883345,1
4908,0.007990211983708629,0.0,4.992729310437399,1
4909,0.8011006757073124,0.8305308237907196,3.226056634838763,1
4910,0.14666835245412688,0.26712374928787574,4.700801187526305,1
4911,0.015383353224164438,0.20042439235670254,0.11397008585587756,1
4912,0.6070068352435974,0.2543335954323791,4.560875873430163,1
4913,0.7084760744397883,0.09355646742214438,0.953606343536359,1
4914,0.8666206422370786,0.23252137452010824,2.0735594392760475,1
4915,0.17981193877221682,0.8528923782026875,2.551430400209436,1
4916,1.0,0.001126501233804885,5.667583371764297,1
4917,0.9126720069115712,0.004969959598908329,2.863099856561094,1
4918,0.5514965354006118,0.9076954164344914,6.006967385128498,1
4919,0.16749139683268294,0.31962620762263616,1.5163789767568197,1
4920,0.4733519196044553,0.20911638748636568,2.8288393189175354,1
4921,0.9172139456276984,0.3128850338083626,6.228271157106222,1
4922,0.019579766234705517,0.8523186608814795,0.16268138482971317,1
4923,0.5761512103822694,0.32173426019320417,3.5787708639143743,1
4924,0.8179820889325785,1.0,1.7305193405788306,1
4925,0.2037433451905832,0.05303021143480981,3.44658641775914,1
4926,0.7207140037990154,0.3674709998419456,2.3321530326375557,1
4927,0.4264926357859145,0.5993872009156165,5.343017320514336,1
4928,0.9818399620653108,0.3121433119139183,1.799648105192247,1
4929,0.6273984488955459,0.8560834318639167,1.1152928556262376,1
4930,0.9986825528138678,0.3706970402683088,5.058332425014921,1
4931,0.8969688901268296,1.0,2.889173649879232,1
4932,0.12893874548185216,0.6183079417474967,4.323680629974276,1
4933,0.7756294031388447,0.8848146676593005,2.262964739151135,1
4934,0.5916364294363341,0.2282621795213652,3.1684675062887737,1
4935,0.2012768772541949,0.9981125358946343,1.9158568051934401,1
4936,0.4223473748960577,0.3007752250583889,5.811591098954057,1
4937,0.19084369685985073,0.25092015759467506,6.207691927116433,1
4938,0.3550128431637913,1.0,0.9870314380353908,1
4939,0.33881149607330835,0.5044067325755343,4.919658551122476,1
4940,0.7496084672593565,0.0,4.365326883503677,1
4941,1.978761134174842E-4,0.8495150226616046,2.673764546315809,1
4942,0.0797594055357581,0.4011645951427342,2.049219528190199,1
4943,0.29045060397376066,0.5128700484024885,2.7922007235120825,1
4944,0.4863402393911265,0.08594157273058398,2.9944928351935634,1
4945,0.9988882813937073,0.5653173021364011,1.5433545002001188,1
4946,0.8796352387451416,0.049713459653272916,2.8540831315307895,1
4947,0.48183094097979984,0.502635761157351,3.586400829872071,1
4948,0.593171818248782,0.9997908637260398,1.0503614015701948,1
4949,0.9819133720097026,0.2348604504639069,4.829375606026015,1
4950,0.5899888830860908,0.16581579113854406,0.5845386766052367,1
4951,0.10092150439930613,0.5256462637789733,5.778084534530454,1
4952,0.41378565543689794,0.12755161727120945,0.8491238027161199,1
4953,0.7662733532228745,0.903921243881676,1.2929889146255493,1
4954,0.3477733462399205,0.0,4.609299672275871,1
4955,1.0,0.7501139416961674,1.275096399428028,1
4956,0.9406025182637482,0.5887847468639147,5.659626234619422,1
4957,0.9845255839860856,0.8259971152822946,3.853971942106523,1
4958,0.14080874634567014,0.22457363777839467,5.771554552840533,1
4959,0.3756409005304916,0.9984027347713188,3.3881999647537793,1
4960,0.9154038425208961,0.7411994289699998,5.6842363698694385,1
4961,0.7769828297990438,0.8913185134517425,4.73021615461679,1
4962,0.7902158867614087,0.006995243224541294,0.015416026828759755,1
4963,0.5940647153757964,0.009371495832802643,2.0049784811736044,1
4964,0.03490052719965696,0.6512524246302214,3.940909525130981,1
4965,0.8186519033890988,0.5861306702372602,4.8565744063682414,1
4966,0.48380166865723995,0.005208073042319723,3.388666166497807,1
4967,0.05993665644976168,0.20005921665983223,4.79894611780163,1
4968,0.1560051315814189,0.386688132312965,5.228631099265609,1
4969,0.21977764617615694,0.07440239339434068,0.902447963855997,1
4970,0.7841118907722382,0.0,4.144294667089777,1
4971,0.7122455383729074,0.30271688796733076,5.662122262911863,1
4972,0.9208172012104116,0.3799481928325846,2.9618775173199205,1
4973,0.8019390527235429,0.9327540012959897,4.947019107832324,1
4974,0.118303846211389,3.5171576011949166E-4,5.632391446404368,1
4975,0.4626739163427067,0.6235944219748718,3.176078879951031,1
4976,3.883966351523572E-4,0.6417226391558823,3.492563308365067,1
4977,0.15565613238422102,0.8241868160486028,2.850286391849066,1
4978,0.6012897497816506,0.9212244741647736,2.3518269417984645,1
4979,1.0,0.6464898029398006,0.4778876412126416,1
4980,0.8912660775942316,0.5533952128073297,6.260452367564613,1
4981,0.9679841643624785,0.8863203733603809,0.6894368465444991,1
4982,0.6398524615207353,0.4304234680971609,0.41938984510370475,1
4983,0.23430020168459614,0.45765710246247354,3.6262484954717187,1
4984,0.17683584441009573,0.7060525668133488,0.10793950678665008,1
4985,0.0012579987378894143,0.039591022502676404,3.0525049253099614,1
4986,0.46065959282490887,0.07020712854303034,0.5425113732439655,1
4987,0.3941384320292599,1.0,2.299453806568956,1
4988,0.23083840604899217,0.6532570315530574,0.07548361114110502,1
4989,0.18641009333287478,0.6254237272857264,3.362426142830325,1
4990,0.23989367524729563,0.11293902701153108,4.055985204254244,1
4991,0.749072165927346,0.9425441919569598,3.5411810159807655,1
4992,1.0,0.15318058514956195,6.0519358755125525,1
4993,0.6651312294979617,0.5996823677874125,0.24924154436995805,1
4994,0.010373395116776329,0.5507065332761595,0.8325725964473599,1
4995,0.6972424769750089,0.6995822235939774,0.7518032016896099,1
4996,0.6222825733141721,0.19770611604970753,1.6514908634691583,1
4997,0.2103443562881901,0.4501133658673212,5.935995305624702,1
4998,0.7335186053740342,0.9554240863892589,4.647499153531242,1
4999,0.24218483554155396,0.3183782604406753,1.142375853183874,1
5000,0.40967467731316204,0.6553102391173004,0.1491891931360725,1
