2290,4093.491
1,0.44407341196637323,0.2831167695859461,3.2188116879113235,1
2,0.5841396399650847,0.35936781479618307,4.803672870872916,1
3,0.41779521456025337,0.30623309372256496,4.574377985276875,0
4,0.5449605861884769,0.29860412892723004,3.456652137016279,1
5,0.5515239906897208,0.7018405895002857,6.144141503495643,1
6,0.654384427963503,0.3233753296843066,5.547702813058861,0
7,0.4954621178310528,0.5352625875545356,2.535210686096232,1
8,0.3905926870088226,0.6823085636783491,3.1454383630931324,0
9,0.68502252189564,0.37218134888215193,4.751818854679908,1
10,0.5181598706512957,0.7630292161572276,2.115085304711305,0
11,0.4569222532256055,0.595097027771177,4.761064698154487,1
12,0.31626860473881124,0.3219392281205345,0.08699078808960437,1
13,0.3462601680568225,0.6815735400390457,2.9901862711950904,0
14,0.390769486415627,0.6973760769466488,1.13442098603195,1
15,0.56160281512938,0.7283101260480993,1.4071590798022913,0
16,0.5787552702388175,0.6784581507483555,1.3651653932364025,0
17,0.9971430480683364,0.20344486161224162,0.7978497281935562,0
18,0.4417602331193411,0.5491323734528194,4.564540949499709,1
19,0.5265338834633169,0.6512396379502743,3.1764463776155183,1
20,0.4709492379976728,0.5857083376826465,5.097018163195329,1
21,0.5283627977776761,0.39499628437487305,5.973130316714874,1
22,0.4070126497258571,0.37597880437575054,4.93959918371778,1
23,0.7275597976294674,0.3854665357657861,5.980074854101229,0
24,0.5700140910444909,0.7080501371078969,3.137766948682399,1
25,0.4243753063561467,0.48371945612206313,5.5272084237412304,1
26,0.08369251676032517,0.07422753615296881,5.864187868428626,0
27,0.6722065567401803,0.6938846424736514,1.9958046503093005,0
28,0.5744399795755873,0.6079888879800698,0.6026033066384628,1
29,0.28919349747071704,0.38999432567159886,3.111864249163844,0
30,0.7025000697907758,0.39247327196309056,4.350421821224283,1
31,0.7321838479974112,0.49829093140499814,1.618584056782332,1
32,0.3460363865156042,0.48504732366677716,1.3656675220659587,1
33,0.4219728382879068,0.27473430247812636,5.065350009404675,0
34,0.48552039427922766,0.5241170511423384,5.3097217265401895,1
35,0.2772759552398416,0.5295628245558099,3.3887602013912237,0
36,0.5727437633338462,0.7615918881285213,2.1435550150899063,0
37,0.7040617514979296,0.6283399264807498,6.119909080333197,0
38,0.5448312680044799,0.6356582722996857,1.723672169389918,1
39,0.3108772728164683,0.37960866304327645,2.6696853103136764,0
40,0.4511316686142536,0.3751728228555451,4.672350275875142,1
41,0.6679537978022406,0.3299385820387229,0.3182688915183106,1
42,0.47932329164001936,0.6313147262262339,1.7654812351757567,1
43,0.7699118160319508,0.837911196117149,1.9675657672860976,0
44,0.4666290315956623,0.4406418979839458,0.2782955658927386,1
45,0.6113268241447023,0.38901577988528496,1.829909933311711,1
46,0.8524131666216048,0.15535882364894835,3.432919868694997,1
47,0.38563558710821555,0.6919874293527634,3.881571850303776,1
48,0.6953389513808947,0.4633812810846077,6.209318404042381,0
49,0.5519437703927659,0.4920399709236081,5.415477773662107,1
50,0.5866586289028917,0.2300005280058309,4.608327084509562,0
51,0.28824607343578257,0.2206223199004518,4.179829434081353,0
52,0.492288218024218,0.36200205865874363,3.7921015090207675,1
53,0.45203710534337066,0.6836615113231256,4.422207700037835,1
54,0.5829860846375827,0.48626863588492547,2.6700621436704703,1
55,0.6627339532480495,0.3588119660608042,6.053826074924935,0
56,0.6057773120245741,0.7442327211109123,0.9546001079366014,0
57,0.6589566253251891,0.33134907833125765,4.65545069030953,0
58,0.6808639554774362,0.5938743303170337,0.9756081366707015,0
59,0.6958769002962097,0.38249834317612114,5.351726661445645,0
60,0.9300644536990371,0.9523371621476114,5.4792968272627816,0
61,0.577917065460411,0.2914665510034759,0.14989990493459177,1
62,0.5379314391890376,0.5723385398931434,1.1762266042569094,1
63,0.9717819223734796,0.9234411921852143,3.823118357979139,0
64,0.49631054429324767,0.511268238990745,0.09806887641088835,1
65,0.6846308007938479,0.6033994017128472,5.208526130173881,1
66,0.2956867817802176,0.5028234629504962,0.3817121616907161,1
67,0.47254712208966015,0.27516295013196845,6.115414409684898,1
68,0.3490626139642425,0.4476661330063237,3.272487970239657,1
69,0.4189221149900395,0.7179732958107415,3.47230784099549,1
70,0.30351093322414274,0.5339750887596212,2.2776689676957025,0
71,0.47654863459081664,0.626686913564414,3.1776020664190376,1
72,0.7450644653638632,0.4059247262094711,4.612393715600403,1
73,0.3336836044365266,0.39017681679025484,5.455442184937527,1
74,0.48275833579102717,0.46741955398205226,5.865519064573557,1
75,0.46415412569985337,0.28783261141855265,5.982383261818323,1
76,0.47861491558803115,0.6666105623484755,3.290480639937697,1
77,0.5649637563126761,0.3328378534676062,1.3270304820076553,1
78,0.5775572542760375,0.6661189228212152,0.3769914159853189,1
79,0.44183207660925816,0.3226513827739544,4.135228420099415,0
80,0.7142251170624497,0.47033681554179463,0.018834553106464647,0
81,0.4158879246476085,0.703676047212686,2.736376710312794,0
82,0.45248361520384595,0.602920968881359,5.903796767418966,1
83,0.6916912467683134,0.48426090479052375,4.411748055029849,1
84,0.43781274869774356,0.295044293555963,2.1565690333232177,1
85,0.43422730225089523,0.6656652913168063,2.3807150463470355,0
86,0.4842949628758149,0.6564561843709665,6.139674789358172,1
87,0.343784008750054,0.5688355223427163,2.627108965880396,0
88,0.41342623669505435,0.7179465177993685,1.8558351627887177,0
89,0.7169939731795874,0.36530697173122967,3.722722114395195,1
90,0.3034192336969202,0.5864861410780312,2.8899704295668163,0
91,0.4013515644879388,0.6507772260971855,2.8276181739548356,1
92,0.3239640102836152,0.39999782115517957,5.236832649382475,1
93,0.4532282639780134,0.5321518266819363,2.548165398437508,1
94,0.7117177208819649,0.2777694114695546,4.632679460843524,0
95,0.30259080864092663,0.4884863227532153,3.759019332740456,0
96,0.6706769769220804,0.547164658271234,5.906850355394289,1
97,0.5052524339015122,0.570456367776733,1.4921931422039703,1
98,0.4752659036440576,0.26105129579935604,3.3285081935932026,1
99,0.4058842243091533,0.5028141781343205,5.124191632032541,1
100,0.1460717221337097,0.9894010379720063,5.532730788300245,0
101,0.09850365739847122,0.9323386479334532,4.878770645514811,0
102,0.5069989148017725,0.7100647493513251,1.225799788193375,0
103,0.3788534130639391,0.5587965139295423,4.08722146979021,1
104,0.6009482494929163,0.6040618012235803,2.1277954365402016,1
105,0.5183248861950817,0.3150016030656904,0.9029013314255074,1
106,0.43665363047340006,0.3730700981968377,0.3077599685646536,1
107,0.24781022935555838,0.5190091940947623,1.9043498683710203,0
108,0.4406692599855586,0.3776639869166062,5.698630364319042,1
109,0.7047367199884658,0.6514963679739698,5.628730441566821,0
110,0.27201790551171656,0.45956651770777546,2.8034712829087898,0
111,0.4636871132087648,0.4614594183888594,3.8665772437064,1
112,0.6236205151401927,0.5813904921149333,1.901204667306657,1
113,0.47326293501240263,0.2511115413871366,4.555711671500157,0
114,0.603180800051859,0.3699917785867053,2.7463147428818644,1
115,0.7147629371382809,0.5769072518610018,1.3927633424308445,0
116,0.6763358766869918,0.639490878291585,6.157884466879054,0
117,0.9917941077365029,0.014658935439206953,4.996502137712207,0
118,0.677581429110214,0.3401020786974702,0.32200112499668354,0
119,0.2800178074286003,0.46435567288901053,1.8679175338628555,1
120,0.5695498650922034,0.32663861379198167,3.7046759173973345,1
121,0.3261791455468745,0.6474591291358799,3.220287053826443,0
122,0.6888739514933381,0.555919331297135,0.24859100803781933,0
123,0.4785985289693351,0.2827333493553861,5.426484227097295,1
124,0.9864490387648831,0.9371011164765555,6.233753377650517,0
125,0.6765058375927433,0.6336685769634353,6.1493283899735305,0
126,0.5388355814851115,0.7284863372170798,6.2337235014552945,1
127,0.6914010048957391,0.3861265060475423,2.6473192932529157,1
128,0.2936651304396904,0.6081177486407734,4.254809015946117,1
129,0.32443614735513293,0.3824302554068719,0.26244114019231596,1
130,0.47402654535588207,0.7382051238671069,2.8651715671429994,0
131,0.5484777764685723,0.482410118511948,0.3864457828061998,1
132,0.4930575229873333,0.6320255126947615,0.8473230441263807,1
133,0.6458958332240021,0.585182501094489,3.6391082686046485,1
134,0.5623570219425182,0.5968057374085866,3.0969408163380043,1
135,0.3093652195284557,0.37143666932260794,3.847572876463864,0
136,0.7338035217250641,0.45266680234987333,5.370385901843141,0
137,0.5760842987649812,0.4826345744011325,5.762505682098047,1
138,0.3519434203835557,0.765158530090367,2.024672680360688,0
139,0.37038776445622057,0.49674740149182917,4.455858534497187,1
140,0.27891619209407825,0.6030547243501017,3.526979524598316,0
141,0.5074985269207065,0.7393823861462194,0.7328283713053428,0
142,0.4072531989039662,0.3007447427842367,5.634985147554167,1
143,0.7583156899989656,0.48134291019158876,5.564248672048649,0
144,0.6938488206639889,0.42837476501420635,6.017204331527135,0
145,0.6039866550164157,0.32175976942708784,0.14557124255350415,1
146,0.663440570236044,0.39646872767471286,3.3220988389884627,1
147,0.48350575395378875,0.3944658897167488,3.441020690105896,1
148,0.6835117496098974,0.38658361163257154,5.998292329894482,0
149,0.27314033265496723,0.552682057439714,3.5247696648961284,0
150,0.39824403348852944,0.5123699709041498,0.9865018937517182,1
151,0.3755656553748002,0.24827101918468014,5.650805259906016,0
152,0.06676170331094736,0.09087159649791561,1.2775455576293933,0
153,0.32228009161236154,0.6322837525757339,1.196095739015774,1
154,0.5883939299130077,0.7720268735770129,1.4323557946710783,0
155,0.6870113606244775,0.46553550941673677,5.9994421762389125,0
156,0.6348620702528287,0.362539105610811,3.042190157819042,1
157,0.5733578918925871,0.6202260578865592,2.054345385403507,1
158,0.3593718883586073,0.4085429162314606,4.71672081018598,1
159,0.44567454590852884,0.4606059433627558,0.021586726438396903,1
160,0.6987880523903605,0.4719247561029523,0.5360793529166781,1
161,0.6616799081867863,0.5753441282801737,5.136199241319826,1
162,0.574502616267974,0.2701182753531596,3.901910550582824,1
163,0.2904783669933571,0.22494598768786778,1.8709169730956652,1
164,0.04880218232008895,0.9919436529756108,4.218291133529593,0
165,0.7885967957052257,0.4888375816677681,4.330546618137852,1
166,0.3714951040905834,0.5612461145184969,2.693028284884691,1
167,0.574646738225553,0.3320247009929072,5.979898001851793,1
168,0.5840394230504156,0.2816673175144488,6.1079598572747225,1
169,0.5474497482172017,0.27478238488309975,5.580054571982687,0
170,0.5704642714154178,0.6262750427155436,3.8916964744650255,1
171,0.3273154872987532,0.5284963307861817,4.115315166335964,1
172,0.614584173462435,0.32128804780485404,4.896456559615983,0
173,0.3504028811741082,0.677280291902651,1.142791813409157,1
174,0.4806034301549458,0.28515026076752925,4.731296769329228,0
175,0.3357874992079768,0.3944974278681498,3.713210466336939,0
176,0.411887785754441,0.5128774670443437,0.4529664787438755,1
177,0.6747524235878222,0.36301145646757216,1.493326623917586,1
178,0.6136691827505435,0.5266358710938052,0.7389351990811572,1
179,0.3011254035804922,0.5615155620256682,1.5110079163204426,1
180,0.5476297235518102,0.601952882773787,1.1050994801501632,1
181,0.49868290948294236,0.37339863799118483,3.005643359377105,1
182,0.2682913190537139,0.4374800235865047,5.154772861865525,1
183,0.6073262701125881,0.5532375212328158,2.7205219655024306,1
184,0.6102320567210606,0.7069676154889163,0.08754665080454357,0
185,0.6155554855669547,0.5149510667383158,3.9353441249337218,1
186,0.7380347594674389,0.4492622285388141,0.37559879655727546,0
187,0.299774084678533,0.4570197190667227,1.2951726750925114,1
188,0.33027499712672875,0.4365508520640148,5.456964183537943,1
189,0.49724710985316084,0.7310494960474699,3.1678218177767836,1
190,0.5739772090014292,0.329394350153981,1.5219133362830681,1
191,0.4430323470278068,0.2840873566826591,0.09910599757278052,1
192,0.31229683263115443,0.34954882810553517,2.5070070265725466,1
193,0.7079367614551741,0.5723073182315798,0.8482300677860064,0
194,0.5029579747695243,0.2988294244670887,6.267159377675773,1
195,0.3990056602892127,0.3221979773433203,3.070993169819353,1
196,0.5378701705917254,0.39468017600099464,2.53741810771408,1
197,0.5410516746446768,0.4610508349403813,1.645358586728625,1
198,0.4458723891735956,0.5807430490673426,0.9037605023251001,1
199,0.47766011997349433,0.4863604538370096,3.4936755199038156,1
200,0.678500985900228,0.5352526445070227,1.6125958077518436,1
201,0.3046697728463694,0.44152077467998196,3.715999854457504,0
202,0.29145328991759306,0.4358178994861041,4.5190683369250015,1
203,0.4201823805957733,0.7100219458441217,3.785430735359994,1
204,0.5436848327831515,0.4473036571109345,1.3928017017412164,1
205,0.506428341312707,0.500323398855152,3.0329489333682442,1
206,0.3480738890543166,0.6051961384312267,1.6973657159818993,1
207,0.6515855743071381,0.3524790117166047,0.8267218442602283,1
208,0.5399386668180802,0.4760410317243908,5.034382743685037,1
209,0.4851641144687996,0.5569861549106466,5.362389772606424,1
210,0.645289762127879,0.4706251166054493,4.90823632229721,1
211,0.5481812932417108,0.565398268477718,3.174731062429699,1
212,0.5108021423939371,0.6949469097228533,2.0668121659060676,1
213,0.29840196871056485,0.5654262138030068,4.011244313434437,1
214,0.4389713985223389,0.6680365003783009,1.6787736743328883,1
215,0.6377530731828988,0.39343009932980555,0.8269971433268537,1
216,0.6428295684130914,0.45777720016694534,0.8732013864560987,1
217,0.8597785859097397,0.499152516219699,5.16147330251117,0
218,0.0469302502446962,0.9487714857203711,5.20689601737506,0
219,0.5487646094841865,0.6661773875855819,5.515094608455794,1
220,0.519305363322106,0.45604707114802384,2.8241012933980003,1
221,0.3525978812755715,0.6733774563397878,2.5226484399939086,0
222,0.5020217009598198,0.253683004403618,6.243692341355092,1
223,0.47207819796637734,0.28266441995093317,5.343993197234791,1
224,0.4584548603238508,0.710104644925614,2.2565883495809698,0
225,0.34599481667975013,0.3680056693624606,3.5193681592813046,0
226,0.6319455675365517,0.5279333647025346,5.705042000944095,1
227,0.34017414494899706,0.46301895199413695,0.9555603863830786,1
228,0.600585169477888,0.28356351414929065,4.246385873819147,0
229,0.5044755433453642,0.3573831584752656,3.6819584074644633,1
230,0.37994719851720415,0.6972341155309226,1.3742978285390857,0
231,0.4682060009251214,0.7017090764758376,2.038971460431869,0
232,0.4725064907317261,0.27611269310020564,4.533262859191083,0
233,0.3746067443480306,0.2902294933781487,3.9350050232609894,0
234,0.29718245680577904,0.5636679821440017,3.019726635500915,0
235,0.5193334047331266,0.5111350859531255,4.95918672169234,1
236,0.5364424794537378,0.3361046198931734,2.934644099066374,1
237,0.456116208465522,0.35175674859869743,2.3721510488830684,1
238,0.5554096979600133,0.5459324978290345,1.432210161812153,1
239,0.4838066668743349,0.3290427352708689,3.1680279024938316,1
240,0.3655640392440942,0.6547877232725419,3.4206959161484467,1
241,0.6238614945501082,0.7422268635069095,2.2916549543228175,0
242,0.4839680635945545,0.7049326939984489,1.2013582774155553,0
243,0.7259886038569038,0.5033848733159589,2.3330712676038985,1
244,0.6669937337419767,0.6530405892800529,1.3979872836701195,0
245,0.2987761222700699,0.35907314472338225,3.315767351855094,0
246,0.5738537411682032,0.746313276483848,6.231737283336027,1
247,0.9256645823713023,0.0,0.4147628295869088,0
248,0.11141861421645315,0.8732436800534114,4.78824101351789,0
249,0.48155094146779825,0.7204001529108616,3.281350745770061,1
250,0.32531604141651865,0.6776198330010397,4.037656383282074,1
251,0.2985297555473455,0.5148957724890484,2.619750291897548,0
252,0.5613258401433319,0.4504147436556721,0.3428457041865862,1
253,0.5060398355032036,0.3295927665522173,0.14159293776952153,1
254,0.9433732442596732,0.9764732734463831,1.457584535320863,0
255,0.4591762662416399,0.7316760085401898,1.7285933221457823,0
256,0.6737121496068814,0.6127297086539497,3.144878266045839,1
257,0.4321531453606163,0.32649307602957683,5.619948806680182,1
258,0.6413752978530961,0.6936625271518299,0.14397937116082726,0
259,0.030253143333516922,0.08103783004985644,3.741678820820876,0
260,0.45103291207475815,0.26164033413365945,5.452398483145204,0
261,0.6456874608545334,0.3662674558176913,3.083529191925526,1
262,0.29197513939765224,0.38001506674570956,3.3604155233609077,0
263,0.44163527887636034,0.6520162792944884,2.117207364750741,1
264,0.34096913936976847,0.4125942116689002,3.0606561167302857,1
265,0.23310286762959087,0.30375079143918576,3.9668550348967018,0
266,0.42141383758912626,0.43017663084663954,2.653966643456318,1
267,0.379424772674327,0.6457601166475943,0.30129402633851987,1
268,0.4581118926861938,0.4011870827916109,4.75573211435669,1
269,0.6940512908024264,0.3570011708717049,5.739700573377861,0
270,0.483968550956289,0.5070393795073989,1.2160732918351052,1
271,0.4004103484013368,0.709051789197673,1.8930227758734133,0
272,0.3901432511670366,0.5344091889884686,5.222445980467509,1
273,0.6649205587006711,0.3536703071149649,5.41668075160603,0
274,0.5702893940742257,0.7484062696858655,0.1539324256762944,0
275,0.6989671457706792,0.570526920516794,4.604289737006302,1
276,0.5254306684292459,0.39283660209802135,4.961501828407282,1
277,0.6433549583216424,0.3366238301650026,3.692498879473161,1
278,0.3555917384237559,0.6507960601725503,4.976498305162755,1
279,0.5166494366888901,0.7210774966297913,5.728773064391902,1
280,0.47930509462588783,0.3021740256900866,4.5680637933896575,0
281,0.6407141240754995,0.4389832910363264,3.427659930740243,1
282,0.6157423701471114,0.2960874910550896,6.204176839747884,0
283,0.4935761716030985,0.27874388892611773,5.035381512666963,0
284,0.6488234932874006,0.5792834582212657,1.208636043317193,1
285,0.8706831994623615,0.9802682836906831,1.361465123189295,0
286,0.5566955960079178,0.6314615161055614,2.111563089490367,1
287,0.551926525913585,0.3425025874371838,0.32358481038854847,1
288,0.6892773771366095,0.6201611116083716,0.0244775719512349,0
289,0.4273953059233172,0.6672808973059441,0.8548831129143554,1
290,0.7097165307936362,0.45455626964509704,0.48437740502030663,1
291,0.4579699933193575,0.4610771501008247,5.839158492693885,1
292,0.37893604443394907,0.332402936181704,1.2643237418394215,1
293,0.6613589335134076,0.43557316821353215,1.9307455076381543,1
294,0.6778617194413991,0.39349115860295736,5.326401370449521,0
295,0.3352323392420721,0.519829496298226,3.6532090135224258,1
296,0.18658451674800092,0.08802629340774888,0.4692672777282265,0
297,0.5375512075506061,0.4897160252280039,3.421843300688462,1
298,0.6822533305796376,0.5414286941367966,6.243422452077259,0
299,0.5100933179218374,0.3902228348715902,3.9225602671180964,1
300,0.7033979539114209,0.37894326562431424,6.129438961703579,0
301,0.39962418331113014,0.403562153862027,1.520822339970124,1
302,0.3230015613959344,0.5194508898772415,3.5171823125520563,1
303,0.5143048998653819,0.31854211409825745,0.4159336965150241,1
304,0.45313618115349924,0.7275886975652416,1.1031549159084544,0
305,0.4470965461873611,0.4163406680604253,5.142856391291682,1
306,0.6443171335636442,0.6280116346083563,4.504201118400233,1
307,0.5634656978692353,0.6005894354529264,5.91566663573372,1
308,0.663187795888175,0.4392345758116907,2.2015647284309368,1
309,0.362713197911373,0.6892676466784472,2.5658677483910086,0
310,0.5467762056216601,0.2749947073643463,3.3347759616328716,1
311,0.33332500574839874,0.5711825939190661,2.5804056812792107,0
312,0.4827053330381649,0.38232064670095045,3.4287135539034845,1
313,0.2803221707036662,0.4356626067531529,4.795757789530754,1
314,0.4580484972789012,0.6887803723533108,1.3806935736974073,0
315,0.3807304646095746,0.6609733941138779,1.7433352294781643,0
316,0.4109112282590817,0.7020612955346345,0.6403528389729403,1
317,0.582356559223069,0.47393042610385033,2.969234028001741,1
318,0.3211639492566112,0.511454886341195,3.3320968850589017,0
319,0.6290622521862235,0.5440858587604736,1.4195098178854306,1
320,0.3312714961256111,0.37015594938655094,2.5651113098988922,1
321,0.5663781940671616,0.6534221547127441,3.6515989607529815,1
322,0.46977332944299893,0.41089956828380964,4.433568334456273,1
323,0.28107159194477666,0.41455682246112346,4.964329743446826,1
324,0.5337280887809177,0.2683364239600263,3.651127507054502,1
325,0.40845128460839036,0.32416208161379745,3.9598457579423934,0
326,0.49530917235000205,0.672443222626744,0.2268108976015593,1
327,0.5670241403415817,0.28396676785843983,5.14172762639506,0
328,0.4178997397390729,0.7075432547682523,0.7269137802550396,1
329,0.5435825012445034,0.4601723613050444,1.7237148810446683,1
330,0.3191532663352826,0.4874542617906439,3.141520698825746,0
331,0.7077743683485178,0.5708516510417229,0.6435743725917733,0
332,0.3111654060536046,0.4825062367147246,2.873742148543135,0
333,0.37900725875648555,0.29016951780736466,4.703974857958113,0
334,0.4847603002536821,0.45730881056088835,5.779426480143542,1
335,0.45837931114251296,0.20059850822775716,2.847905035166743,1
336,0.6259916747445942,0.33309195481224046,5.557655580316903,0
337,0.6664787047298788,0.6244619515737291,1.5911590736126024,1
338,0.5721185816910035,0.3190854079558392,1.3808978309348308,1
339,0.31024320252247123,0.5254310030604418,1.8208775506382844,1
340,0.34481707510201676,0.3898008586931215,4.636809741199952,1
341,0.4195981456480614,0.68833022682556,2.0174089205350487,0
342,0.3467535548826585,0.6758143325871033,0.020631005396949398,1
343,0.6863048046711002,0.5951319437542452,4.557652996187895,1
344,0.6429831900789361,0.3385775790424656,4.323679972577333,1
345,0.5955377574783698,0.6436028598545833,5.0060162357165625,1
346,0.421701790564066,0.6904246351943998,2.2893100426899315,0
347,0.6763595265797301,0.5898084166494391,5.710595868811703,1
348,0.3963338887756401,0.45485320940253215,1.3636663882529347,1
349,0.5672964379552807,0.7371750032486062,1.5916325764184511,0
350,0.6805788430409098,0.4054592144993876,3.868473768535374,1
351,0.6289454423813026,0.6550513976189685,6.146793817463325,1
352,0.41138557309990625,0.26507853661776104,3.3079376782354464,0
353,0.5398738501449737,0.4608408303435147,1.3866779642066744,1
354,0.5595523336955158,0.6327714802220193,3.551281203187158,1
355,0.6565595554019892,0.5952413585105784,5.686565239579918,1
356,0.3144521650469204,0.39254842538377743,4.71548805727108,1
357,0.27072259975241547,0.38970040128175354,4.14648701219189,0
358,0.7482242900478567,0.511248959670614,1.470014494961787,1
359,0.48939250795874767,0.27919230671909306,3.890342148838879,0
360,0.5305631840690835,0.72017411437216,1.7879600440531054,0
361,0.5795949285011606,0.6645551910691725,0.5905527930751411,0
362,0.690540962789435,0.6029222172434251,1.2686503214636407,0
363,0.3837630561548624,0.5154749648399513,3.535625001756225,1
364,0.9903336256616585,0.9715464668147986,0.37613580682376735,0
365,0.5212694038750734,0.7216011806661292,3.0376714539513676,1
366,0.7028502496262697,0.37347607696126506,4.691010254926669,1
367,0.3485240812877549,0.44036933746876206,5.646747709500999,1
368,0.41563644700245284,0.3245155569323685,4.427662148484495,1
369,0.5467254113757195,0.5473737634310426,1.778423642792227,1
370,0.7475461211703825,0.42514269368063057,0.6604360235854811,0
371,0.5394499606659728,0.45867010434263095,4.593624201832592,1
372,0.6663537354409294,0.3234882267165876,4.8783200366993595,0
373,0.7334051557096276,0.5322001235660943,0.7812980303688294,0
374,0.6869507303910863,0.36822651663756606,5.662649178627087,0
375,0.6334308637622328,0.29641106773231646,5.015651242683836,0
376,0.3126557234185864,0.42835490186091574,3.99695526005884,0
377,0.2825925067191161,0.5111617407719005,6.057690735663709,1
378,0.5902374964380337,0.29536091022210953,0.3997529430851626,1
379,0.5714074926143685,0.2683666388052603,2.9049018976509378,1
380,0.5008239409943152,0.7145278918407534,1.060038609877969,1
381,0.5157753391992638,0.6924476895565953,1.437473996332216,0
382,0.6562484243890362,0.3259747946275115,4.709961698082172,0
383,0.7151645182890606,0.48266542978772975,5.290964575681383,1
384,0.6502895470909703,0.3175681878299846,6.161782195901185,0
385,0.633788973271341,0.6663985422829641,5.292176687820117,1
386,0.3144085749400513,0.5013014272668144,5.002966833617281,1
387,0.6306498937755941,0.5669757094609076,6.207960091004793,1
388,0.5674540400804048,0.6613928166290207,6.036944832824772,1
389,0.552530106598277,0.4729264828332843,4.2721825632949155,1
390,0.5827849147497591,0.3139966621849261,0.08071299461592663,1
391,0.4486372713269088,0.5353994161677472,2.5089492155261093,1
392,0.4445902221888275,0.7169693977259901,1.2868592765805706,0
393,0.738890310965349,0.4109352184747835,4.12878474473704,1
394,0.6329449830775741,0.4164786049547972,4.568609914364346,1
395,0.43315253217665806,0.34974205041931306,0.878285553664688,1
396,0.3967489432268762,0.6614242162454942,2.7543084502934216,0
397,0.6101868426284373,0.6736346647981144,5.402346123257953,1
398,0.42797467661699795,0.511756025626339,0.8799290796666356,1
399,0.5168702469530467,0.6196761374127737,0.9128265261389219,1
400,0.35000163647712135,0.4068688293638513,5.824449504988034,1
401,0.6734048828382101,0.35533537987130787,5.365113865784409,0
402,0.6900929830710355,0.6561487227414579,1.9252248053665653,0
403,0.7273526791360884,0.4897867103574785,6.151754464526701,0
404,0.4271548825141768,0.2908632683648423,2.756804904737689,1
405,0.510331083044916,0.45008904959561175,4.391824636495222,1
406,0.7355208264407826,0.5154691548170075,0.13539726780278166,0
407,0.36112687053572606,0.6285726128462089,1.6570898101440772,1
408,0.638903100301987,0.3567925247234026,0.3054836730910687,1
409,0.3269070529767823,0.604404102696573,3.2211240272635657,0
410,0.46513306604469895,0.3153845406320099,1.180361411491992,1
411,0.6430105107745847,0.3305566178244776,4.886006826548836,0
412,0.27634321908724924,0.5847420311486373,4.13522683152733,1
413,0.3914967961113368,0.677910663783918,1.7284995332185706,0
414,0.4817494905989558,0.26555641584684914,4.323014155952122,0
415,0.3505306950017379,0.4799435493353854,4.119353523317061,1
416,0.7196726202150321,0.4901943747545007,0.010430477816319145,0
417,0.7314810638813383,0.4216811118695792,0.2865403212303691,0
418,0.3015984149609527,0.32323280918782116,2.8390442973815744,0
419,0.5410471394400959,0.2780432664224699,5.5508869549891795,0
420,5.266713943838595E-4,0.8165172952767299,5.161492699259504,0
421,0.31825100679337387,0.5358114562309838,2.777071598453238,0
422,0.3904012063921945,0.6491406760773673,3.0760539170549825,1
423,0.5826801755540149,0.6991237618499287,2.7496276593227438,1
424,0.732588645888161,0.5074997627096307,0.16691027915972573,0
425,0.5659953232894052,0.5825676022354251,5.955932871714979,1
426,0.42429325950702884,0.3381475395299551,5.419092041763436,1
427,0.5118600862102157,0.2864634025630841,3.444595507734,1
428,0.27582530036504527,0.5381046971213295,3.7522927481681263,0
429,0.3967459604322653,0.7009523256379386,1.4133574675040357,0
430,0.5467368496467693,0.5859509112160989,2.5022548355055148,1
431,0.38256787974625484,0.6190796892481355,1.6502136380542747,1
432,0.6569896204562384,0.6562322028638837,1.2689717491356851,0
433,0.6372262509283403,0.43750281747915465,0.14745222289046891,1
434,0.6354089261690545,0.5925215650020142,3.094879046662608,1
435,0.6351373891596214,0.6399759614267854,2.9016607226724966,1
436,0.5478603342912457,0.5370474771548466,4.851305435162908,1
437,0.578817131751579,0.2316295154978227,3.531804118761417,0
438,0.693408375131492,0.5502297497209612,1.5171621745029995,1
439,0.2611502985313873,0.63697015734734,5.182056226331724,1
440,0.410959309309656,0.6194600223940367,0.8108044131528278,1
441,0.3148399068866253,0.5084212854353662,2.9339667759762365,0
442,0.9158215407089699,0.9227918275424111,3.8826417194365255,0
443,0.6276378811813588,0.545288766166554,5.420262098007319,1
444,0.619068276653265,0.8585172579891821,3.1263104219913314,0
445,0.4225127312849475,0.27699418441799484,4.552082270782222,0
446,0.4280026909667507,0.6320385977567888,0.23742547710599485,1
447,0.25335588741323384,0.48660772529617824,0.9034518145074761,1
448,0.606178669476049,0.5271047597170895,6.068347021929621,1
449,0.41402900640432017,0.39738408810529535,0.5989072068718255,1
450,0.43199697940992515,0.42030327775993787,3.2039450917541465,1
451,0.5927010852547497,0.3972282280773722,0.3901711731807046,1
452,0.5472194231641851,0.5710729987622349,5.4919674793827244,1
453,0.5647248014735897,0.6187600277560042,6.1214146331660775,1
454,0.6658696216571297,0.5818846169265178,4.715359330065761,1
455,0.3151493805533648,0.3667017917304247,3.6693304945785403,0
456,0.37437289858215367,0.2679560837170528,4.699903446393814,0
457,0.4580091298022822,0.37649030885771345,1.7682812039359497,1
458,0.4669030188134798,0.7083522939805753,2.446149177556249,0
459,0.732665627216958,0.5388172619380439,1.404079009534478,1
460,0.6283141046912747,0.6712102417755167,4.1535403113394125,1
461,0.6000505853011606,0.6274099913727178,3.4626229949283487,1
462,0.5759129810332022,0.2540979114215787,3.9204440523614883,0
463,0.4248723048990812,0.666777631225025,1.2238253666172099,1
464,0.3549126747850817,0.48400074924691244,1.660174717117125,1
465,0.43127384039475913,0.5139352209217152,6.106641958594196,1
466,0.6174961640058706,0.3772908067195386,5.243333062730384,1
467,0.29998553699702146,0.4123438690590034,4.410067665586661,0
468,0.3004605575787891,0.573177501339564,2.2438388088984933,0
469,0.4543545464439054,0.393784829389542,0.19384636731605642,1
470,0.3217176676316159,0.5949982063121952,3.861042340319021,1
471,0.4663346903645105,0.6368620519572676,1.128777420281025,1
472,0.40231582895977763,0.526797447200386,3.1361923725195635,1
473,0.6042701463915738,0.6201291942907142,5.827241343225335,1
474,0.4954159772414522,0.67946306454954,1.3645450715191156,1
475,0.6788753929793282,0.44082655507531615,0.21220424542516064,0
476,0.43025621001162917,0.7200547595457686,0.25332929876502497,1
477,0.29491558430839365,0.41886098862918836,3.937117053203899,0
478,0.29471072468998344,0.6155900099119982,2.3118770468335055,0
479,0.4636695464040542,0.36274858777230173,5.536155822718637,1
480,0.5980720980913723,0.4514814934855148,3.613972356712008,1
481,0.49839583639433893,0.27209412404383754,5.74476998357659,1
482,0.3001543641338896,0.39900765856459786,4.62460416118101,1
483,0.3055267571617673,0.41136199035499255,6.135665269800036,1
484,0.7301306174573637,0.5541675476686941,6.14136505914413,0
485,0.9295579532354894,0.9280944504762049,2.214449825318286,0
486,0.36428569846294506,0.5844357974743353,2.6875221751359866,1
487,0.44094826703132867,0.41468068009366393,1.5160186775057323,1
488,0.9623828658469882,0.09626544943506166,5.544795454793634,0
489,0.45859191663927396,0.7228967200958353,1.3835275314474211,0
490,0.5646212635577609,0.6801799843911938,5.889086379781135,1
491,0.31555230104460325,0.5267343287500383,1.5783806979592787,1
492,0.33306877352782277,0.3625416361516316,3.564068241214986,0
493,0.8357526675252924,0.44421600933113525,5.800276446601619,0
494,0.637637157226496,0.5863442147743954,2.5688712231169415,1
495,0.5059680515831245,0.6943425503658085,4.879116068223793,1
496,0.29881396399515303,0.3690616153630874,4.454466185675894,0
497,0.26832960917462706,0.497964713980893,4.365456904282027,1
498,0.1625627831763582,0.7437568193754216,2.568431643461308,0
499,0.5879315260245634,0.27225247213626375,3.56062457429548,1
500,0.3001582842152791,0.5784237733366866,2.882206556253112,0
501,0.6344504951371062,0.6928852610959488,6.121481173415072,0
502,0.683475374848733,0.3917811771990422,3.4892429408421735,1
503,0.5524439107265772,0.541949529134881,0.0859074505233588,1
504,0.676358337109664,0.4249542172091302,1.5443299333311198,1
505,0.6630023012016113,0.6677781560821456,1.922698092705185,0
506,0.30485036324796216,0.5586497983038569,3.439165412046422,0
507,0.1426873633666948,0.10571838248584627,4.08687728729178,0
508,0.41435672158340997,0.7068424472508454,0.02110276967965667,1
509,0.5382633433650474,0.2834594047758695,0.22661479819444488,1
510,0.3148388749922616,0.5976189701962972,1.3799050934471488,1
511,0.597961943856747,0.4913720828620652,0.8148640021048028,1
512,0.38861211517511807,0.2679580453581962,5.709034919993553,1
513,0.5959608550023959,0.6717140730327623,0.4634123880180121,0
514,0.4154262364798965,0.3698646189508402,4.857896805098436,1
515,0.4969764106306179,0.2757047294767088,5.434672117090455,1
516,0.71356946566432,0.5553291869304902,5.294880959139559,1
517,0.5258654003361445,0.6005204829338315,5.654379443201115,1
518,0.5796727634877297,0.37581466266282193,2.9934974668168377,1
519,0.7440923907500951,0.5668876385001302,0.21349485091779594,0
520,0.61404998814415,0.5626991803326293,2.486887799300527,1
521,0.5896947593100764,0.2799796017348875,4.984829234138836,0
522,0.3184904021671769,0.367616034785242,3.635181615044063,0
523,0.35400631873917265,0.6174672499266304,1.2696233367844303,1
524,0.6519177547743554,0.6213380229215082,1.1100375983550579,0
525,0.654832910820382,0.3639892019775216,3.5917827341917907,1
526,0.5327930526796419,0.605689194610306,4.0470186169010445,1
527,0.6282635814460894,0.645866326871641,1.9971556864148061,1
528,0.5557106488696114,0.5851742763970409,5.189161102191096,1
529,0.43933405516095964,0.6214746232148015,1.8310202302796863,1
530,0.40902576821754083,0.6345563132273043,0.5306618090929968,1
531,0.5343445101683285,0.5095823082135781,4.257398086178595,1
532,0.5225076738687815,0.2863815270519782,0.2712515335223041,1
533,0.518061399381362,0.5878424790702005,0.723998516829959,1
534,0.3050116725077362,0.603408764062052,2.611378657766305,0
535,0.5198811522806108,0.31125796506645464,5.653695317521543,1
536,0.6906055848535922,0.6213375443577938,4.564533086972468,1
537,0.5619383685360854,0.4364176778191656,4.202063953017472,1
538,0.6494299872564526,0.44488867798938,4.9182930127748685,1
539,0.6622707557668827,0.5310219178385135,3.0872063075837963,1
540,0.6416894744495506,0.38684803896628367,1.4311586311073947,1
541,0.4807867006297658,0.4096236666799412,1.7055039648216135,1
542,0.43896592062835543,0.5471361043304221,2.7654301728671107,1
543,0.3824969171847756,0.6249493150680371,2.1196685866674683,0
544,0.5958304738601606,0.29490780409530853,3.3519079084066665,1
545,0.36701313345234426,0.3261386133687456,0.03941281901423377,1
546,0.5561911886691525,0.28064232571906045,1.901383305312125,1
547,0.49499588518487647,0.4679383687093301,1.8462321912840034,1
548,0.7051629688723666,0.38814883290073365,6.2076658390939565,0
549,0.7014221374068778,0.5474771807393454,3.2604607589826307,1
550,0.5244107767768138,0.4232560814279285,1.1381400773801844,1
551,0.23226623423343248,0.4040472467763524,5.091668332401718,1
552,0.7461727725838684,0.5248498358544142,1.8274313206741586,1
553,0.2807845747652656,0.4719580924890786,3.572749427984909,0
554,0.49838130533543085,0.5125892749268199,2.184911223303787,1
555,0.3585665612841326,0.6712361065818906,1.8773493491313407,0
556,0.704881586803313,0.38097703403066174,5.728605941448777,0
557,0.31280225529112965,0.47341223539617716,4.941561319103001,1
558,0.5537278766689139,0.2707381350019647,3.2948891773890994,1
559,0.6010417292374978,0.7162529748645511,1.1974133037388486,0
560,0.29043514403092985,0.43839972838397534,6.080205290343243,1
561,0.587425584783603,0.6495069127621627,3.5470262686397542,1
562,0.028243356402744405,0.0038556964846348453,4.386559602157332,0
563,0.4749605123885314,0.4077112827949307,0.757969415343816,1
564,0.380687512968186,0.34955615459947753,3.0930377336318235,1
565,0.6760358445894172,0.6088621022993225,1.663906488914004,1
566,0.6488673262772103,0.48334263217209256,2.12268332628771,1
567,0.5562663060242609,0.3028923614464158,5.276707017925644,0
568,0.6713633083504463,0.36993186635383685,4.310178928593415,1
569,0.025985420628378646,0.9585919850617836,1.9694101836050142,0
570,0.7034457216165972,0.3986411434741922,5.423152404342112,0
571,0.4820055148479147,0.5775449934655377,1.4535390704064264,1
572,0.5658530829612137,0.6178315483300725,5.347407444298389,1
573,0.5975193314515631,0.4278405357972945,0.1068654453122854,1
574,0.510739837632892,0.5730248312591345,1.6129194364975104,1
575,0.3231348195128728,0.6130460669027685,3.2682779438165697,0
576,0.8006467563378541,0.6353039587031795,1.8896267117348284,0
577,0.45183858952099293,0.4719306255238253,2.021308032640226,1
578,0.4074336708096904,0.30298471176808356,4.2352872488449655,0
579,0.6278358909480962,0.4405542667679149,3.449505115353311,1
580,0.657323792868137,0.34938391998556256,3.2919437905920796,1
581,0.6672623039073118,0.6588788983975592,0.7066154639606194,0
582,0.38794882174275236,0.6922930660348428,1.8649878787281657,0
583,0.43665378293726687,0.7078797120854635,2.523627681513948,0
584,0.35846239251422896,0.4633184070055793,1.8601222404911741,1
585,0.6962851723000969,0.3846269182853337,6.250644505204054,0
586,0.5455925406987578,0.38375262980541736,2.2134679581318344,1
587,0.40318034237096867,0.5750697888785976,0.12626683774484065,1
588,0.3272924880479314,0.43765225615485337,4.966579031915574,1
589,0.7182759384977183,0.34911151268118773,5.874475036334523,0
590,0.5887023384921081,0.6563825806281411,1.5194004485214976,1
591,0.29902128259988203,0.5480659948835113,3.355141780647014,0
592,0.6879811718091304,0.4568389500506845,0.10125687753601029,0
593,0.4039021399400732,0.4970759264388686,4.918252838040489,1
594,0.6537005780083984,0.3427142406407895,0.40638674604776437,1
595,0.6308579954928911,0.27057121246184707,4.483864949182923,0
596,0.9800479678042813,0.07525471741789687,4.887747136447587,0
597,0.2923219059465279,0.5924393064559422,2.6655829006858633,0
598,0.5672745531962032,0.7362838725536442,0.20327810233158858,0
599,0.6325437313707268,0.3704644217111628,2.1148108953790308,1
600,0.41268165196855744,0.2869125662609803,5.286769116436085,1
601,0.5436005071870775,0.3479903638026613,0.1223012534386145,1
602,0.5500762028348052,0.49682030158189006,0.00418401778689316,1
603,0.5014375093022736,0.7322238070401403,2.691724794683967,0
604,0.6391877120009273,0.37835851383922775,5.904590468567097,0
605,0.36773557434040816,0.36871098446808476,2.956579561762437,1
606,0.5600836662629485,0.4323229009330904,0.9486361720234711,1
607,0.48693924383997733,0.6737222207751534,3.734789734006844,1
608,0.7000561351169812,0.5657211032254182,6.078217381443829,0
609,0.3897361318709862,0.561399191485063,0.26694590243742355,1
610,0.682991563851162,0.36692390191635466,5.303408399578044,0
611,0.2975806369736517,0.4462501325745011,3.4545358397601778,0
612,0.5718090233870313,0.3143668002031199,5.1885425027968655,0
613,0.48531852107632856,0.6135842057559091,5.017532915166972,1
614,0.46838572401921114,0.308005763862554,3.4099726701395356,1
615,0.5946722467797237,0.3891941266575628,0.6940821957115948,1
616,0.879859691512944,0.03784541878911018,2.912723642910021,0
617,0.35201646683820514,0.6232128407407201,0.7813566689626742,1
618,0.4818902533406833,0.30537429725497844,0.48764989009606896,1
619,0.49100805426737243,0.6506904717070702,5.016795980071657,1
620,0.09334319603098407,0.24573852147785688,2.13306936591189,0
621,0.673680805728373,0.6479481298605843,1.5089299268305194,0
622,0.6176788956780763,0.5463564592595915,1.350066938885105,1
623,0.3706565991427043,0.3602422188453948,4.943416961766809,1
624,0.33828869040391807,0.5757334266552648,3.6254484456580065,1
625,0.7276692216935687,0.33019256208482517,5.726867567360774,0
626,0.5662244481702237,0.7287422752156144,0.7914997316316773,0
627,0.9181668939686354,0.056023161796183864,3.6201615744005613,0
628,0.4742699221903259,0.3947946904002293,3.8026065682414094,1
629,0.43208117744497887,0.37457843671595786,0.48646253453106564,1
630,0.32494414894197354,0.4669968255936508,1.9960929710909665,1
631,0.3136612533471882,0.5243453883888433,2.5283654055871674,1
632,0.26184831467329706,0.49165792146838383,4.8867518959122815,1
633,0.31694901868535935,0.636031335309313,1.647502773413394,0
634,0.1798551709204009,0.9051803350599632,4.4489690115952225,0
635,0.3786196190114802,0.439916580571038,3.3932519815674658,1
636,0.40239345563653045,0.6966902558984451,2.5714216932852763,0
637,0.5884322131916064,0.3177249103523622,6.051428454323393,1
638,0.30958013524095535,0.47874095104725184,2.7160315848520344,0
639,0.6158096699791435,0.5107507872763234,0.6513800820393802,1
640,0.4025869403068203,0.4388083062074198,1.9484495795623593,1
641,0.6949576806149418,0.35553309836307234,6.207510775974238,0
642,0.6176993234863762,0.5693863246060052,1.4922631790416712,1
643,0.10098988115463493,0.9439588785799032,3.7811664089910764,0
644,0.353979585214759,0.3339428384193836,4.15126648053167,0
645,0.4798118012209044,0.33794540431724673,1.7716954423638789,1
646,0.6269504919847515,0.3104759364786771,5.747022449929725,0
647,0.40695488669876073,0.6422675211583682,2.5888774614422907,1
648,0.5697078562527501,0.29306083076572187,5.452223285010503,0
649,0.4717056835521736,0.4117775627801659,5.037119458585453,1
650,0.3392994919787707,0.37311523196062774,4.4494066232055385,1
651,0.6105636368382321,0.524817944103633,5.764741819411626,1
652,0.7267838166352868,0.46396452539557775,1.729336330322251,1
653,0.36051503918459477,0.45686185890732184,1.657255846985673,1
654,0.5216143603661982,0.6155859453291175,1.4162255220577424,1
655,0.4120477848821822,0.32807277330567336,4.051190974970259,0
656,0.3171461905565347,0.5874204900423439,3.287781319398499,0
657,0.3861491698176563,0.3592124818177289,3.661447192462572,1
658,0.3090514852334353,0.6422549744159931,1.2031542979503695,1
659,0.2962262276478902,0.35676880514139886,3.5642766095308125,0
660,0.5472940418404397,0.7008856311042833,2.091829272133614,1
661,0.6206148502828812,0.65286997128499,2.1008624308759796,1
662,0.7005577905124523,0.5452213821441174,5.7709413410617385,1
663,0.6096323091445285,0.6913722841117175,1.0396503191400726,0
664,0.41626498885666946,0.5227519408395102,4.623386297573998,1
665,0.4076622939847516,0.651131381816317,4.288215434633654,1
666,0.7174068765337439,0.5282810755783326,2.134153488156366,1
667,0.5593566397245284,0.36227100488849157,1.8718491399835386,1
668,0.4126175678615967,0.4422362223666093,2.4540381377815264,1
669,0.31701592561456915,0.39371425091952167,3.1811513343805866,0
670,0.26921281142921344,0.47976561037996873,3.5967104660533535,0
671,0.457554768529545,0.58845155703427,3.624348775670126,1
672,0.3442851807463666,0.328721317204639,0.5184773503149389,1
673,0.5123413875945546,0.2640223249609855,4.542581647763087,0
674,0.7260358643434196,0.3727875230200184,1.520547235281249,1
675,0.32058575632438685,0.5492594919250805,2.8606460858989076,0
676,0.31121319832938027,0.4051514845499225,3.543358757623488,0
677,0.48355571868996416,0.6792307180443036,4.159721262502089,1
678,0.39149162769975004,0.41202562855430835,2.6310207797423937,1
679,0.3863769990227376,0.3458570191974244,0.15012262534711507,1
680,0.26546229574940955,0.46225965665330165,1.1346674326783963,1
681,0.4540607900118544,0.35886360875979884,1.836007480192263,1
682,0.608018223263339,0.35114209203152474,4.914932374729068,0
683,0.28078738164493955,0.5949159560159728,2.581097581219947,0
684,0.6659341076801351,0.6742157886086565,4.697463355330034,1
685,0.967752226227714,0.9706510891707036,4.1475214945083305,0
686,0.7182995710230596,0.3473675201510823,6.058241852408064,0
687,0.5377478896689463,0.5130053782319369,5.041472591946387,1
688,0.5541780844320559,0.4967402083597668,5.146792026700795,1
689,0.30495182667580745,0.5525064069692006,2.179236748824887,1
690,0.48755169824782413,0.3192212629820936,0.49119926235087674,1
691,0.515413576612123,0.38859791887636747,3.7167774797546267,1
692,0.32206450844085727,0.6145628510893514,4.437299134884016,1
693,0.946513862927955,0.06889187386605893,2.856264124336819,0
694,0.3034135635279483,0.5037130159093645,3.370760043678064,0
695,0.5999324881881234,0.7149182697954168,2.552143550299653,1
696,0.7093308885724643,0.3532301286430627,5.390796963308111,0
697,0.5058322200587607,0.34455374298013625,4.7398115728399635,1
698,0.4132526192239307,0.6563506925975368,3.03619780898337,1
699,0.5736970717740246,0.36598807455495025,0.6823688223476856,1
700,0.5194027165433669,0.27058532472877184,5.885639554542211,1
701,0.011581642381153568,0.06093390706442212,6.102729752592793,0
702,0.5218899992296586,0.34526155880693876,0.16942297982339344,1
703,0.5880310097175616,0.28668358424837037,5.825932864033466,0
704,0.4200949588186511,0.5482977430712361,0.8404063321053711,1
705,0.45817939116743817,0.6414363375428292,5.8291907577461926,1
706,0.39306195683375966,0.34280716233977065,5.839159145732171,1
707,0.2937333697150556,0.5638693543578214,2.1778099456179225,0
708,0.6034061514030273,0.4655171620172662,3.9712060943029455,1
709,0.383047092431356,0.7025475190572363,0.5667594803822669,1
710,0.04318934598646396,0.9690563887231612,2.453187707149094,0
711,0.28127743615772083,0.4244960361217903,4.476122126669924,0
712,0.4311979623100073,0.6510405398733461,1.5716599630464823,1
713,0.39906322965019725,0.3300324267303411,4.433376389979259,0
714,0.42229590741335377,0.6656166252152654,5.940415678073942,1
715,0.37585792455619543,0.5461453680784517,6.123859495097466,1
716,0.2553343002054414,0.5089275195159045,1.1485891566262703,1
717,0.1067737968053775,0.09894340494234179,1.0258255883718819,0
718,0.718210966868501,0.40616854231374755,1.01904826348007,1
719,0.5522811612124217,0.5399190086478094,4.548275781360645,1
720,0.7380112919091433,0.5149060650625258,6.072905877601528,0
721,0.538077941826698,0.2547179419120583,5.424871125308305,0
722,0.694286273612172,0.5893896933133369,4.744435846163822,1
723,0.53472531201831,0.6978483764969824,1.0774364396406526,0
724,0.5203350198779516,0.36625912328091725,0.45777450208743703,1
725,0.3185758352818536,0.3974369039147791,5.316309798592115,1
726,0.4396357372749651,0.5019381534487408,5.783762828186628,1
727,0.5632153596409106,0.6426044684812982,6.265951252514582,1
728,0.49047186566728307,0.7171954896391907,4.250901033352888,1
729,0.33414275596468723,0.3204988250206612,5.082094587131208,1
730,0.5357425308419504,0.7218822587711412,6.280268614035027,1
731,0.2714408721227928,0.5088710577392641,1.8748846375671464,1
732,0.314066713736719,0.5575491480350874,3.6428560451967287,1
733,0.48905239521495,0.26783882471897297,5.386116317847999,0
734,0.30085951840170155,0.6103565287625669,4.096065300510739,1
735,0.705975334945336,0.4650455249312389,0.44063461356009187,0
736,0.7382740487703201,0.46665351084848816,6.13788214876574,0
737,0.32926194135124265,0.3426499534579197,3.1425633325873554,0
738,0.303587324736633,0.6349760547334242,2.6947463825927978,0
739,0.4675750246342593,0.3484542401277216,4.0330964410097385,1
740,0.7960744332782526,0.4196788481729201,0.9188948957222081,0
741,0.4706637301604896,0.2840066110331685,2.6853470819708463,1
742,0.10311627404925626,0.6346589990317194,0.8144788150932912,1
743,0.6133538740397451,0.570693418609159,3.2203548505759465,1
744,0.606797655112891,0.701162212000537,5.71124781919017,1
745,0.41980647975350605,0.34646859713915457,1.5545969772500217,1
746,0.3607965662001422,0.46575081461783285,2.1187017638331325,1
747,0.4021699212760074,0.7090962073293517,3.6747629989783817,1
748,0.643447813765425,0.6890592934426144,3.0299550480913062,1
749,0.4742153406318248,0.5444995181649512,1.0624933288328735,1
750,0.7093781945875282,0.559177537256701,2.514857477978033,1
751,0.6048382270706496,0.30011829264343953,4.975798293216295,0
752,0.3350300154659546,0.5471415375741366,0.5588734539406981,1
753,0.3384046674468156,0.6088013935108583,1.1700114331398483,1
754,0.7006096936916102,0.6224144183749923,6.127780536209295,0
755,0.9192049748378675,0.1123491524926606,5.7968695556313214,0
756,0.6691629193399258,0.5548967118875245,4.021100677650636,1
757,0.4941190941979314,0.2748222354684535,0.2768424768000809,1
758,0.32646598875436106,0.5424746667755372,0.6489399446327309,1
759,0.32902702835898856,0.41982646858033834,3.354322086529941,0
760,0.46784344230563907,0.271288525096888,3.737045754592961,0
761,0.6874881347521721,0.36790822227718517,4.538902471111235,1
762,0.6852597371474861,0.35014870624517935,4.952200961557559,0
763,0.3778707687385581,0.45722670575340757,3.3644085835234523,1
764,0.5419357271392199,0.3500852974913938,6.079499798577463,1
765,0.4212341849146547,0.7104287671410208,0.6916709755065272,1
766,0.7313477977131905,0.4195003837207625,4.3884747751806765,1
767,0.651302515168728,0.695451111265121,5.243397425078179,1
768,0.8930311591957247,0.022386151303776938,4.331031324558042,0
769,0.5017370280507747,0.2756811110204413,3.1891181928178023,1
770,0.4426510961868922,0.4979089933690652,1.1621184404663154,1
771,0.34611584941251355,0.31936588471143623,4.149516989760375,0
772,0.4456464370471542,0.3119679520113166,2.332006443245465,1
773,0.3367390451039354,0.3419735338284579,0.2890884073451364,1
774,0.4682178366623787,0.6989249866972128,0.4547813947760484,1
775,0.5948935295423835,0.7346542798697848,0.2961989071497075,0
776,0.583422149532546,0.28858000355440655,1.7382673265819013,1
777,0.4861558039528907,0.441555068156177,3.381704757378008,1
778,0.617821892664266,0.7103975869521099,2.8158743284914745,1
779,0.09651931256961857,0.11071038678952702,2.7885925054232645,0
780,0.5788866205795866,0.2839246024069655,6.185484113255989,1
781,0.5770867559807485,0.5877405210295926,0.9567295408394614,1
782,0.5817073590581214,0.47958095843173404,4.3034248328221505,1
783,0.5263606690470951,0.5106125456047649,4.984865746749953,1
784,0.6570547883002066,0.39050025242854874,5.107006995520369,1
785,0.5841090729201351,0.696315319578681,1.1376525055628115,0
786,0.4247307894515634,0.5223112932540255,1.0693062665539224,1
787,0.4604748472943694,0.7070119783983179,1.4705985919207543,0
788,0.7058562821877494,0.6586555518901944,1.1955524794128491,0
789,0.4621534817150213,0.4767408011526907,0.13131334769629302,1
790,0.5578957762329365,0.29521236852719057,1.582160463785447,1
791,0.34836980288939035,0.8035927951022668,3.055043983335693,0
792,0.4313689452964908,0.5797386693815957,1.7992816980955573,1
793,0.4103836833320301,0.4628874616556176,0.6833545454689676,1
794,0.3771280937482395,0.5202132243697859,5.9005796461377855,1
795,0.386918957530474,0.31735672232708473,5.222382188224339,1
796,0.8205288430979539,0.14982551069592606,5.788531412000623,0
797,0.590279609531998,0.7367295215153752,1.3599316327828217,0
798,0.42930680311547487,0.28482384330914023,4.896441316354064,0
799,0.35220986235907176,0.6124739959691351,0.47857678660891695,1
800,0.0786243934691846,0.7031414892402582,3.0057357510174394,0
801,0.4762484348314331,0.5032867409868286,0.029383976316504745,1
802,0.5332701209817804,0.6136780570434891,5.9794621697080865,1
803,0.53107563260565,0.5331219430996822,3.422640286865672,1
804,0.3263609080186222,0.6485552755730646,3.7305726337866068,1
805,0.28996406030557986,0.5986952260724311,3.2415027010302397,0
806,0.35034757465117317,0.5576728471040076,1.9820838085361776,1
807,0.2826570523561403,0.4685347967516087,1.072880634334804,1
808,0.28120744891540583,0.41549176158283635,1.5421653657059742,1
809,0.5797958069477748,0.5030235446715744,1.0996910926109364,1
810,0.37339626756845945,0.675228022390747,4.454720457947061,1
811,0.38288763735831954,0.42491126593319534,0.6859003595956714,1
812,0.7249728153289653,0.4479287066000356,5.253069216624278,0
813,0.6479265412042449,0.31131109976399596,4.18552630540262,1
814,0.7152620930403466,0.3915728179884649,4.262796751720059,1
815,0.6489996009155198,0.37547246907333137,3.247589315858149,1
816,0.5656728094323636,0.7398714843253321,1.650578792084943,0
817,0.31290869174357255,0.5421813188408567,2.862280688970965,0
818,0.356814811143632,0.546472965581596,0.7758071406506162,1
819,0.3375002379415831,0.5731452568743571,1.586704653856469,1
820,0.669155493504876,0.4769112415406642,1.7631036490981744,1
821,0.5238443959675102,0.4771033733113436,5.801133093667556,1
822,0.7267472655667379,0.3909539407437276,4.6211029891347275,1
823,0.4965967144151973,0.7220355879168926,1.1171277958680066,0
824,0.7232782362176305,0.4684972549287651,1.1683891824324681,1
825,0.39681767595472806,0.5997719098745298,0.16122413891145254,1
826,0.6828336408487968,0.4101618326922091,0.45464055477998333,1
827,0.7156998361637699,0.5439417213946941,0.7348540446336684,0
828,0.514120617672482,0.7167462796607446,0.4356999111355631,1
829,0.48003545984265805,0.42145732579633627,5.367100399764619,1
830,0.35219144912211564,0.47546312163572324,6.018732976184789,1
831,0.5946378501613669,0.5833606268070697,5.8873919174102465,1
832,0.3086555251087425,0.34549413524248557,5.935680826092479,1
833,0.539104142870086,0.24415270525955896,3.7495266656441357,0
834,0.33706611561698374,0.32067897879003504,5.442314256129808,1
835,0.4064856239954295,0.3186325531994191,2.439125844466133,1
836,0.3995824128027622,0.6626645536122073,1.9219525260726456,0
837,0.7256867756485376,0.3935476119118656,5.656018702289966,0
838,0.5289083616317988,0.5228406655732167,2.028003042408787,1
839,0.4272163452924093,0.2872198833606508,4.222190858777242,0
840,0.3673699205841938,0.3196953223978611,6.08865075400034,1
841,0.4624558505942763,0.7066767955388168,0.36609351755087505,1
842,0.4543919236740969,0.5997789958003272,6.0096833720780225,1
843,0.6755561816803837,0.6208387009518186,4.97673553841771,1
844,0.5204577839007659,0.27975042475900863,2.2972117012315385,1
845,0.5606424110123888,0.2922102226372245,5.682518124838642,1
846,0.3287916471068329,0.6693000474323898,1.2520653266924902,0
847,0.7022830050340748,0.5102797599425581,5.740736814804216,1
848,0.4488859203998126,0.6450361932688228,1.3666408711240787,1
849,0.35314672473020353,0.6279178757250747,4.083409923620389,1
850,0.5575419851856752,0.7115533002250626,1.5074895654187184,0
851,0.39705075720039307,0.70399311734265,2.24620862453369,0
852,0.7498283334826645,0.594129211601063,5.721031486818736,0
853,0.6144260440702506,0.7333712675130064,2.024011051705666,0
854,0.5461927360512955,0.7270210972849573,2.5672621434589717,1
855,0.4156319943582578,0.29384599046290216,0.6386621555331555,1
856,0.39737111957899574,0.6597729277048066,1.6925591243571418,0
857,0.5295837050692801,0.34873614350540005,6.085168871636889,1
858,0.6495100494043747,0.6394089856860029,0.04046468534546259,1
859,0.3677522708140882,0.4152261612192949,3.9960762416254996,1
860,0.5383108403569813,0.5526286384977667,1.9344527866506727,1
861,0.4457543977925032,0.32172866152100793,3.290457630503836,1
862,0.09899313402861226,0.9954985448754653,3.9688645213990745,0
863,0.27641218106004306,0.5756507695075505,4.076044236848167,0
864,0.3420415852049116,0.6563026923363876,3.1591601545460617,0
865,0.5737574164675342,0.7565033977328374,6.260930358608132,0
866,0.7247708213729226,0.43928055631328283,1.3810338783900016,1
867,0.2786888245050947,0.4255825235712124,1.4729724503604718,1
868,0.6421827043596245,0.29574065621921236,4.977941316061343,0
869,0.39003447794515816,0.6486190405848222,4.716908627729529,1
870,0.6455642499592351,0.4591429307403645,4.859844353781406,1
871,0.10060287561416853,0.035520102646751164,1.2542898730402319,0
872,0.5611238255248988,0.7454023319032606,1.6958588214474573,0
873,0.7330303997443289,0.43227378757121104,0.07912819450241582,0
874,0.5268149330209269,0.2823338583454712,2.524030824425484,1
875,0.5408129395012623,0.34576248277604593,1.487788179456252,1
876,0.08713275189025584,0.08089557819695965,4.504498679557829,0
877,0.6592277325552018,0.6620131625637402,0.9325821214582072,0
878,0.4640607630920461,0.6835977001717956,1.9036794682339289,0
879,0.37282117502079554,0.3357713329838598,3.121694298219028,1
880,0.7302960421556282,0.49820936235417285,0.026856746402259546,0
881,0.48669515474608377,0.3855204035007081,0.5784498364181379,1
882,0.4709147479929302,0.5072195868261737,4.300791070001333,1
883,0.31186548555599736,0.449485087135686,3.643051509098725,0
884,0.08723783109339146,0.9328036809817774,1.1904012383425888,0
885,0.6641674082239865,0.6132491208942475,1.6654279063787518,1
886,0.4839530860259821,0.7310551044464274,2.4133363649075115,0
887,0.37399391564675216,0.40884819752006146,4.878066892307873,1
888,0.5721463003549799,0.6345106911711491,0.7855338228735879,1
889,0.47116064317196044,0.25643073058853044,6.021913365189502,1
890,0.6414481741662691,0.4182559174869577,4.336503416732517,1
891,0.48508170953947066,0.52631956199037,1.3785866771740296,1
892,0.6191815023831435,0.5264313014418182,5.91270280347578,1
893,0.5969811865934372,0.6544386762914035,1.0407132930885208,0
894,0.24768133188398425,0.43743069195091566,3.9729395864989887,0
895,0.7339887038228776,0.5293871619037753,0.5798907236544075,0
896,0.5766643076104967,0.3041480675115815,3.8571253284281566,1
897,0.454804611041095,0.5451081893394342,5.956569213904681,1
898,0.653096438716874,0.6345182483488271,4.680324992319657,1
899,0.6237873577044145,0.6465513813390344,1.3092879392988797,0
900,0.5081863772686225,0.7102202437095496,1.9414109078170587,1
901,0.6462016532191734,0.618196931018841,2.473994060503556,1
902,0.7227534903442958,0.5629520706877883,4.860273823639376,1
903,0.5897805519670175,0.22899086870170432,3.630362106032346,0
904,0.6423174749918563,0.6828466451480618,2.4324904563516982,1
905,0.5808676600724094,0.724457973019132,1.6945473691920645,0
906,0.7075313934957619,0.5794887537614383,2.8186693027752896,1
907,0.49875215278023516,0.3524162079070244,4.897957464432931,1
908,0.48758613599395445,0.7245926393287918,0.7603632346692035,0
909,0.5726942063301717,0.670304102227831,2.101367894363103,1
910,0.7481135305329035,0.483296072591725,0.17532610638501706,0
911,0.6087157112232378,0.2994292995938317,4.386128327018152,0
912,0.3890344564053099,0.5969137800188261,6.261047148352922,1
913,0.5327668713442255,0.36264088478327655,5.518299563340452,1
914,0.4780926987882524,0.6323162570237296,3.8228246112682203,1
915,0.6137991101201206,0.29072367116683645,5.373885171466495,0
916,0.3557187055314559,0.33481510809224274,5.240890269761729,1
917,0.37084035036827984,0.6858741439129011,3.183615973178717,1
918,0.4266949763611286,0.6257237899664012,3.269016243107035,1
919,0.33185832337020155,0.3509979579106238,5.903126491067758,1
920,0.703544906899557,0.39847732336988423,0.4043831636586759,1
921,0.7303866186711038,0.42003086007221124,0.7946395165275525,1
922,0.4664027571567008,0.7280995508299114,4.1834152964687865,1
923,0.49530529748438146,0.4529228109715727,0.4375934441812764,1
924,0.4369587943115053,0.38415253440912206,0.9925757853004318,1
925,0.6712820422262831,0.33660787011291843,0.45881249101523797,1
926,0.5804433371315018,0.34146129373095524,2.898466369203771,1
927,0.3638864974931223,0.6906607318844614,2.4994647921359983,0
928,0.5420296613887731,0.4859316985854732,0.7909868665037438,1
929,0.3708192794428277,0.5064678152576055,5.386365837617279,1
930,0.3438618867635648,0.4263743386183582,5.283367696906366,1
931,0.7876821534647633,0.1924566362976782,5.459831040629196,0
932,0.6494948087334728,0.6561465381541421,1.1820004865760287,0
933,0.052036389051933744,0.0661507886007165,3.225898002411947,0
934,0.45127225890763567,0.5327836308145487,1.2531540597327746,1
935,0.6922745321802333,0.6501682287569669,0.020187278967128464,0
936,0.2815515474999756,0.5738678337866386,4.703893986316915,1
937,0.5810076412062891,0.4609554518517382,4.709576034281755,1
938,0.5719553214845957,0.5066484793470138,1.5886483986139968,1
939,0.5000530768964194,0.4083624735553207,4.864174582737797,1
940,0.43728818470672043,0.28323879757842,4.789916454498691,0
941,0.37703680110168636,0.5046383510847167,3.676623752186719,1
942,0.732243046700119,0.4828081266737968,1.0575787376165775,1
943,0.3071145738965141,0.4795007574579493,1.3843906598873743,1
944,0.560688602499542,0.2896576769909459,5.018233438722784,0
945,0.7481302876088878,0.597938620377597,5.651419904080827,0
946,0.5290697623762631,0.28634286224640676,4.642392265814835,0
947,0.9891631451132816,0.02507251431504944,3.201260569562082,0
948,0.30183932344382763,0.31248977845600423,4.439517411683479,0
949,0.7128782677648859,0.3960823255190131,1.1614440858529718,1
950,0.4980063219783465,0.259737743171086,4.5082098595544755,0
951,0.2960688329583683,0.3615911618707862,5.675605286872474,1
952,0.4523537752509358,0.33871758272542535,2.978792492032098,1
953,0.3423594181793712,0.6265343341116283,2.476766679121026,0
954,0.4347049034643882,0.5969006502511899,1.0505417326080277,1
955,0.5191564928725466,0.5071070974242827,0.2710910599694627,1
956,0.462671475485653,0.7322780966381399,0.17042279822877476,1
957,0.278757940194354,0.4702745471220431,3.5252294629251857,0
958,0.6346238015182261,0.40464236590732405,1.5353670035883873,1
959,0.5922879924171949,0.5750785221306033,0.202225242007394,1
960,0.607044002487649,0.3150799329907679,3.6506240262324536,1
961,0.5442411407353642,0.2782863021522807,6.035278178294314,1
962,0.2792006850983997,0.5343238520722274,4.459085781593782,1
963,0.4786410055766167,0.6702223534257085,4.299773285927585,1
964,0.7329647402125676,0.5848215390177204,1.5491631539332509,0
965,0.6969768583378558,0.6305778520575163,5.977817052527178,0
966,0.3254251482024712,0.4940258837797996,1.9192802226965222,1
967,0.32201123286028394,0.40168504697663715,4.8782692190143955,1
968,0.6279583221042774,0.33644934378629593,3.3386183240123253,1
969,0.5052172946650516,0.5905700693512068,5.008474709246965,1
970,0.3111358664762382,0.6041727616005964,3.754592255859266,1
971,0.7001740302177255,0.5209609710478295,1.841148040388469,1
972,0.7196896738586662,0.4817825539479792,0.3910064513242191,0
973,0.5565990329750281,0.3944374640668932,1.0597714113896288,1
974,0.38068084053335766,0.3847596452769319,4.167468885002835,0
975,0.6696258393707532,0.6087055933279735,2.741475941666582,1
976,0.29349397418338014,0.5728447141492213,1.573777029892323,1
977,0.5340984580173156,0.7326899147468543,2.1443498139697876,0
978,0.5659455317396872,0.40365731668613886,1.9683372770889864,1
979,0.24639533372542105,0.410106353795731,2.0666161871786133,0
980,0.5673942089818427,0.4245532696799861,1.5285234528168539,1
981,0.36717813011978384,0.5628694308407086,3.251221526308511,1
982,0.5752691365339657,0.5205750156100895,1.5106786960396794,1
983,0.3254300743864284,0.6136956228844538,4.917335038427732,1
984,0.6527413857090764,0.5330917644451733,5.884253029460545,1
985,0.43347154252547443,0.25026982983008517,2.4422041322171744,1
986,0.46263794465942043,0.3773385035196209,5.387026582118122,1
987,0.6446238455856479,0.6927001742203713,0.3578110487503623,0
988,0.5599489568691921,0.5697786202808204,6.083048314498551,1
989,0.9729660915193128,0.878114659279582,5.762446379962592,0
990,0.5303328501754633,0.2899760647384297,4.13714791863271,1
991,0.4833914823137025,0.5779103367242931,5.200676561994755,1
992,0.3775255730447812,0.46388957898145333,2.7040474246780564,1
993,0.5074502329707742,0.3936557768221254,2.7407510503159083,1
994,0.48425564667955306,0.5379747439822882,0.4425431128449647,1
995,0.42043149845090855,0.7115878309413842,0.6502169435355046,1
996,0.9721935126830905,0.18949411395568896,4.193164182049839,0
997,0.5306534344298756,0.26869602553061334,2.1418647121020253,1
998,0.32030124905573176,0.35489789516865006,3.0698777688403034,0
999,0.9240712197804775,0.15336751904479556,5.736247560258939,0
1000,0.309347306853777,0.4352712902062242,2.9790343938388806,0
1001,0.027548468126573838,0.9910967393216759,4.354711478777312,0
1002,0.442990721262637,0.6678553423075853,5.67677888039045,1
1003,0.6027782287083499,0.2865599627793666,5.850680809742871,0
1004,0.3845341317928544,0.7090095235025116,2.7551167981987064,0
1005,0.37192288912598764,0.3054165353002312,3.4424445848798384,0
1006,0.4511072001089176,0.3587728430641682,6.113907105246414,1
1007,0.4914125550599988,0.6009342767074316,5.213822029153085,1
1008,0.4465657588045829,0.3407508410003177,3.6814583334105544,1
1009,0.9551014489447452,0.9428931670325937,4.347393566562441,0
1010,0.09369436078369975,0.12563359867357013,3.780038968102723,0
1011,0.5756560334990073,0.654147770115634,1.8605358147065867,1
1012,0.4241608005828424,0.27824254928602465,4.369679536609828,0
1013,0.286718432288527,0.3876044071832013,1.7803055801106487,1
1014,0.4549443568046331,0.7131683355184246,2.7342252562133886,0
1015,0.46245121605833533,0.29360402359833404,3.0058354635722346,1
1016,0.43441612092750265,0.6960396927731658,3.8624892196571774,1
1017,0.5919711164319121,0.6968116356590738,1.7998619049605276,1
1018,0.5081197273302864,0.7016128517611498,1.8719439683523167,1
1019,0.3047928423864791,0.31197910835367576,5.710755810719293,1
1020,0.040630718636396355,0.9405900794811516,1.1593897862313276,0
1021,0.48279483370320314,0.6457629364698646,3.579619051589365,1
1022,0.6573392796049949,0.649521745328089,4.929591775684373,1
1023,0.45764570683398687,0.7365316439025418,0.8590664307830101,0
1024,0.5077825072192487,0.6202590974963864,2.8908765974364683,1
1025,0.5189120613878745,0.639433409194247,2.842091109781858,1
1026,0.4134078189103872,0.7146680935227945,2.072524515947456,0
1027,0.42613778974405303,0.42264843180113254,5.705361954228204,1
1028,0.5078569488432706,0.5076356506544394,2.943636586400878,1
1029,0.4519353062558733,0.2893737709885127,2.9673591483318793,1
1030,0.544495594115093,0.7330110637756161,2.3919250675492103,0
1031,0.7265548994730253,0.4433889298354796,0.5894757543390532,0
1032,0.6669316730517237,0.5203854735934696,6.063796717693872,1
1033,0.5134493542721374,0.717665824678239,0.7057759035156905,0
1034,0.3054592806394335,0.5118902484546238,4.705877921821281,1
1035,0.45159421241973347,0.5341804736835281,4.644603988056501,1
1036,0.6499643444314525,0.36609105850029744,1.1536156425039492,1
1037,0.5358981099632524,0.5320970339429175,1.5491781457744433,1
1038,0.5122012462949359,0.2757180594337414,4.031959556167661,0
1039,0.639946545926026,0.3144868038299633,3.577912589686935,1
1040,0.6397728405751109,0.3536570353587225,3.1323177657086827,1
1041,0.5726384484749713,0.2688931420641791,5.492194246622012,0
1042,0.5858450133172892,0.4552515226060142,2.344545012861439,1
1043,0.5490054736230332,0.270959925385502,0.6148936328645901,1
1044,0.6896800294000625,0.45011994959050833,0.9800976891263288,1
1045,0.6500284679128912,0.450167507897493,4.052430397972674,1
1046,0.5126582544293024,0.3000406218429923,3.0122478822849335,1
1047,0.390735517440456,0.6942922137157507,1.58303745948285,0
1048,0.33472194532212346,0.6374887734299068,1.6309082943223985,0
1049,0.6622321329916886,0.3746148335798464,1.758879959705802,1
1050,0.3864282019580521,0.3304441288833953,3.6861185056001298,0
1051,0.48338685056778485,0.27688152530276083,0.25373117011299345,1
1052,0.30253187026949857,0.39415397803463925,3.810658525671791,0
1053,0.3314987178156234,0.6206503990388038,2.0932928175498993,0
1054,0.3796753954993808,0.6743649419212324,1.6172073552859119,0
1055,0.9151945656431905,0.8784712378334331,3.132935585969141,0
1056,0.027108382724924454,0.19566287556359033,0.29535888524475745,0
1057,0.495527975975136,0.33471728330336314,0.5895541857454162,1
1058,0.571222965954248,0.2674531714522828,3.7345811007302596,1
1059,0.6844722839261607,0.6211771672678935,1.2412228885123922,0
1060,0.3675270297529059,0.6594125292092456,3.109554321652566,1
1061,0.41424092762177744,0.7158273366968934,0.7778890565162201,1
1062,0.37038689410955444,0.684063886932638,1.4885440001087034,0
1063,0.27896495683372635,0.4855260591286536,3.631262879561092,0
1064,0.4932893972386271,0.7018123886214233,1.7818231563348204,1
1065,0.39231217798222584,0.7446896283898761,3.3799785132407623,0
1066,0.4822782807124038,0.3522317767448606,0.8636266613126471,1
1067,0.4102850452459166,0.45275258130919316,3.372988805120284,1
1068,0.4277412308915019,0.7100326051904902,2.7265128914205454,0
1069,0.36690019308736516,0.40236584791536467,1.6655049940086073,1
1070,0.5688046498561783,0.5071937222658621,1.487482036617777,1
1071,0.5383756184874857,0.5372605441508013,0.2651413376273503,1
1072,0.6895189082906024,0.40979478958537974,0.6092437951921519,1
1073,0.5798846647102548,0.5162764648592678,0.47214214161107687,1
1074,0.43931360434337796,0.6285775933580335,4.539780960096417,1
1075,0.4842546856598806,0.3351295709478302,6.2506572322355645,1
1076,0.5853240950383772,0.540168359077981,2.6687612161839005,1
1077,0.5155965172497746,0.23488294584299765,4.400326987032554,0
1078,0.6826160260935208,0.5679360463361007,3.2826030683803875,1
1079,0.46585530639311973,0.716364286295774,1.4326176482434398,0
1080,0.459127807017368,0.37072679981703344,1.994448333557753,1
1081,0.9027741746383303,0.05829826999193823,4.628287219606538,0
1082,0.6938587866654169,0.46632077216803414,1.5590725850426215,1
1083,0.6826954419209226,0.5808805201231444,1.1615657113765163,1
1084,0.3696221507683049,0.33221550374240527,2.5536537826317764,1
1085,0.633532658665114,0.6591125693419383,5.563005882480407,1
1086,0.5871366720722546,0.3044809868792955,4.962188438193847,0
1087,0.7194392601514198,0.5626117453364322,5.938418780915431,0
1088,5.377293129727365E-4,0.06972565644402515,0.17668744036789702,0
1089,0.4408556579552754,0.5028422673316629,1.4246812864338143,1
1090,0.7000153132667093,0.5981440076512905,2.284962472814066,1
1091,0.31614260321085097,0.4923877303628073,2.8185104335355966,0
1092,0.36000127644039065,0.3431336459974882,4.504922617714244,0
1093,0.46368745421537905,0.5301563002713132,0.45777778367309957,1
1094,0.7097800135651536,0.4224757128087746,5.096345483990065,0
1095,0.4556082043113766,0.6751180888092638,1.9908675116612675,0
1096,0.6344533358251254,0.6260703174686676,0.3221844946113535,1
1097,0.5761771527262447,0.4871582564764968,4.396357702580269,1
1098,0.7154007479668107,0.38087694382203124,1.2370400789045681,1
1099,0.2975304977027633,0.5650382803830761,5.342745069221883,1
1100,0.9862699735497915,0.8864255705872658,6.169694431908506,0
1101,0.4711122372634752,0.49026026563274155,5.378474952296028,1
1102,0.3153490876854444,0.6722568447376092,2.8093749816071947,0
1103,0.6087960071497308,0.49280712864035736,0.7021965424375218,1
1104,0.4837237185935972,0.5996314468059194,4.320980756280621,1
1105,0.3729271607236513,0.5659839486092504,1.1124989726520695,1
1106,0.5222429589486342,0.46010612454090555,1.9694859545195496,1
1107,0.3918791814105427,0.4159702776730209,0.6198036933723986,1
1108,0.6434057891637959,0.5322040667812644,1.640530582514303,1
1109,0.6930683313905028,0.493698484800695,1.713065547113509,1
1110,0.36938883991008276,0.3017741382105506,5.6569776961948275,1
1111,0.41523128382698354,0.6872672292125381,2.6895030997104343,0
1112,0.3829903487990767,0.4019146571070613,2.3778029468899833,1
1113,0.39656083276915516,0.38579648013453627,6.046527920367402,1
1114,0.6505878996649349,0.6353402654307376,1.3382022163013383,1
1115,0.6832721904614673,0.40089118932847145,1.2017443591557537,1
1116,0.6480935374829349,0.3931105777292098,5.2214644858884816,0
1117,0.5317358908067693,0.614898121094724,5.813899268171321,1
1118,0.5398242324696351,0.4403508557013778,0.7022587666079174,1
1119,0.4604495380169421,0.2588590915444922,3.208855751162974,1
1120,0.5818637320041591,0.4298961315833299,2.915741180825115,1
1121,0.5168906068926165,0.6452136371790975,0.15868929175718272,1
1122,0.6744646491900302,0.6733561206586377,6.095594410860607,1
1123,0.5269518883593284,0.270029943794625,4.177399722594132,0
1124,0.4793771446092835,0.7285639621017147,2.5505481659336584,0
1125,0.39111365985402724,0.46446009377819203,4.999339742966945,1
1126,0.6440976033946112,0.6535522705750719,0.09327545241917803,0
1127,0.0690579963700118,0.10033576143968789,4.48620683725448,0
1128,0.539266771954898,0.6950041068873665,3.7346043890732403,1
1129,0.3570009163435336,0.44795978596277525,1.2114189202384034,1
1130,0.6619806924033095,0.6071929023087803,1.7365753370311594,1
1131,0.6536791559970281,0.6621553075130272,2.5461299056086615,1
1132,0.6263321686738204,0.6079319118491103,2.5975084415286385,1
1133,0.37978223423707774,0.4503325751774721,4.6553857446434455,1
1134,0.5394648876036948,0.26953481227167714,0.47589293718693104,1
1135,0.01864721614466956,0.9119894401192562,3.3004085735275286,0
1136,0.657308437289983,0.3662075356180249,5.404329031498926,0
1137,0.2885403843531759,0.5572386103251943,2.37493057756525,0
1138,0.3289441975757296,0.35789496936055437,2.9176122373794344,0
1139,0.7099009326977079,0.6036632057512109,4.132546780233199,1
1140,0.46334683168474305,0.6486206785181182,3.931698107457953,1
1141,0.6744590332492035,0.33423126568088857,4.362486733775956,1
1142,0.5844943258869842,0.7257542857778023,1.826857236911311,0
1143,0.4520794476237583,0.4560372690071808,4.888262707430294,1
1144,0.32860572042020086,0.4040808590589585,1.4216477656403521,1
1145,0.7020500479493816,0.4204965503664702,6.248245653903343,0
1146,0.3761762950334741,0.5295574374167586,5.576965770859548,1
1147,0.3594018483858298,0.4961976786675096,0.39237915042997634,1
1148,0.2768932233534765,0.6706573031595339,1.5786963290400688,0
1149,0.7419615675462923,0.5587073163641814,1.4452157160349401,0
1150,0.6513988223735016,0.6460083049089324,1.132982621419651,0
1151,0.5536113541316798,0.5822095848562568,4.541325014681609,1
1152,0.2979436696593489,0.5720276223538838,4.176875572614677,1
1153,0.3084177383781467,0.6620917965865434,1.3010760588857557,0
1154,0.30768674858853384,0.33770155620489145,4.260067695961575,0
1155,0.5758439368259766,0.2793244884768445,4.18430516602106,0
1156,0.6003728390023956,0.6058755903940841,3.231485827058615,1
1157,0.32533774726373305,0.6378928293472262,0.77181931610504,1
1158,0.4172941481869983,0.6795492967203969,0.4789712882616343,1
1159,0.39838126959458847,0.3804832764225207,1.9037459535986265,1
1160,0.581381199289991,0.39721117956237617,1.906664664344246,1
1161,0.6309702084401669,0.4349664710110839,5.577512149860797,1
1162,0.6235970393665514,0.559990215023114,4.45303936114745,1
1163,0.6421134993840977,0.6225134399558391,1.6428325722470756,1
1164,0.4394429202203897,0.2799364429389535,3.0609553297999437,1
1165,0.46752624623074357,0.43776309003998476,3.259994561118707,1
1166,0.6967369979539578,0.4063077943932579,4.583179884243997,1
1167,0.9608091957523411,0.047392177511960586,2.7508480294239,0
1168,0.3821817392948258,0.30938123659746614,4.6266539970644125,0
1169,0.6745931921355629,0.6603859421347561,6.091940047282585,0
1170,0.08384186865608076,0.9790076111509665,2.3232601369919883,0
1171,0.2877693330502366,0.6860796372562433,2.5522497711069336,0
1172,0.6442483688053792,0.30909345333697935,0.5803557904706269,1
1173,0.5486659617529132,0.40985396912771277,0.6604636913104975,1
1174,0.7912249435356745,0.9954806226481012,1.009506423117897,0
1175,0.30498834109470935,0.5362858517418108,2.033338823797882,1
1176,0.7497946882175998,0.4681924092706486,5.029259402600088,0
1177,0.3747036379480374,0.6868026581616813,1.7253764990079612,0
1178,0.6476469223180299,0.4307023923547855,3.7561592750776063,1
1179,0.38992020129822974,0.7045774072038689,0.8104971105354065,1
1180,0.6708576529295068,0.5183589112346448,5.679764120780879,1
1181,0.5422821907542639,0.2623046027593548,4.084244819678465,0
1182,0.5503154855483271,0.26767461539018916,3.875025362052343,1
1183,0.6293887361482432,0.6757868325991464,5.456046755364859,1
1184,0.39066689826343903,0.284912851625102,2.7460304413801673,1
1185,0.6270750376399157,0.28467937283032824,0.4506269104804758,1
1186,0.6068207177740084,0.7388415882049446,1.9501316657721046,0
1187,0.5574586507832004,0.4564982166270563,3.583512220990056,1
1188,0.37078829995947193,0.439455471710824,0.3097615991618845,1
1189,0.37394431074642187,0.5315971051805319,0.23195696112746256,1
1190,0.7004234903061787,0.559145988603862,6.185315920494122,1
1191,0.40766846635678117,0.31815375382224853,3.591410680874195,1
1192,0.3243651762870558,0.6611287953529095,1.4159783425342796,0
1193,0.4272186504093641,0.25537093873261524,5.258855141568904,0
1194,0.5245334677929366,0.7381131541211269,5.904914082119203,1
1195,0.9890132474107107,0.9660883142935471,0.32611725686145543,0
1196,0.4579976528943222,0.5289491165380814,5.692302391037546,1
1197,0.2863169217105527,0.458379408212713,2.206322527276378,1
1198,0.49885343903072565,0.6567715247463274,6.122521031281882,1
1199,0.4309699705285579,0.5201796867240354,1.8300792538965722,1
1200,0.6965232881036549,0.63090041942786,1.4934027884883487,1
1201,0.4955962158201067,0.2908293774450787,4.150470021435379,0
1202,0.7344919176421412,0.5925956526706899,6.164742256299027,0
1203,0.3411889685203524,0.47416076744030117,0.15514642715849097,1
1204,0.5968504178180903,0.35089135742964656,1.4160295503885831,1
1205,0.6205569499084256,0.5383380139651598,2.0396498190713013,1
1206,0.7257642998967583,0.5082253979829137,0.31170171702558863,0
1207,0.6194685045295262,0.6564879068952058,2.2304558640539778,1
1208,0.5639013952870228,0.32260742246816104,0.23472811834988602,1
1209,0.42757132431815775,0.3713401278804461,1.9389141941836712,1
1210,0.39882879192670856,0.5936430100554617,0.2635449222916069,1
1211,0.6581170312784498,0.33364224018741434,4.876928641618532,0
1212,0.310991542840963,0.5504283027887424,2.5738302092895706,0
1213,0.49700335380932686,0.46421889541737693,5.834339795593793,1
1214,0.6852368697937609,0.6356888547370738,5.718410056045218,1
1215,0.40263451191792277,0.32402418398272065,5.2286915758408234,1
1216,0.6693831486732565,0.4331194207702152,5.813451509777056,0
1217,0.3780106222842294,0.40565372414048095,1.1299054796047943,1
1218,0.5846658358915369,0.5629246962749099,0.4140443511198923,1
1219,0.30265147778969775,0.5945606933273256,2.117503831586662,0
1220,0.3188170585880498,0.4798171617619487,3.2330199910743738,0
1221,0.5530387297921783,0.6972452951147136,0.09454421529404627,1
1222,0.565659996483964,0.5264030363603363,3.989203236232292,1
1223,0.43567505029302167,0.6062877269023103,2.5988932676884215,1
1224,0.2783100434807195,0.4097742555799154,3.051538177148553,0
1225,0.4873629969011247,0.556640302763771,5.8327136171704685,1
1226,0.5346745715878853,0.2661606623226407,3.8356169091377117,1
1227,0.3370677629286046,0.35421395668540945,3.5456345930048028,0
1228,0.5662461782981252,0.6679408965536794,3.9930405303062297,1
1229,0.7543520550805684,0.37501839664700787,5.157715929765374,0
1230,0.6509707311999107,0.6475327845798811,6.020408816089444,1
1231,0.4085544642652957,0.4959616998340173,1.9061538403869196,1
1232,0.6543842829675179,0.6659889283044045,2.957032152204658,1
1233,0.5661572190496535,0.7147168434109151,0.7129056828358364,0
1234,0.5094289402582487,0.714707485792266,1.8741829694985745,0
1235,0.7254347861640581,0.4515109867871608,4.8778870290848095,1
1236,0.6126619272992833,0.3000125461839108,4.99976197716904,0
1237,0.47100001972430516,0.7371623616717771,1.4159533907024844,0
1238,0.6992963697587979,0.5197066999465945,0.3107941844461744,0
1239,0.28149983289008085,0.5581135370016825,4.073855121595673,0
1240,0.556908801338683,0.43952518439956034,0.9533907925937446,1
1241,0.6546073076682657,0.32227064524274857,4.637755692795078,0
1242,0.30594246681648907,0.5095973230958849,6.268838470419324,1
1243,0.5831562297638608,0.732711568032046,6.188213059702136,1
1244,0.7098145478624838,0.4203612970148005,3.9873629919817897,1
1245,0.5619513009801109,0.6832248389334485,0.694629352032458,0
1246,0.3107088705808432,0.3497766974390644,5.37666285812647,1
1247,0.5765085614229554,0.5664162967928592,4.537402629010622,1
1248,0.535798752397565,0.5224204961496736,1.7947878387111154,1
1249,0.36168521939934384,0.684649535449017,3.3283825701652914,1
1250,0.3155006262120723,0.30665697560264127,4.72462630179254,0
1251,0.361856177378335,0.6813124073445376,1.7968663130589375,0
1252,0.6346553745836466,0.34048145611756403,5.64667451580946,0
1253,0.22662046616584225,0.6098550588980097,6.215325385847607,1
1254,0.42480518967942804,0.2739734767137865,4.800804891108143,0
1255,0.6138329456760131,0.46630996903030497,5.868440293190759,1
1256,0.6016158358146707,0.3963811674674096,2.7133748986426762,1
1257,0.6736530397381865,0.6732796506386282,1.1640310904094797,0
1258,0.3312462493167364,0.640059445079553,4.153005368588793,1
1259,0.7371150612354268,0.5051462664907298,4.949942469542849,1
1260,0.5387212670696783,0.3257966829780913,0.017113893629290583,1
1261,0.43045611907085374,0.6294790314207425,4.606054740887174,1
1262,0.6088199318213718,0.34288511446888437,2.9710017993244398,1
1263,0.6161988718546066,0.45217420761014504,4.4833725529816615,1
1264,0.6094713962812383,0.47126611016591324,5.7380682682809345,1
1265,0.5263578078050373,0.4080865103540558,0.81216230642003,1
1266,0.29287566330734854,0.3860608849024077,4.3519199585006225,0
1267,0.30918216721763714,0.4271696506779537,1.5002416443185527,1
1268,0.09279471596101543,0.8962261340865019,3.908000041531532,0
1269,0.6436185697013138,0.47309284622548425,0.029921109815507434,1
1270,0.7391883365186035,0.19951544781377553,2.525350107575483,1
1271,0.6297160924136094,0.6760791775077025,5.979463959084194,1
1272,0.531043449955324,0.5059769844476187,0.42609517712688527,1
1273,0.48964210111377093,0.6247020799881357,3.402296668352808,1
1274,0.4540493491026553,0.7181215185953908,3.423964283178739,1
1275,0.5322186225490079,0.3762312413103099,0.8670077437899435,1
1276,0.4493066895205386,0.2365223346044184,0.2996312554366365,1
1277,0.522404624956921,0.26741745625191804,5.464060159910819,0
1278,0.6545491659782108,0.36623373174993445,5.746939069216654,0
1279,0.6635774466687835,0.6499952552649542,2.670477507677976,1
1280,0.42679181562733837,0.4292808262990563,0.8017941215743711,1
1281,0.7531971158193154,0.5231753639807598,0.994417052856052,0
1282,0.3907108372984743,0.5975069042371723,0.541681913784749,1
1283,0.6810183147917899,0.6093344410755162,0.09954169902592103,0
1284,0.5344197262227722,0.38258624830271354,2.6950553983892904,1
1285,0.41237624643868964,0.29225960289929637,5.5905716572660635,1
1286,0.5971039103086584,0.3004288728516712,5.904928081107807,1
1287,0.44570363706116717,0.5040628653030773,0.526031982780563,1
1288,0.6559061472990898,0.27779619320316207,4.569112481130539,0
1289,0.7250050646060369,0.3950839710294757,1.1873011502969182,1
1290,0.4423709967311685,0.44748480863866086,0.9101687660517181,1
1291,0.5652664702058862,0.7261488825018276,0.6306458495044961,0
1292,0.31061769573632264,0.3859158067338644,4.054238930098104,0
1293,0.6861313501021302,0.6340690004162374,1.5422276976641927,0
1294,0.5191848126025028,0.48535734945015574,1.158070933017831,1
1295,0.9120792537681968,0.8579950657940918,0.9269670579022888,0
1296,0.2651990551139224,0.5967466966091366,3.9070540009286048,0
1297,0.6097055979616928,0.359771422976395,0.5697111249925673,1
1298,0.3984124252433889,0.3522158148953963,4.113915777275082,0
1299,0.38338287358449563,0.49525695798064345,3.9023623678206207,1
1300,0.23986033958180877,0.9005418186458303,3.1349044338579684,0
1301,0.5819340162443765,0.623436377799571,1.1716158564319916,1
1302,0.9458612751330429,0.03613179169343672,6.019237193798642,0
1303,0.36458641867447883,0.667341653305758,3.4557468626351855,1
1304,0.3284892885137548,0.3312794221731944,3.611854792978968,0
1305,0.6448090216352502,0.4523355267548554,2.08251298787858,1
1306,0.5647725962597775,0.7126948076627635,3.4844175515277978,1
1307,0.2678679901701358,0.42146140306975016,1.8043404787602562,1
1308,0.32619019518415293,0.30417825716093944,3.2599663115083413,0
1309,0.500623706875814,0.7145505114370001,2.09120127210045,1
1310,0.5234304863346471,0.2637302824477058,5.113202161245389,0
1311,0.6091687598838429,0.6434230145426859,0.8117402134254184,0
1312,0.5368800923655599,0.25573824034307724,2.9392787587117617,1
1313,0.716369337809847,0.46827729828742487,5.444071413404424,1
1314,0.5241622999051574,0.732741011210043,1.16111869876621,0
1315,0.4404787635999148,0.5096144724941019,1.035520275994762,1
1316,0.6530282764722597,0.5735866196861608,0.7049376314858635,1
1317,0.5234266819551979,0.4327713417294489,3.533327552586894,1
1318,0.25822725368060157,0.5421923758503205,5.348286163925144,1
1319,0.39318477869786556,0.4068816222987909,1.0340707469769148,1
1320,0.4035822501525942,0.6675358885171304,2.461804734368811,0
1321,0.4655012527963019,0.2796928150267216,3.0799212820403716,1
1322,0.7467102038281772,0.4964670096180064,0.4194863593100395,0
1323,0.5561780136702592,0.3111491443398475,3.2673025703267706,1
1324,0.3492242163125525,0.33928120030094616,3.331647157861621,0
1325,0.36594666932922576,0.6697752995090466,1.8900073512457172,0
1326,0.009379907833772775,0.975825595164957,1.2672752598862258,0
1327,0.7214471545265747,0.5635264549308704,0.625821177577735,0
1328,0.555423445394693,0.7569039642020643,3.2817642826449944,1
1329,0.4453041238883303,0.4435780545650322,1.9729574173014293,1
1330,0.6590615463605869,0.5231843379903348,5.324969936799068,1
1331,0.43876458666709245,0.7225236857422126,2.867739545963796,0
1332,0.06918727589870208,0.025105893538322988,4.002212517276712,0
1333,0.5986502477959504,0.6494648027354147,1.4734757878556721,1
1334,0.6293116349552552,0.351595660980476,5.445653459167999,0
1335,0.779159386606697,0.6562394842119054,3.8659571983198266,1
1336,0.3517621960958303,0.6252119888440801,2.3328401565567907,0
1337,0.33816375916289343,0.48050319850913925,2.6437605394901813,1
1338,0.589786888443348,0.28746243765139506,5.193392340990214,0
1339,0.40395542043155835,0.5105495676884308,2.5296615739614126,1
1340,0.500324695085092,0.588842187666183,5.372243257074807,1
1341,0.5022789503862846,0.595748351778492,0.2661493983102633,1
1342,0.5216564268777908,0.6536426169363502,0.5558031371219646,1
1343,0.3602579311655407,0.6432503673394985,5.488033471958885,1
1344,0.40744186507581864,0.6589962582471025,4.453866109057116,1
1345,0.5257492783241756,0.7306217052416965,2.3159529571804627,0
1346,0.3526391843156886,0.5286465540292621,3.349640237497811,1
1347,0.726523303514851,0.5335734938020733,5.340367536278699,1
1348,0.522173981379976,0.25914500491744924,0.30679817529392095,1
1349,0.44168699061514544,0.3041278985409442,4.225607145265107,0
1350,0.4846035607962559,0.6007822103110468,4.317856038405622,1
1351,0.5189497339167031,0.7345822026233944,0.33193009719145117,1
1352,0.7324434410152001,0.5389276059060621,1.5995493486037362,1
1353,0.4995010340817017,0.3855195532681685,0.5798315216588901,1
1354,0.6359033680317022,0.5562730964837,5.845109269622506,1
1355,0.35791050955193454,0.3070018912067501,4.97343441711718,0
1356,0.7207244939978986,0.504753569466676,5.88602300917657,0
1357,0.8526205013953272,0.9599444397571779,1.0490907601575505,0
1358,0.3122661669968163,0.48301937273410994,2.9412022843197483,1
1359,0.7259907057069599,0.35907684792952865,0.31923694877134656,0
1360,0.5356045141710964,0.264890740264894,5.356375083840849,0
1361,0.006365824570158767,0.16653116941030355,0.4953340648922143,0
1362,0.29084893652690624,0.4160417102674482,3.9230980281426664,0
1363,0.6478180933564064,0.6370060077562912,5.848920905345732,1
1364,0.6348216613427986,0.4568188509879561,3.329529762212075,1
1365,0.00861597844324155,0.0775797169652274,0.9244968542178793,0
1366,0.575082580193882,0.4071548296642958,0.3207144938645334,1
1367,0.2827866125463331,0.5963029417055579,1.224313167046477,1
1368,0.7229197261537627,0.5239637736195497,5.345518501277757,1
1369,0.39070647474964776,0.7023707440791179,2.5666938746275103,0
1370,0.2582398696818416,0.4519835352780978,3.8974771493099984,0
1371,0.6741653546778424,0.6170310273615957,6.25909801846939,0
1372,0.3726270091353408,0.6337000165750915,2.7370441774569194,0
1373,0.7380062931936148,0.40901211407733445,0.33132215769159035,0
1374,0.6584307661477528,0.3366111897041762,3.025266587697381,1
1375,0.6967174262227337,0.6306190318810168,0.7569711464741752,0
1376,0.5042891397942687,0.6233429528017816,1.3977156096557941,1
1377,0.5609178257885521,0.6723887924655494,3.9626094062820014,1
1378,0.5003078919204061,0.5493952132776508,4.982919844206745,1
1379,0.5364504887035072,0.29038116340794806,5.092459462108073,0
1380,0.8572834840505974,0.3216075819322253,1.1077893306406446,0
1381,0.667330683985549,0.3314134970200795,4.1778954091974425,1
1382,0.6535020575409056,0.3358677867855214,4.620863951568016,1
1383,0.2713015325895741,0.4861565902342308,4.198069671392169,0
1384,0.5311368755903092,0.636590471731102,5.795593136436257,1
1385,0.7506910405822695,0.4931742085713641,0.44954913582254663,0
1386,0.44394321836871636,0.688063498833351,5.285386114765419,1
1387,0.3728613428724495,0.3945930397191879,2.2659539799246593,1
1388,0.040199178729673775,0.9460231400345906,0.00983541934324439,0
1389,0.2653988188063501,0.449298732457413,3.4995222197825755,0
1390,0.5251378928918415,0.6589579023861415,4.428445731797621,1
1391,0.5314625544115836,0.2701744128418015,2.6176771095208884,1
1392,0.43374845762835823,0.7230655866175767,1.9882507556588083,0
1393,0.3251721297083284,0.5699879443243268,1.7759410937452913,1
1394,0.537158228482575,0.279857624402655,0.03326115839325272,1
1395,0.7026986406897958,0.8719945022879199,0.1809390246221361,0
1396,0.5823935600631421,0.5428283764917989,4.936817047233809,1
1397,0.3521987124006344,0.5232367793326619,3.73459596371132,1
1398,0.733440690218049,0.4929326652587621,5.077344765833055,1
1399,0.4726042742779009,0.2866691186385019,1.1438641777240386,1
1400,0.31379793217239427,0.5251739043390543,4.350695923256127,1
1401,0.5486359406917317,0.42335648933422626,3.794455342782161,1
1402,0.4768189166641669,0.28401566931848454,5.265373655178371,1
1403,0.3146767560662261,0.4629538638927315,4.742452029331289,1
1404,0.3189140135869184,0.3991459496194389,4.57570881776554,1
1405,0.737712741054586,0.5380977247402402,2.18911152548364,1
1406,0.034490165802277935,0.08468369836468898,1.7716781859594923,0
1407,0.33811833349415765,0.5834256960415667,3.218596723440527,1
1408,0.6883023595402532,0.5790913227455147,4.850097501165065,1
1409,0.2408704813302443,0.45617141536590455,2.602121808926226,0
1410,0.7154945531313792,0.468220050640488,6.008717077322202,0
1411,0.3849284920996923,0.4421460905189343,3.1238546939144034,1
1412,0.34197229888622643,0.5482513797496661,1.5903637484938473,1
1413,0.29626661427409834,0.624666017125467,1.3732178649130673,0
1414,0.3177236793883941,0.3849812202303943,1.6423118628475681,1
1415,0.39870118472392174,0.46356645139856784,0.38527304231791987,1
1416,0.4912384105048487,0.4291105952206466,3.9876897137325984,1
1417,0.578047883281403,0.5521267316976267,5.7373278773668455,1
1418,0.4340654452877282,0.5935664821165786,2.6954034642516227,1
1419,0.5643151653750975,0.5106549170322577,0.11088650687932547,1
1420,0.33848106464572597,0.6019392034156064,2.4899154369853167,0
1421,0.7160308671878756,0.5726395899208221,4.961165995252425,1
1422,0.4545642019272784,0.32239591100784254,1.986130621111251,1
1423,0.5183842010525739,0.2809711325299268,2.6527124839345997,1
1424,0.725741403325718,0.39463172252280354,0.07561759378154864,0
1425,0.4442763235092319,0.7120886833121411,2.7664260627861,0
1426,0.33582823206483636,0.33455043015652275,3.756284325828344,0
1427,0.30125621666295244,0.45179506585186324,4.420085878936586,1
1428,0.5654714746865793,0.3084486342705833,5.389890046343276,1
1429,0.6429283909580708,0.515378503108021,4.839343150894633,1
1430,0.6564602965442503,0.4313953909666056,2.22448110278224,1
1431,0.6429633793057593,0.3936241783618417,5.725140917193887,0
1432,0.3159621887599927,0.36927162641522077,3.001555804940333,0
1433,0.7294231698679571,0.443660250853545,4.842459532186575,1
1434,0.5301747420424386,0.46226593245181835,3.2240646867066705,1
1435,0.3582354071387371,0.48352784371207636,4.512552326211003,1
1436,0.3202352845326965,0.6136469431918912,3.189935152769566,0
1437,0.43442077794929385,0.3710835156938547,3.3553069492392122,1
1438,0.586802565978633,0.4871140601178741,0.6753021427341104,1
1439,0.6422481053799661,0.46422439753732603,2.870861843132405,1
1440,0.49190787132072133,0.34749800480769866,2.1268708496426947,1
1441,0.4616070932364324,0.7195759410301563,1.3855422278303422,0
1442,0.5324361174523716,0.45380730686050447,5.97692027301519,1
1443,0.34647471911923045,0.6198986701100067,1.6501013669743136,1
1444,0.5277488185229947,0.29271249755517453,0.574635316395607,1
1445,0.36236070199660103,0.43008024443747195,2.230428611972539,1
1446,0.27639044275517466,0.5299865029057337,2.941602150911189,0
1447,0.6423412985917323,0.2728251496058861,4.350334633651226,0
1448,0.24207634876763592,0.5201992217347235,2.028890855680958,0
1449,0.37203308920398953,0.5197479853701448,0.689906107673117,1
1450,0.6448839538138201,0.3814444254347197,0.6126665633961108,1
1451,0.3367204392558742,0.3704570915336918,3.8813932227595136,0
1452,0.5823282576975938,0.39957471118915355,3.751010762358715,1
1453,0.29745789073007195,0.45347066447772455,4.604870369675453,1
1454,0.5173480159114324,0.5067644077673495,6.197234804441159,1
1455,0.37677043718089714,0.30479515100820315,2.6797061575983334,1
1456,0.5579123833106543,0.31042559452982743,0.7516175404949271,1
1457,0.6003740693925885,0.708778735018407,2.1961381357312675,1
1458,0.7070530708587582,0.5992968276865196,1.8643259601882767,1
1459,0.4824058158894773,0.33889379898977673,5.074124230938699,1
1460,0.5918520275923712,0.5454123121163992,1.5336443388089211,1
1461,0.3207199967892851,0.6366120992642585,1.7778595716486134,0
1462,0.40784219265968225,0.30401345476368735,3.4073010614936137,1
1463,0.7007696776097035,0.4400638210582026,0.5478351857678341,1
1464,0.49785040852881507,0.656849274835483,1.8095262239039234,1
1465,0.9579449238996943,0.8481758655492493,4.268021139809871,0
1466,0.3581641974988591,0.6275760671340468,6.027604588137603,1
1467,0.3299543568441833,0.6904569459971269,3.8602826097637233,1
1468,0.45952717098472484,0.33040923695669183,3.4355915331912152,1
1469,0.55194067379597,0.6181652592605011,5.751407715820518,1
1470,0.607790241449515,0.3676782423725379,2.4654324954731126,1
1471,0.6943207456762396,0.49938985019841653,6.195126693473869,0
1472,0.5896660400807512,0.5130309886022916,2.1176877507389085,1
1473,0.44286806771896403,0.4969654811580323,3.205336257686658,1
1474,0.3515275559984339,0.5532886136300861,1.3380903907963488,1
1475,0.6636672776884533,0.3601024043202261,5.476157481725589,0
1476,0.7059953240450378,0.45732484254060496,0.1914033214667636,0
1477,0.00710744426317035,0.9522512719289156,5.535374592386112,0
1478,0.5357663790614505,0.3064664758849965,3.49397089129769,1
1479,0.48534253639795866,0.40786479662720715,5.621585943634168,1
1480,0.6840905257897465,0.6531108459987691,2.6061705818747716,1
1481,0.29054530922218275,0.5382925762894581,0.5424935582696846,1
1482,0.4641979930959827,0.2852785769537713,4.206318577164434,0
1483,0.282370798887594,0.34625243648220777,4.298571804553202,0
1484,0.33769054998929293,0.3401163704547787,2.7285427080479,1
1485,0.6988153240361251,0.49763458832190477,0.26463078411816576,0
1486,0.28817054802577996,0.4716895644813723,2.1285771431122757,1
1487,0.5312571914484973,0.5472700434774573,3.2577355819755662,1
1488,0.5511003660999418,0.26794158223349995,3.206289046134969,1
1489,0.4753243132400113,0.3746608503606674,5.684646743434486,1
1490,0.010368968736162476,0.8269815670042115,1.961627417032531,0
1491,0.3920154521219976,0.6973349955676503,3.0429501501266802,0
1492,0.6720828462558129,0.44675667466342717,1.927225435297062,1
1493,0.3478092283615845,0.34940592068494986,4.706216783835749,1
1494,0.5882232159612766,0.7096255217442082,1.4731489652049317,0
1495,0.5271811935905465,0.49387717924973856,2.931204281329578,1
1496,0.3168524383246598,0.6426240753905573,3.069068283649226,0
1497,0.49039883767473924,0.46750695111895024,1.0806319961652306,1
1498,0.3999325452012801,0.31289895263781364,4.890819017741257,1
1499,0.5854307712760896,0.7419253492700888,1.5869316329584267,0
1500,0.597584297186356,0.42423667358154565,0.8957173092022257,1
1501,0.6527610626709796,0.3551229646798747,0.6637221802477797,1
1502,0.3715079596588496,0.5230513202299878,4.613396854828906,1
1503,0.6640726162272887,0.6916057866178501,1.763679643988881,0
1504,0.3426160732299266,0.47553891566328316,0.2782634725608239,1
1505,0.38414186006303097,0.2966589976518292,4.005105870274527,0
1506,0.3581893683849315,0.7018226512123029,3.4791931679045454,1
1507,0.6536481563835781,0.5482775344876022,2.0587224462498988,1
1508,0.6726583089448269,0.36868719365099584,5.719083533317013,0
1509,0.45271957266825047,0.45863410464137777,3.8690039033927497,1
1510,0.6378393611746065,0.5562745318069576,3.3760756048292513,1
1511,0.4855363726298523,0.6504557837147465,4.926154761685097,1
1512,0.48817214268196385,0.7216995726558482,0.9149227955233827,0
1513,0.7151466938490789,0.5118937209752832,1.608756131213165,1
1514,0.5433206061545228,0.5669874827929353,4.470478483157874,1
1515,0.9918125966888367,0.020873451810269596,5.232867283883365,0
1516,0.5662446565920163,0.37955416160496086,5.522142989556024,1
1517,0.7059804032120074,0.4309217367487256,5.9928820628659505,0
1518,0.2924562825195304,0.36122543443891464,2.888003705867369,0
1519,0.6082991613785453,0.3434765479974649,3.167166477783683,1
1520,0.6714875469451691,0.6577969498634653,4.952955051649471,1
1521,0.6170837235516518,0.41173408371527914,5.9449149141020765,1
1522,0.2605958328821077,0.5507891334176669,2.1863287400825584,0
1523,0.26778239171815194,0.4954439240233698,1.4506162459042382,1
1524,0.40494374153785356,0.7352213617433767,5.711879482978976,1
1525,0.4196748106852671,0.26944014332907884,3.2621233857122056,0
1526,0.2846640054502238,0.4346263553291302,4.5196393173672185,1
1527,0.2995766072784299,0.33923348565720773,4.3346737417452506,0
1528,0.35663448964954436,0.617820566700214,2.460642535631899,0
1529,0.3033104063757623,0.5743284627130177,1.942777661666066,0
1530,0.46562724837200004,0.24431570861526136,2.6071369452341693,1
1531,0.40021861407512593,0.4912417815287135,3.2592428077077145,1
1532,0.6238153254073773,0.6182910041600252,4.734667428423209,1
1533,0.5481532816550793,0.4539840800998488,3.0444720626202004,1
1534,0.6347790732453953,0.706675704374075,0.07231877368576056,0
1535,0.511979774794445,0.26796023384035916,4.447219812894674,0
1536,0.3692816132318484,0.3009921674082689,5.327408680329672,1
1537,0.260397047993307,0.45761081933761166,3.485133231321409,0
1538,0.612360777888612,0.3938431362167154,3.4824849820389248,1
1539,0.39189413734554635,0.29435663908752396,3.463824679512997,0
1540,0.30329316353365193,0.4036054614610172,4.20790773222677,0
1541,0.5401540226817799,0.4367048435753622,4.012081870916881,1
1542,0.11000867196148674,0.015201129513386733,0.025743017445927663,0
1543,0.3997168547517461,0.6987507720109427,0.7593136154824023,1
1544,0.6153910147127999,0.7055206764227744,1.4735222410271458,0
1545,0.669131647233704,0.38116554742561926,4.614500076098051,1
1546,0.59396626460042,0.461950117232307,2.7852534707833194,1
1547,0.29934590509275827,0.5578584797226357,3.3190615854597008,0
1548,0.710277230932886,0.6045291180371735,0.44179141723250037,0
1549,0.6929023612177202,0.42306668973024697,4.3639075708840895,1
1550,0.3115494617091766,0.48336376896908584,4.151777712199026,1
1551,0.32863669544382174,0.340905345263971,2.551371304640197,1
1552,0.644943879108152,0.48135926654140765,3.3155113781634573,1
1553,0.5470331448143761,0.32043826687691745,6.075481565876629,1
1554,0.537651480253204,0.29955042406614285,6.0721723245213735,1
1555,0.5261038808499621,0.26000984319815235,3.3082565579196914,1
1556,0.38177379867001177,0.29308990401310664,2.7818628927967937,1
1557,0.4077338062314305,0.5302811122689661,0.5224028887384231,1
1558,0.7375273789737614,0.47950889523625134,5.61583233960076,0
1559,0.7098690596282546,0.6318559848238938,5.02825841310616,1
1560,0.30914154685455514,0.3962563053711434,2.968927418434674,0
1561,0.08197771006914169,0.12548509836769073,1.9141511501018638,0
1562,0.5163979053962647,0.2964425751888891,5.959657552853009,1
1563,0.9811782004151158,0.05295801859950638,3.584724453567112,0
1564,0.34149511848516506,0.35330450574439914,6.062679168331679,1
1565,0.4044391598165834,0.3603164939023947,2.3775702469291486,1
1566,0.773257197195942,0.39531786039053196,0.3819796845472615,0
1567,0.5683422344869721,0.27638030421025067,0.01591411780455143,1
1568,0.31519226342093754,0.4139436768291778,1.2299728113656554,1
1569,0.4592737160424137,0.6132149918213545,0.7374257017953789,1
1570,0.6862859721756691,0.4077277401605123,2.454289213070673,1
1571,0.5983007894827707,0.4703353935376636,4.6239087694850625,1
1572,0.9169847981462301,0.002048438160131615,5.931449712524748,0
1573,0.6957203808136537,0.36366747692448287,0.4314579573622918,0
1574,0.6331301606372787,0.696753922566056,0.5046276421281903,0
1575,0.7296127377563306,0.43185261007575076,4.162543547995891,1
1576,0.45749584600035664,0.28509630852686413,6.254122143977044,1
1577,0.27779133347516405,0.34747715846546884,0.39039378075301995,1
1578,0.41916206819674384,0.3265797068852155,4.209113389512861,1
1579,0.7560743291021008,0.519943993757654,0.45131195351451625,0
1580,0.36736586404380156,0.5360624482408679,0.40834354213362556,1
1581,0.29028005142133295,0.6423904042360519,3.0998695642980754,0
1582,0.31272651671072776,0.41530536064982543,2.5303903819962623,1
1583,0.3342313481035834,0.46270671113509915,5.907567484401886,1
1584,0.5270859113808906,0.6388310640548973,4.236280718395075,1
1585,0.5106362276020183,0.7184513215901073,2.464091469591187,1
1586,0.607180938922949,0.36714161993044897,6.263610518056921,1
1587,0.4050443171653842,0.6672086974259243,0.6020485260120697,1
1588,0.47291632661099786,0.5540382750859214,0.8770767972161261,1
1589,0.4335790451844718,0.6791561913881966,1.7524074361200401,0
1590,0.6871496132457534,0.30980941018737107,5.220213758085189,0
1591,0.6891891032383682,0.3774673493769188,5.524165321449354,0
1592,0.38871178972662046,0.6139079468046025,5.703229033544575,1
1593,0.4666347627660012,0.6933226417298292,2.642249508157238,1
1594,0.3183935643767271,0.363241004907968,4.845194121653495,1
1595,0.451280512480674,0.4993126365887817,5.864048708508805,1
1596,0.2904856455752344,0.6159298660307957,1.8055394233551365,0
1597,0.5492712990921984,0.3929634664575895,2.464893202389776,1
1598,0.9515423866100597,0.9262054397440465,0.36529844589848415,0
1599,0.40642815516693287,0.2782473412599976,3.3420233453192423,0
1600,0.3949846440586189,0.4313858793623453,1.1524689253598792,1
1601,0.4281680763984287,0.3222469095182431,1.1685711902584377,1
1602,0.4151978156989665,0.35880386778705653,1.7807909364854158,1
1603,0.656822092205723,0.3262190648588975,3.7641161186527037,1
1604,0.3825991850218204,0.7001233042204773,3.1327467276147103,0
1605,0.7131574127928108,0.6534191893908159,0.5110694454161402,0
1606,0.572691507912938,0.720030909149963,1.4751448981470743,0
1607,0.6014853726612864,0.514582971774037,1.431184221154465,1
1608,0.6982925503247301,0.4424427151134312,2.1018642533087926,1
1609,0.5689349668964453,0.4495717533635094,5.05477006408313,1
1610,0.563805096814255,0.2883052147622298,4.558497090959549,0
1611,0.5327971021972013,0.2584643984302727,4.6218394329571115,0
1612,0.5689230053782253,0.41282663926251706,2.6384899949901595,1
1613,0.7228566362466522,0.4277588868355937,0.24732162524064497,0
1614,0.3424541913098125,0.5221520489412445,4.567604480828975,1
1615,0.584392251456924,0.7231721997714787,0.11512592753260685,0
1616,0.41956364058107065,0.47608756444734546,4.073017147580629,1
1617,0.5472187604663532,0.4909262049454486,3.3591894217090017,1
1618,0.6023561364431926,0.3521423313120378,4.564265632610278,1
1619,0.7180429365373802,0.4339676984451774,0.8266152837985541,1
1620,0.9465716626671763,0.11125219748340462,2.935199886287325,0
1621,0.4135326188377596,0.399778766120482,4.323857504953297,1
1622,0.6507624660798939,0.31124877691005487,6.208158118264127,0
1623,0.4175655725797294,0.4218726206959724,4.504269372831555,1
1624,0.6781179101263103,0.2977890902314738,3.221984738446868,1
1625,0.3558497139341931,0.2980801783424121,5.4262943905738075,1
1626,0.5719368870173536,0.4664683840548633,5.4965984854868974,1
1627,0.6107569840470238,0.6551039657360862,0.6864474082044769,0
1628,0.7331052714610702,0.5024355714447886,5.3202655618754005,1
1629,0.6319423906768276,0.6421040474103592,2.6561140315192073,1
1630,0.4942977587048488,0.6913622246371035,5.45685510662595,1
1631,0.3342874941509615,0.6273857487934129,3.366047747484801,0
1632,0.503223466115567,0.2927428425235671,5.277312348795628,1
1633,0.446480895496367,0.4139604924589882,3.9881725198458406,1
1634,0.2598000506687867,0.5304494403596751,0.8603670849685643,1
1635,0.4201526509140388,0.5753739857146112,2.294375352299104,1
1636,0.6097960460986642,0.6756548305909071,0.007563271034722291,1
1637,0.7003397909215874,0.4727213880171164,0.32144302808159714,1
1638,0.5220718023713037,0.7428720869213982,1.8203284533485085,0
1639,0.6513653778680889,0.42588638999426426,2.7569260317318056,1
1640,0.8783961293407985,0.11513932259401989,4.699278215123716,0
1641,0.32777261926585316,0.5785876791270703,2.415349288557955,0
1642,0.2676136517317049,0.44140610512346196,2.1811224553695907,0
1643,0.5469561309489137,0.2709793040022875,4.02450924193661,1
1644,0.5892033240695416,0.42226967986770536,3.17265040414057,1
1645,0.7557455626154927,0.4538337038313221,5.46770488226051,0
1646,0.4378206187203195,0.2997259556160777,2.6991782561812374,1
1647,0.381806557575998,0.2820905157816946,3.814444277511495,0
1648,0.5303919989623506,0.6575415598048433,3.1685754745899652,1
1649,0.5871546570198671,0.4491867844425067,0.5902665416707789,1
1650,0.42930744792176057,0.9071779030445397,1.506226986557748,0
1651,0.6284055803702141,0.6081953186501687,5.291337447873201,1
1652,0.7048245095393454,0.6264463687720837,5.2684203711956235,1
1653,0.45818506502741774,0.24125910112557378,5.982931090508769,1
1654,0.3468804776930872,0.6530140940149118,0.9085418984041219,1
1655,0.4319761428847285,0.4793335164512823,3.069272887028638,1
1656,0.5603060313576883,0.3686044383680286,0.9542160248612006,1
1657,0.5063772952508769,0.4776240702251557,1.645408780214193,1
1658,0.7225585609033864,0.39108352480060193,1.9254945458066899,1
1659,0.06513725844877967,0.8207338583646465,3.704772479465684,0
1660,0.3101884876703919,0.5010815774411573,2.571617700196259,0
1661,0.41129853322477444,0.561528485040285,0.41908974005298616,1
1662,0.4996308123115687,0.26237048798340173,3.3894786658031535,1
1663,0.9396605838578622,0.12410013846382983,1.809122863067249,0
1664,0.2778747642123226,0.4553728692513326,5.5872597536981,1
1665,0.4517070096802875,0.4830767271564788,1.1050646570137561,1
1666,0.9816090462817769,0.9993518959182974,4.389564161418521,0
1667,0.4841929825808587,0.2809537878598705,2.9288235085338146,1
1668,0.7036216262547514,0.36375486981217225,4.470293755297663,1
1669,0.3948487231406116,0.681085599605218,2.7851861484306575,0
1670,0.6749230352333646,0.6374144763792866,2.005814967745277,1
1671,0.5981766712596873,0.3699687380099217,3.582141223269616,1
1672,0.4916703031400932,0.3100038793812098,2.447462690661261,1
1673,0.40820875094515374,0.3096745313312841,1.9455534015895124,1
1674,0.5750360152173821,0.6628853525974886,3.7981218456932853,1
1675,0.4473748682377939,0.7010186719135127,4.519353452012979,1
1676,0.5399221816105724,0.4823264745922847,1.659062161314068,1
1677,0.46970014216477757,0.4861980630195974,5.706150783461597,1
1678,0.42544306656313885,0.5582741783881339,1.7858748778319606,1
1679,0.7146897805119142,0.49951083400803725,1.7938991233450634,1
1680,0.5087897616312101,0.43306595595696445,4.914945860668834,1
1681,0.3359680460955241,0.4368938048883917,0.591748913769916,1
1682,0.35508204728442055,0.5782571701953485,5.177444299881455,1
1683,0.29214278835792123,0.5914638589048141,3.911088839409065,1
1684,0.6030594919599379,0.36571401990790775,2.352811423733976,1
1685,0.6680093229622798,0.32725616978966565,5.96042098396912,0
1686,0.6311885217185583,0.4335675458249834,5.77692638086944,1
1687,0.5380500831415079,0.6576233574130339,1.881140613617166,1
1688,0.31356535372283234,0.33769342666035174,2.6839183916314413,0
1689,0.37292705941652743,0.6413198730756631,2.1310798046505735,0
1690,0.5374968733438132,0.5639231662311074,2.6834997606852995,1
1691,0.28440623068086046,0.3490989652985694,1.9166009993373687,1
1692,0.697696438132783,0.48692054047459543,2.044275558910053,1
1693,0.4434544300079972,0.6873408085898708,1.2188587628667722,1
1694,0.560926167879024,0.4732486951003591,5.264538864211132,1
1695,0.6849941267889768,0.4994082224778408,5.25079279791888,1
1696,0.7282334595271756,0.5595369224827943,1.2129566769580356,0
1697,0.7409856409073676,0.5508274702705336,0.006800645583407122,0
1698,0.4447636597927876,0.41783243635668604,4.891888694853944,1
1699,0.07749119595929867,0.05859420908628105,2.6641285919583813,0
1700,0.006798523201307435,0.8937562656072525,3.61004297183612,0
1701,0.3988018949867298,0.5612495358741186,2.8238554881716884,1
1702,0.40337305544075647,0.3207856344041523,4.867961230147798,1
1703,0.5002535071725387,0.7149502996833036,1.0322526258403897,0
1704,0.4672161079125425,0.5588399416970155,6.046550929263059,1
1705,0.6965323876336875,0.590452181294901,2.1418059843383235,1
1706,0.4944428836026201,0.7462087205809811,1.36657539877325,0
1707,0.48372810285297985,0.7303607712234353,0.39741331082537834,1
1708,0.5763291843893105,0.2927884955501518,1.566860880175894,1
1709,0.5520408320335413,0.2836395201494231,4.057689529259024,1
1710,0.27367872609465915,0.46866507744584057,4.681553007494832,1
1711,0.6099232063190533,0.7105505086243826,0.07979152321517002,0
1712,0.6358591425897477,0.33062350523634687,2.6365948978250566,1
1713,0.375884627839871,0.6778888234934153,1.7477717543882998,0
1714,0.7121127686860869,0.3749818880490481,5.7177920066878585,0
1715,0.5670628632587488,0.352445221679677,0.41622157694108114,1
1716,0.54826853743438,0.5347020629905881,2.7524301035971352,1
1717,0.6726382481527907,0.5229208331713697,1.1750159895846646,1
1718,0.5604721991770087,0.7050283582989424,1.7652446031577869,0
1719,0.6104748140273235,0.2958039147346929,3.8282188057093927,1
1720,0.5274866756557844,0.5505226657937755,0.970532885951754,1
1721,0.4836139407942507,0.7249565387550361,2.7187200227316213,1
1722,0.032252186775322746,0.16777735252235515,4.358008985625983,0
1723,0.177984260971621,0.056227941261638506,4.576365949580325,0
1724,0.45051245752197594,0.7008527053597624,2.2115929306050233,0
1725,0.713851361721188,0.43880089766278596,3.829164968780134,1
1726,0.28072479463804434,0.31109113388188514,3.1170072351886473,0
1727,0.44099322236233907,0.3051918235857791,3.362050293525036,1
1728,0.35764522850160774,0.4558160129816931,5.052851762610343,1
1729,0.7759298452808822,0.16467225815360095,0.6934342046205633,0
1730,0.3250092336411868,0.6485129136932014,1.2244446679298493,1
1731,0.5747618205119764,0.545274975210372,4.970390157670751,1
1732,0.7105234278426283,0.5619592326247216,0.20456182901927866,0
1733,0.5227311746267537,0.27636987856481915,5.124834739898245,0
1734,0.47069881807732183,0.23795006654093892,4.750639185826737,0
1735,0.5170817878146916,0.2666096590405429,4.203385803005677,0
1736,0.11447906296346953,0.0235893560913857,3.596621680868345,0
1737,0.6322127012412352,0.39911129108048343,6.151580199826734,1
1738,0.35718739876480293,0.6607548292370943,2.128099874259104,0
1739,0.7155190463581252,0.49443734784723503,1.459398287173214,1
1740,0.6451551481339314,0.7077203183241297,1.2349790391486892,0
1741,0.975745075597185,0.22227723239179478,2.594546846928816,0
1742,0.48201938386563525,0.7234433548085056,4.045694153809178,1
1743,0.9718892880771551,0.9257028343417183,2.927859568830463,0
1744,0.3443076635650908,0.36389152160846294,5.636807969639199,1
1745,0.43568466554721313,0.6191306779270778,2.277339182106857,1
1746,0.7300141434542357,0.5256227356409379,5.4733612016137645,1
1747,0.5627310423053513,0.7307732764621071,0.9568971410676402,0
1748,0.568109798410787,0.5890752351906792,4.997070063634054,1
1749,0.7124409061963631,0.5160736226613096,0.2805272524462249,0
1750,0.5620749968877169,0.26668331565368614,4.129555576739757,0
1751,0.33521907318949146,0.36413079061865333,1.7346127643389857,1
1752,0.7076346040294199,0.5093344068909834,0.11689522274280717,0
1753,0.6452750268677483,0.7041151938778063,1.5329878728395288,0
1754,0.6035997596021414,0.2896633204019424,3.13440681909214,1
1755,0.6904389258472278,0.34587188062731894,5.340568234025115,0
1756,0.32814133788138633,0.5950355586667186,1.7439106138329366,1
1757,0.5499288017648405,0.44287062668843946,0.020324674737401793,1
1758,0.4599260063677044,0.3587947838441525,5.089485409106276,1
1759,0.42645932363818534,0.6605464922566227,5.301718533668896,1
1760,0.2982700010009607,0.30637247724747024,4.475998477364319,0
1761,0.5175400667173238,0.7912858420472665,5.624395460389917,1
1762,0.4022569775029352,0.3278102811021555,2.441203171060768,1
1763,0.6284136650714385,0.6092571984222828,0.0028940957826035785,1
1764,0.38843303001973223,0.2970532620137177,1.163442829517836,1
1765,0.7267988354661573,0.5192933339709165,0.1884271245218046,0
1766,0.5288029033158823,0.7130822151673353,0.7648114849465903,0
1767,0.38283988383832096,0.2979883131150838,5.309376915967978,1
1768,0.33456213847914856,0.40817925838792757,1.6418562461253807,1
1769,0.36827947467188477,0.3128028731425312,2.4502964762216664,1
1770,0.5273709907076262,0.5972519209327504,2.927963965228183,1
1771,0.3356281225941008,0.41814868016230994,5.543294149335694,1
1772,0.5057105081137033,0.2993909123895242,3.6861498529616425,1
1773,0.4083743242205139,0.29630378737299573,0.1501960952877874,1
1774,0.438798298168663,0.4014628704883376,3.8128035415160038,1
1775,0.37507128761115993,0.4022015145526518,3.182410489273201,1
1776,0.5043043590750402,0.36165730526913803,6.092271088537509,1
1777,0.3079130380008856,0.5391902768803136,3.573201986914648,0
1778,0.651706424012044,0.493323263246892,3.144638186270989,1
1779,0.43486881509158765,0.2704114825890565,4.49639137606431,0
1780,0.4974848647622202,0.6665712017374353,3.3261950722278404,1
1781,0.5571106279750415,0.5281929776077783,0.4234356856741539,1
1782,0.6826500629088429,0.5294992057017087,2.712782417097888,1
1783,0.8242008800391534,0.6620521055825513,5.939590972425273,0
1784,0.6264639088279326,0.3481127394969046,0.17294858855264447,1
1785,0.7697334369482174,0.5538630851883638,1.5059865223457434,0
1786,0.27270808858843965,0.47205459311652365,3.452306541255858,0
1787,0.49420512080945045,0.7581542911620877,1.279533986453415,0
1788,0.7062954243704017,0.5218163932417635,4.469628712980237,1
1789,0.3823280712574657,0.3473047702534635,4.258237041930685,0
1790,0.45427892158514527,0.5187875943591961,1.0699775925025483,1
1791,0.28663120376394524,0.5007690083748138,4.558482140855069,1
1792,0.6892477051827373,0.5393495518825858,5.986855564044927,0
1793,0.7353053962060602,0.5064548068558419,6.204084833960667,0
1794,0.5375638544015602,0.5520099227511379,1.959038191361371,1
1795,0.6778174931851594,0.654933948474137,6.156223299446844,0
1796,0.3558958010385543,0.5015389214117482,0.8657584170292261,1
1797,0.40013672198601025,0.5587858211756739,4.603591636987342,1
1798,0.5991191898456106,0.581159607849878,0.6359829506334143,1
1799,0.618566434595906,0.34026833309742666,2.439392740645583,1
1800,0.6410880004618219,0.42372539024429673,5.469166021982422,1
1801,0.4776438452243435,0.6307595845273933,2.9610990933361254,1
1802,0.2992679754737656,0.5839146722182518,2.0733510559880415,0
1803,0.4091501771854137,0.38771190501066927,2.9010907720158285,1
1804,0.5214025698694124,0.4094302202913815,3.0011356268672493,1
1805,0.6493868013854482,0.30036309373744824,5.049738170976828,0
1806,0.16930425573701433,0.026138461789620523,4.322663924721483,0
1807,0.47366573568752934,0.3273592833011674,0.23181272025920394,1
1808,0.3496794360692097,0.39998778316204087,3.0749049240744015,1
1809,0.32188397461715956,0.6665320293028658,2.279956850807789,0
1810,0.4138456349749864,0.4017079784717417,5.71639521356751,1
1811,0.6974436192576848,0.6322808095957457,6.246095249951105,0
1812,0.4395314371511884,0.2528410528936368,5.807714712449782,1
1813,0.5409892471660732,0.4369448574515603,1.6532528460182554,1
1814,0.6905114163670555,0.5420866090797107,4.573622363877281,1
1815,0.5001779878261733,0.3094307179785412,3.051197775228889,1
1816,0.33412142321838284,0.40769522657046253,1.7250099603343525,1
1817,0.6937913432748728,0.4391846384028654,5.441483844708988,0
1818,0.5704839524449277,0.6004517928284641,6.114568301266957,1
1819,0.6768949506219589,0.5822928766564887,1.4024536369031835,1
1820,0.5843444264308737,0.28017564764866537,4.466331392543488,0
1821,0.010121748414881693,0.8192996760003918,1.6229166150477323,0
1822,0.4469155053338218,0.28403744687139737,2.7046477726261933,1
1823,0.34088108155727165,0.5090744540452821,0.8219599753189211,1
1824,0.7537607381416449,0.5580214615111515,0.5978398328556457,0
1825,0.42184738051847154,0.45133149684093254,2.3287320154160454,1
1826,0.2975176803559032,0.37645061109639777,4.579371809351832,0
1827,0.6639618886565585,0.547172957664786,3.8636183019029624,1
1828,0.4203191250755899,0.30151217512507084,4.715330329550496,0
1829,0.35417898938483405,0.3010261129103786,5.079568131042814,0
1830,0.7473757949337035,0.40306000404475106,4.867158829557334,0
1831,0.7259186290723074,0.49649850915471144,6.1913407968571095,0
1832,0.5556349616849592,0.5407483936571204,3.6094139478878695,1
1833,0.29236878448155845,0.5007515393742278,5.245561699230793,1
1834,0.681203644387422,0.6265106782843898,1.4678736720416046,0
1835,0.5790420440510994,0.382568900825621,0.9881221557506426,1
1836,0.45911428716138053,0.490527891460693,5.5363629778164185,1
1837,0.4584786219561674,0.7206033327073288,2.3035367255097703,0
1838,0.6542980660710332,0.40182593956625595,0.07392434445760432,1
1839,0.3153901639673745,0.35479151786435387,3.8762985987253025,0
1840,0.3081173307019811,0.6086275657129429,3.9318616079727233,1
1841,0.34366884478700827,0.598898227108503,6.015075064643839,1
1842,0.2770347047249656,0.4260621543983643,4.457742460022915,0
1843,0.6196988917935852,0.5885393968405511,0.6266219548621602,1
1844,0.1774286387153779,0.9300889721589313,1.8470536285889636,0
1845,0.4801289738054978,0.5420386461470059,3.1786381635831575,1
1846,0.3176080235653056,0.6116951236865744,3.2764953629073528,0
1847,0.9885978439170536,0.9975053599499318,3.374726215200431,0
1848,0.7075233156701175,0.5695071648872752,2.0477536760826003,1
1849,0.47730808160613275,0.5545485085444342,3.32918155956073,1
1850,0.9160086502861154,0.06037795425837741,0.5741166969769624,0
1851,0.3789947457166594,0.4204308565108704,3.260678284215183,1
1852,0.48452028585432994,0.2890879395139757,4.5712867785393225,0
1853,0.409710672098391,0.6432396278283472,2.1347498710438844,0
1854,0.4940978356211383,0.7161244421560963,0.6700073562124536,1
1855,0.49264771072701646,0.25638166189354744,4.624679264540842,0
1856,0.4901028102067178,0.29054855149408626,4.8526680268289155,1
1857,0.5793761068416313,0.5116757468385056,3.06731186153483,1
1858,0.26997330658409946,0.45920064416484907,1.5864627663294573,1
1859,0.30660258195054524,0.46991698636907836,4.689855130519459,1
1860,0.33584566580277964,0.6173487845245482,3.25389342693714,0
1861,0.3933761894968113,0.6828340860220893,0.5908950279482409,1
1862,0.32109293978661024,0.5824726952797868,1.4596905140618395,1
1863,0.5907436953346323,0.423427732438259,0.45288152973248214,1
1864,0.5878420818070981,0.5930685900319296,4.896506093346207,1
1865,0.5382842873776164,0.7176821563316369,1.2317065190075256,0
1866,0.47837067520417964,0.6091636988810776,5.860661975738758,1
1867,0.49530795421495766,0.6593122960917468,1.5379695010645145,1
1868,0.7824313826102607,0.46987139923759363,0.2807228703647339,0
1869,0.678459010700879,0.6440492709893085,6.230005824047136,0
1870,0.4707686481447615,0.701294063191077,1.5764805040963843,0
1871,0.569571194458943,0.7223863826089554,2.280752511773976,0
1872,0.21769328339800634,0.42363914723764184,4.349382689539302,0
1873,0.5012596899237882,0.4213938072718876,2.9285440768436803,1
1874,0.2715363175718427,0.4477605372503606,3.3295687034936345,0
1875,0.4357748264624142,0.6811568477791509,2.4658579409991503,0
1876,0.6017710844669961,0.28250443389435925,3.348949675403201,1
1877,0.3096361472397903,0.5063555044440528,4.600316147006267,1
1878,0.3913037705001579,0.42783263595783133,1.8249137117666017,1
1879,0.360412544888037,0.39733107441115323,4.804601429376257,1
1880,0.7295969431096256,0.5201558381052402,0.06045229990580303,0
1881,0.5962029754178508,0.4865705632526559,5.589868094338127,1
1882,0.7189302239362285,0.4499019967205515,6.229428958598793,0
1883,0.28938698534071655,0.15986250264003574,5.927670649231622,0
1884,0.318829235216538,0.4342759918694836,2.8332980678576924,0
1885,0.5642314058695844,0.5551880793785936,6.200633931033743,1
1886,0.5238861113874028,0.698159322891289,0.2515788088981445,1
1887,0.04060847199982189,0.9639266236033482,0.47812518335613385,0
1888,0.4303780497504616,0.30720212155702226,4.140111251813562,0
1889,0.20615348456681795,0.30983604489572264,2.8655432028773844,0
1890,0.6645070545540237,0.647506917473225,0.7858800531421837,0
1891,0.47628688681395426,0.7271242322944511,2.9603691315905776,1
1892,0.5747584153610426,0.68381570627075,4.1877597216359534,1
1893,0.5594392720717887,0.5329642180023796,3.200640380852854,1
1894,0.46342838152285915,0.7244190667227627,5.894190382282954,1
1895,0.621214472181053,0.2651484823522893,5.027201208596348,0
1896,0.685730525834025,0.2739960619657394,6.150689690331904,0
1897,0.2849263414588567,0.5985593849346948,3.187269941326711,0
1898,0.5926639330106335,0.5912425070015556,1.5505374667425298,1
1899,0.6883991955987174,0.374319020230041,1.1715910585100666,1
1900,0.6651850462565947,0.6878750278537911,5.740774434089553,1
1901,0.5156858065531283,0.337346768636132,4.7332072180993725,1
1902,0.4658341582976899,0.2581580073366783,4.166517389039536,0
1903,0.2768623041637073,0.49849693090121694,3.8738442462718274,0
1904,0.3166758645813424,0.4780575762735686,3.162091825772571,0
1905,0.5590869679254176,0.6221485521710828,4.879786426622782,1
1906,0.3837715935122713,0.3836568335237091,2.4130024494702855,1
1907,0.39315064249922105,0.2827392446532667,3.0692758270921474,1
1908,0.7475588663635682,0.503189482172806,1.131902882917271,0
1909,0.6290791866010661,0.5952877308054387,2.247054656143059,1
1910,0.16414880872459653,0.5267495214372232,2.631559374391203,0
1911,0.42469548077249264,0.5487156033024297,0.502373955933874,1
1912,0.34861355187097387,0.5953802710169568,1.7975759875819843,1
1913,0.3521326909693423,0.5026325023501093,4.474259477742693,1
1914,0.7177472911388091,0.48911547183295073,5.972773007812028,0
1915,0.33537189074109347,0.45851232541210357,3.7229149022405035,1
1916,0.2882017712472148,0.5608689037664899,4.179316831102436,1
1917,0.582229388862731,0.30667861326432994,5.048439144518827,0
1918,0.6324913501612716,0.37485528701508875,3.567160363358055,1
1919,0.6439362674844095,0.47692824732640404,0.17163946885794992,1
1920,0.25636838308679444,0.491970694326524,4.216014804316465,0
1921,0.510704170231439,0.3851753189245909,4.616390209559918,1
1922,0.9617554011717216,0.8868987583366601,5.0091611281435116,0
1923,0.47923975078455383,0.4390475264462209,3.887048999190306,1
1924,0.5757946924224305,0.28683824175510836,5.37909480203514,0
1925,0.6122605523491188,0.6416837742262531,0.33211084293465265,1
1926,0.40918877017940475,0.6899229258838531,6.195828895841679,1
1927,0.2872160832355318,0.521801189505737,5.7077366281029684,1
1928,0.39599221060043294,0.2793687767132331,4.087268154349065,0
1929,0.4168307236039179,0.7018411844006233,3.697022537003712,1
1930,0.561232452625322,0.7069667342083167,0.41581565523451863,1
1931,0.33393116280967666,0.5094587385854953,4.892009240080686,1
1932,0.5439952183111306,0.6712957791427079,5.598208366388346,1
1933,0.8161066211878116,0.04118485803406502,4.599597421267253,0
1934,0.5141665451284892,0.6097423972418282,4.8646918786917235,1
1935,0.5767004855849416,0.31060716978643216,1.224006020312882,1
1936,0.03806996762822977,0.06575174248554573,0.3510244374639311,0
1937,0.5293133449996735,0.7295074047091348,0.0413240269768656,1
1938,0.6637461664745838,0.3263616573004686,0.10484970280662953,0
1939,0.6017084777423289,0.4166399857258396,5.673590196923457,1
1940,0.5229483173616188,0.6792928972451993,0.7166913479555937,1
1941,0.7133265592844669,0.5515087984048106,6.181056578212501,0
1942,0.2760887135383039,0.030431423713017665,2.828077558126752,0
1943,0.5324669053230185,0.5777811108057606,3.507267424887797,1
1944,0.6676383927341741,0.6177825969338097,0.9726704582955459,0
1945,0.5719740837088136,0.6873961660066159,4.120043575215743,1
1946,0.5417175446747619,0.24637296290429628,5.394445444407185,0
1947,0.3518228384758566,0.30767234098677837,0.050240050207482234,1
1948,0.30583554783343275,0.559656646972738,2.4643623492466515,0
1949,0.5752869590275702,0.2667972741092867,4.288780278300744,0
1950,0.5860126602934048,0.6623766712566703,2.571302201614626,1
1951,0.3063197782869447,0.5201148793643315,2.4855191321119396,0
1952,0.25368978463759784,0.4665494744453071,4.709720782257862,1
1953,0.9179681844945144,0.8911513604049596,3.730466140504292,0
1954,0.05490998076685296,0.06387020958122917,4.874316688230041,0
1955,0.7331206977910675,0.5290662684953965,0.00848327825244688,0
1956,0.514838181823545,0.2749772685934914,4.289819463417297,0
1957,0.5097599290553539,0.2639785085887149,5.917910154575724,1
1958,0.5134860738306477,0.7000213439743231,6.236229598847806,1
1959,0.5175179358360332,0.3906308986135694,5.746785156010948,1
1960,0.38440243177980493,0.605226134677634,1.1449303804647402,1
1961,0.5559187714129529,0.4532713083454242,1.9829888291732418,1
1962,0.3951014648246064,0.646508761934321,0.2900430915270014,1
1963,0.7217270984131391,0.5817338954802086,0.20719109566991784,0
1964,0.38035718755418957,0.7414162238592493,0.4260164625407762,1
1965,0.3304869623220547,0.660316179212272,3.47263383099682,0
1966,0.2636754277231391,0.4174437611150191,4.830602365332095,1
1967,0.5459328291704022,0.5607331340785925,3.6814976542087514,1
1968,0.37315691809769,0.31882614792139685,4.814166671098559,0
1969,0.6522396588653461,0.4263656538872954,5.140581380040864,1
1970,0.7254820112395788,0.3672465487299243,1.4729615097721889,1
1971,0.502469080376592,0.3677190413111803,1.1075718615285302,1
1972,0.6770777381069323,0.45866225165934166,5.895693440175039,0
1973,0.46459508192676185,0.7221845197767627,6.214121086272913,1
1974,0.600214113988289,0.5870116904596665,6.256512819684673,1
1975,0.7623699201165175,0.22515087182826277,0.23259854176431877,0
1976,0.6417925469010617,0.6801790556318837,2.4044007402753373,1
1977,0.7242924294478424,0.45306682986865404,1.4796993175895743,1
1978,0.7842332539465338,0.32150381173126213,1.5394385132811053,1
1979,0.3305962513583992,0.5744298817482607,0.9610238364927808,1
1980,0.6780829868719298,0.5876639506678195,6.010858025024816,1
1981,0.09693300046895517,0.11896026155434279,0.2158252681151942,0
1982,0.9361084133059834,0.026241268325059863,4.912027867999297,0
1983,0.6473744726790619,0.33214305323340726,0.5803569604617986,1
1984,0.6960023655567427,0.37268995076224476,1.5168168422163966,1
1985,0.6527640474999888,0.3542666603714573,5.642856914251728,0
1986,0.3436583664383671,0.36404685201909787,1.1660676993974013,1
1987,0.3414220361149078,0.33180911662517293,3.397775620018041,0
1988,0.5567059667763055,0.33432251143468356,0.5192067689053637,1
1989,0.5442258548807574,0.2700155589487958,5.866963460636566,1
1990,0.6501018590908947,0.6394863677695031,4.58878581472565,1
1991,0.7244476065246295,0.5699791481184845,4.595929790007401,1
1992,0.3517248263660733,0.6381320571282514,3.6494296344958137,1
1993,0.26920438407039077,0.435905326664237,4.364429538056034,0
1994,0.2653719761515645,0.4801543544568018,3.564710317421838,0
1995,0.7176263342096643,0.5956850864040809,4.773986785158098,1
1996,0.3967507375000655,0.6885845130251399,2.4606634078959746,0
1997,0.22555989206923072,0.03598538994983697,4.463147921499239,0
1998,0.6208157691314367,0.6554983734371268,0.12190912897608719,1
1999,0.37197237809839034,0.683973637848385,3.663796174152071,1
2000,0.41197491034529965,0.28212526729354115,4.294450834056321,0
2001,0.6617887257474988,0.5669667973263843,6.2665421022845385,1
2002,0.6810917398155503,0.6408919027597283,1.4303963061929508,0
2003,0.5580675346410241,0.2672655618157372,3.371504996874522,1
2004,0.6402559538381404,0.4860709455678476,1.567442734630732,1
2005,0.12506506119231392,0.9265274230859702,5.578757060001529,0
2006,0.6331585403191834,0.42950555734419876,5.857858101474219,1
2007,0.34270307889143165,0.5824964113962618,2.8195490593764507,0
2008,0.5222791743072172,0.7208680463541468,1.872262546255183,0
2009,0.35367199686068984,0.5649283085259915,6.062518754462755,1
2010,0.45872361379976495,0.29917795550457577,4.052566054810857,0
2011,0.4373012066556049,0.6681141889976558,1.2489885703225228,1
2012,0.3663384959348121,0.34109237931638786,4.944396768462895,1
2013,0.7402887787977758,0.3561886430070307,3.039876679832928,1
2014,0.4101699433500689,0.27299052465710805,4.21668925471448,0
2015,0.6418358629744437,0.5761420373241141,5.273748884432634,1
2016,0.6841028905196941,0.6087507583090551,1.8817319530729213,1
2017,0.3329686553710521,0.5498034246063948,1.8432800016429947,1
2018,0.48010563461250827,0.286988415521427,0.23589703601426099,1
2019,0.29114342714842106,0.6046272743361132,1.957195543461134,0
2020,0.7328729166574355,0.4627041992550721,5.249023887503327,0
2021,0.6010890097437044,0.7415486306719251,3.653093712134441,1
2022,0.04511785469600138,0.10092446808446588,0.9367427040224411,0
2023,0.72965483014792,0.7489401616187622,3.8134028405811313,1
2024,0.28836558561291775,0.37294041804224787,3.14849149277754,0
2025,0.5084835604196217,0.7200518798521288,0.7627798367348464,1
2026,0.7187016095066504,0.5203227103853193,5.839350960206856,0
2027,0.3180454319916534,0.5666923345852287,2.589012592490058,0
2028,0.40658386464755036,0.3735771938088056,5.068113540186449,1
2029,0.3933950192487659,0.3117000345616931,4.670473086870799,0
2030,0.49728329016521206,0.7177490208496422,1.1903264454840645,0
2031,0.5994940195305029,0.7027567243453265,3.3706418769811406,1
2032,0.5110287335736804,0.288474795041186,1.9601536025848338,1
2033,0.6644157859418897,0.5800617272052212,0.33849606240183516,0
2034,0.32455224995860776,0.6553917802758221,2.514856701255792,0
2035,0.7410268398956121,0.5097975535159662,1.0062800983592055,0
2036,0.5812936824591435,0.32774328100855177,0.19334293460297228,1
2037,0.784687371570064,0.46785350570991,0.11584910322956549,0
2038,0.42128247002321817,0.4579148001635828,2.26236420200686,1
2039,0.5866067058662473,0.5333228620147521,2.4520414864772517,1
2040,0.5856311984310184,0.4165574443432536,5.888418203500288,1
2041,0.5661833695714421,0.5896505277798237,3.8212147073203955,1
2042,0.3777494141002014,0.6274063286660775,3.710918320697119,1
2043,0.6805458462470861,0.5860670052364712,0.7027320324317714,0
2044,0.6533794542040867,0.657943697594938,2.273917289912719,1
2045,0.07079769221583261,0.8434556723216174,0.43789623567613534,0
2046,0.3323217870285237,0.3896109141264961,3.0872641910498646,1
2047,0.9410605918318394,0.973183149655158,5.474805727003201,0
2048,0.6211556350101183,0.4238177906645628,0.9230629351381978,1
2049,0.3681682865839752,0.6776089500801228,1.298769865916674,0
2050,0.2985366226047616,0.6313618888664025,3.960283142735856,1
2051,0.4628421912851179,0.5565425366135373,1.2880721350773643,1
2052,0.9602571025648241,0.8828846506303435,4.741467692969072,0
2053,0.512596607301071,0.37163244216471536,2.164829243821976,1
2054,0.02093330695051069,0.9363678571028989,4.4388327472313955,0
2055,0.43268920376795106,0.3670313893402028,6.0865438332671875,1
2056,0.3873047862020506,0.3840641203930429,1.4562826301098926,1
2057,0.5152964129905225,0.5725687262036281,2.4651906457090855,1
2058,0.31396534789496733,0.7551794972069997,5.684279588983169,1
2059,0.43345699564458995,0.3134499669678776,3.5415281483283203,1
2060,0.6340329749065484,0.6398691393979005,1.1539395543751614,0
2061,0.3776741550842732,0.5253279181431108,4.742017445636533,1
2062,0.6679198999003799,0.4221495167774977,5.350346821304165,0
2063,0.5679271128822065,0.5701488264483475,5.104257215442706,1
2064,0.7147257695416835,0.6152070155851215,0.7475433260820751,0
2065,0.7044217459571688,0.6532684441125175,6.055794658639441,0
2066,0.39803094326118194,0.7256173486969791,2.1739181771747678,0
2067,0.3665048489006314,0.5048794651458273,0.2512188707725799,1
2068,0.6468610377825792,0.4679404966048574,1.6710997154900198,1
2069,0.5979904598204645,0.40699511441639374,3.2856901196273305,1
2070,0.5369241606677064,0.7384701931520442,2.6476411500926913,1
2071,0.6191828666592147,0.6967465503962348,1.3963586099230478,0
2072,0.6727170916261899,0.5523228443856469,0.5129174995701303,0
2073,0.4688651197391199,0.41917912524583484,5.713952066808962,1
2074,0.6525347504461491,0.3059365162405755,0.9468236333080041,1
2075,0.4527731613439139,0.6881026281198374,1.0771575418853594,1
2076,0.2824256132784104,0.31280590737364383,3.713459739992113,0
2077,0.49566141559903104,0.2986102270884723,4.478712454467272,0
2078,0.4513610851711644,0.42841063650377026,5.849272173945784,1
2079,0.3799097695058987,0.34327169716574185,2.5454517773462464,1
2080,0.43369633829768095,0.7356929755088121,2.322635055683644,0
2081,0.6027779935141521,0.5145545658288447,2.7582628124931032,1
2082,0.9848059520206097,0.7799944912829034,4.306378881667137,0
2083,0.2985957610255679,0.3673931627420769,2.508437366262269,1
2084,0.5771715558317081,0.28273563008912195,3.286148208550185,1
2085,0.44247284866496517,0.2771676901986921,0.40240079043348764,1
2086,0.5297269715599475,0.32998725688588776,4.140956913124296,1
2087,0.6274755892683903,0.33465126147198226,4.4207533777960695,1
2088,0.5324975852606488,0.6835947486511688,5.405530583180549,1
2089,0.7073271450785584,0.496977932313128,0.5419188674038168,1
2090,0.6508927224266877,0.6373581212735153,1.2091367547349774,0
2091,0.3606156519381298,0.5027606731460497,0.9944621876830834,1
2092,0.4853779144567271,0.29557945775995775,6.252478264458809,1
2093,0.33272010898259363,0.3518578687147814,2.8921185772079383,1
2094,0.5129523056326242,0.552622816200704,2.7897104834087294,1
2095,0.3752314697755265,0.5178734221340909,2.0853772003261106,1
2096,0.6091397295739786,0.4632701385739677,3.438208816405055,1
2097,0.6024039924828325,0.2656754143643008,4.485058366932133,0
2098,0.5863377194108127,0.455169418258879,0.7114083576347875,1
2099,0.4374872774181949,0.6445459652904326,2.092222999092416,1
2100,0.4805668512105267,0.29313423639814234,1.2584294607766795,1
2101,0.9923546950641754,0.8642786410191021,0.6814378200362473,0
2102,0.7264305118999389,0.44730028907049846,1.7454887295556443,1
2103,0.3966130928341925,0.4438356787901817,2.7183816926359383,1
2104,0.3774803005603496,0.7072127940901687,2.8713517282176833,0
2105,0.6768251437123326,0.6341455387496961,3.9523021355334262,1
2106,0.3051983142515544,0.34654987219382155,3.5655286152937613,0
2107,0.5794945646910786,0.45283572736189365,5.710267225040127,1
2108,0.5766688103419016,0.23885377040670877,5.919703011011092,0
2109,0.6987054420044181,0.4709902013103992,4.914922157716319,1
2110,0.576793156333735,0.27670848864868586,4.301155566415705,0
2111,0.27254667947447236,0.521652528943728,1.2425728973018986,1
2112,0.3262821919212877,0.4819450119427535,2.630510157304901,1
2113,0.4587215648773776,0.6733154035985732,1.5332433903078426,0
2114,0.3608968547921299,0.3129853483741125,3.250254767364134,0
2115,0.5959713735534282,0.3043949717400511,3.1810801792570733,1
2116,0.39153182759585653,0.2593369305830495,3.884706472357569,0
2117,0.39623929987587303,0.6449997493838993,0.9589337150560723,1
2118,0.3518052683307505,0.4175203504973548,3.2941944565384462,1
2119,0.5321874866064087,0.3097441188247153,2.0545228407854528,1
2120,0.503798265832028,0.7538424433493839,1.3704911798773936,0
2121,0.47864852780910766,0.6440683297878562,2.7768006897642277,1
2122,0.6679622101892466,0.6334278341481993,2.3195289760309614,1
2123,0.7044862331077892,0.5889090174243511,5.5854130222560645,1
2124,0.3063012787557388,0.5957821375808562,0.8406451107519843,1
2125,0.5239858090102364,0.7264087089625842,2.3595477364923263,0
2126,0.6325643690385774,0.6868535214957285,3.4753035932655405,1
2127,0.47735446037820733,0.5255806509741882,4.240273444548368,1
2128,0.9154494758909573,0.9970517756588331,0.15106753462757033,0
2129,0.5341522763666073,0.7071250914597299,3.302870225976222,1
2130,0.4346872823939961,0.2735771998817264,4.010192539280472,0
2131,0.8824427151224722,0.022325564478160826,1.577543364038275,0
2132,0.3279791718656464,0.5052589208473011,2.6457273254991738,1
2133,0.31466146928087835,0.5632257360565454,2.182955143689976,1
2134,0.5386574693716055,0.7108752336303814,3.622144136076399,1
2135,0.6750238044043433,0.5546962537589937,3.9274684966954876,1
2136,0.7189583681048557,0.42705220049430137,1.202931274101004,1
2137,0.42512482388009337,0.651222553520257,2.664722819495916,1
2138,0.6355505714592298,0.6676689254805406,3.0004477222516748,1
2139,0.48404531513892796,0.3675523310496443,5.103615077148866,1
2140,0.5529644558347336,0.33298806814569687,0.7581539400325779,1
2141,0.4504538561590273,0.3183938758990819,1.1869520607468784,1
2142,0.43201249716218293,0.598295551627752,2.206066714155629,1
2143,0.7321436167077666,0.39512214259619516,5.918033834354681,0
2144,0.7061973757057379,0.35244113671394534,0.48662466162703566,0
2145,0.6597564650765267,0.3938179370532385,3.0388898871263907,1
2146,0.6957815674271157,0.6668613327092787,0.8146025199269278,0
2147,0.5685100434299614,0.6850667128068196,5.769882026281095,1
2148,0.8834720235274681,0.9851158349782506,2.1809266053009337,0
2149,0.27908022236646157,0.45559189377652054,3.549833965401927,0
2150,0.5123338715993871,0.4585041369308209,1.7749396073419654,1
2151,0.6429069520957743,0.30121315064637294,4.654847453178083,0
2152,0.0614921478889836,0.9977384514871116,3.2021111463030305,0
2153,0.5611286021535631,0.260860575409201,4.235593944531595,0
2154,0.4786383713022333,0.5064135916656181,1.8369210962015776,1
2155,0.33668348963449496,0.29123937964355967,3.585748262980628,0
2156,0.4818435412936744,0.3714398544336003,3.275360295381039,1
2157,0.27524860180165167,0.3826944695734627,0.9454852545299695,1
2158,0.32222184716833424,0.38655844358842706,2.418125236664434,1
2159,0.48941917757547326,0.7208631186285038,0.9426261803879457,0
2160,0.44808648706178117,0.5626462198040147,2.1714927309573353,1
2161,0.4145969369723243,0.4782895608769333,4.725894881030709,1
2162,0.4342934545111544,0.5657415399204414,4.933369517542634,1
2163,0.5341704584373805,0.7038016298164756,5.180317243373855,1
2164,0.6857422122739222,0.32820053835142643,5.406414888431775,0
2165,0.6312002114197113,0.6002494019041904,1.8042636210598155,1
2166,0.5653863233180952,0.33429173722717836,0.9353623142378412,1
2167,0.6801542516551221,0.6380669887357711,1.2905070053381318,0
2168,0.1774447352955278,0.4481457901123093,0.9348210970097445,1
2169,0.5786476489692651,0.7355860475164476,2.0094767339526793,0
2170,0.5002341311397566,0.6819611105472574,4.856307370908506,1
2171,0.2749612853992813,0.5381214826459693,1.7331837597349322,1
2172,0.2633017597102644,0.44526508022577643,3.190835738061742,0
2173,0.5464755979205217,0.7266166748500993,1.3939078223702648,0
2174,0.11121372436636837,0.9423762104645144,2.1919534566609493,0
2175,0.3261294301250181,0.5792961834732455,4.844120080906918,1
2176,0.574598248179615,0.7121624891014161,2.812459997472857,1
2177,0.49347144845573493,0.3862955364289517,3.6894510717140525,1
2178,0.4260637676015115,0.3823223602500833,0.573325766802777,1
2179,0.4400759872224387,0.5864170648867689,2.739678537767544,1
2180,0.4231477159918115,0.5696276726461521,6.186302552378732,1
2181,0.4661071970667674,0.31666357437654935,4.784138777814296,1
2182,0.6324587824029797,0.5395313394948047,2.547459359258035,1
2183,0.36994542504929406,0.6598004591390796,0.8356483578439536,1
2184,0.36945259848818646,0.6029699180279393,2.409229692525406,0
2185,0.5811927192319001,0.6762198242426439,0.2587023351992301,1
2186,0.40490683706121394,0.49808541033331044,2.5252441435253874,1
2187,0.5146009932948706,0.7122898066719476,0.9082031128575071,0
2188,0.4549181138768687,0.5044429664598544,3.86317049053436,1
2189,0.3992038368314656,0.394687862042956,4.066509023860653,1
2190,0.5518816734896774,0.43437357980256713,3.01986102921725,1
2191,0.40399288294516816,0.6462159574310877,2.346476898643244,0
2192,0.6287554753151602,0.3084376797968936,4.879256054422265,0
2193,0.740549556377602,0.518814314140357,0.2101429129864788,0
2194,0.6176075036081495,0.28150067932337325,4.597269515060837,0
2195,0.5501474775306647,0.4769741578822464,2.3322064476686446,1
2196,0.27395073937628145,0.3574335310701119,2.094815173843621,1
2197,0.5301512584796244,0.2552939096899532,4.115787360103203,0
2198,0.5020048471039459,0.5329906731321132,0.8256297158548793,1
2199,0.4526303825810322,0.7013635058897449,0.9711283838805579,1
2200,0.6700755654542655,0.379439654971848,1.598979791576322,1
2201,0.4084105957345144,0.33108164042499816,5.5074017251259715,1
2202,0.3004543055935121,0.33241897460491576,4.652938881063246,0
2203,0.8941110579777136,0.9227419871138224,1.7412923860137288,0
2204,0.5563999064109294,0.2720590316002262,0.034912560768347874,1
2205,0.6651487070996994,0.27760796558809825,0.7298795962038868,1
2206,0.5809618349228991,0.2962742755052294,5.664974238649853,0
2207,0.6659716508633166,0.40957536325380745,5.827353111463732,0
2208,0.7515450611878065,0.5029174117408027,1.486003952903104,1
2209,0.4849512858380673,0.678377227509655,3.4593154496837233,1
2210,0.7000060890033235,0.4005503897205503,0.5175045137126493,1
2211,0.3137031100135401,0.6072893820511684,4.49581877251536,1
2212,0.3680683063371996,0.35001009093914315,2.2541649485715576,1
2213,0.6738614569369923,0.3882335346096491,4.713716107719754,1
2214,0.46533198458699876,0.6217484272492142,2.556213739138147,1
2215,0.596521527334523,0.22467019672063773,2.211510465519542,1
2216,0.22610049795424203,0.5923745735979984,1.8225214861399242,0
2217,0.43391828084067846,0.3350637640554589,4.448086406695833,1
2218,0.6855695612504599,0.37535843148145265,0.19192469373884963,0
2219,0.6055357957237092,0.4932824126175447,4.621506201038068,1
2220,0.996406309131352,0.06929268691619876,2.940094616621345,0
2221,0.36177280176422727,0.6015147051003591,1.5623810322917622,1
2222,0.36280856542308343,0.6420331079856233,2.812385517467792,0
2223,0.46930801595787686,0.2734785955238638,5.7790263370167425,1
2224,0.6537752315481206,0.6951455212539406,0.14307307476763537,0
2225,0.7184789007049616,0.3924561401911599,5.828736537785275,0
2226,0.6193324861004283,0.2859807283885819,0.04115471113417257,0
2227,0.4290000325585677,0.27043917827763436,0.25891438409924683,1
2228,0.2869760324083945,0.4290588945192266,3.322910845729029,0
2229,0.6228337619686141,0.2758927328602257,4.805084870918216,0
2230,0.6977207753604668,0.38530081575430203,0.6124542163150392,1
2231,0.4462423285153129,0.5890585477272334,5.562118183458887,1
2232,0.3142334022405936,0.5620293872725048,2.3215256539663875,0
2233,0.4337481761866036,0.4082628923399849,4.715851144975212,1
2234,0.6167046557029393,0.3089096130437532,5.018288823197563,0
2235,0.6164927181823447,0.3016728412393624,5.818876818979224,0
2236,0.48959699619419533,0.2882484911472726,4.920461789030074,0
2237,0.31745574061194604,0.5347576143500521,2.5702469277978897,1
2238,0.40692113483387177,0.6686821490576448,4.399112565683547,1
2239,0.99911348181983,0.24734121672413034,5.147638302176907,0
2240,0.2820411219297487,0.5614221258560569,2.2694975393064603,0
2241,0.41524964522166175,0.34434129533489966,5.670346919480507,1
2242,0.6283780559117922,0.6375948537860743,2.09900835506542,1
2243,0.617397703684961,0.4294308719675833,3.057874674022767,1
2244,0.721427999419521,0.4641704286056913,0.28755895809424664,0
2245,0.15518772446249599,0.020270230492628914,0.9923319795635386,0
2246,0.30192954676356804,0.48051776326724444,3.478635631052655,0
2247,0.3853323166406835,0.6354440064568353,2.1772858562493402,0
2248,0.6783870582671039,0.5598263220699454,0.13077425530861242,0
2249,0.5736713232104077,0.5174940637315618,3.0830316727382407,1
2250,0.5427228233616646,0.6786703111379067,4.668648231394862,1
2251,0.7008371937335489,0.5581847583285585,5.89058695054688,1
2252,0.3162837851252949,0.6351389607840698,1.102539815473613,1
2253,0.480898332103036,0.5940291479433426,0.46096898773594847,1
2254,0.5346561729478497,0.9085634609683773,5.487508441487452,1
2255,0.5144710845866515,0.44491119125183987,0.545195639439871,1
2256,0.7280891135262156,0.4048855826736669,0.37326307996258556,0
2257,0.49689755461734164,0.5131155806912543,0.8474486506743963,1
2258,0.7044002370763435,0.4672482815625424,6.111636637327512,0
2259,0.34895309520441276,0.3366077088217171,4.783589081608029,1
2260,0.33330316080444233,0.6601852535458497,3.3930017616154178,0
2261,0.43366142156821824,0.5490889905873682,1.831025607111856,1
2262,0.40739849684697665,0.6005971597967028,4.075390789230669,1
2263,0.6323899802646906,0.5601364783832792,3.0327169405958436,1
2264,0.6436069012060867,0.402294987309791,5.806549843185864,1
2265,0.20423523917829334,0.5570176118019561,1.4673934028067974,0
2266,0.5103280483156941,0.2456763752978036,4.198912808349119,0
2267,0.37483302014843245,0.42932019640735614,2.8303142047020904,1
2268,0.5754612834462233,0.506241030364514,3.380870075107781,1
2269,0.5637896782510564,0.3070197578017487,1.7838106575785926,1
2270,0.5492850577617333,0.7514074121515268,3.3561621502130943,1
2271,0.7418410246274869,0.5316360129466232,6.131196794542229,0
2272,0.4991496007696622,0.517881221777526,5.197210910215621,1
2273,0.0719132446533806,0.010540590402355207,5.1102491309518605,0
2274,0.36189526635741015,0.5851140965342522,2.188878222492562,1
2275,0.2622338089010842,0.23919917388802853,3.9476132299744986,0
2276,0.5800857194976797,0.42186151137619543,4.81970194567781,1
2277,0.7018232414607342,0.5343223459351348,3.6380378809865577,1
2278,0.4180043654158976,0.4796693203910433,5.417524493602861,1
2279,0.5765342844198325,0.4153889497245126,4.917947523960589,1
2280,0.44242882521194954,0.2724491550497332,4.818753652136626,0
2281,0.4467423014254095,0.6260337329883181,2.752920341096348,1
2282,0.8877648958167779,0.9915773412108352,3.212124961302274,0
2283,0.5008062226330768,0.6662236266598698,3.4376708306064234,1
2284,0.7272338309889922,0.45580050101810804,0.8880632122122561,1
2285,0.31099411711407593,0.528061178508398,3.7567393922189867,1
2286,0.6226712510282333,0.36043579813158105,3.0704931389715457,1
2287,0.4949688281019118,0.3681444030771619,0.19854765628837504,1
2288,0.7310472633700885,0.4852695145199405,1.2454204751660232,1
2289,0.514533159737584,0.496358507802846,0.8389619086909774,1
2290,0.3103832372975766,0.5161626342119695,3.8400041299521908,1
2291,0.29884508284481376,0.39702581327518377,2.560256078645479,0
2292,0.6117595480099584,0.722988674587722,1.8162024963838233,0
2293,0.5349381458113094,0.40714694358783265,1.657941192947653,1
2294,0.6863640734239033,0.6408329486664877,5.563422005777326,1
2295,0.5721748761577083,0.2864271018686768,5.842836084656457,0
2296,0.4028236904721699,0.6428265781242499,4.017191969125031,1
2297,0.2902981508512979,0.4406393696266126,1.9142528545195365,1
2298,0.7076682155078395,0.3947375799596603,6.052487673498284,0
2299,0.6800073353544521,0.3360482514353232,4.687307493036494,0
2300,0.4464259098271881,0.4935369157591946,2.9080635354957898,1
2301,0.7493998683923754,0.4993774759438468,6.06534307597911,0
2302,0.5407128359298798,0.6812999085342256,0.22675021540923374,1
2303,0.7101905313793708,0.4577079280129613,2.6185586350961647,1
2304,0.5499253241338357,0.37118600565420035,2.602690159325867,1
2305,0.40715957226752886,0.7170007639704639,0.7127939350666065,1
2306,0.2732136388561031,0.5447132340626447,0.8481968983600459,1
2307,0.32575799507612396,0.5023629178979747,1.1076217502722354,1
2308,0.29398941741872175,0.6281361255831527,1.9585893238110264,0
2309,0.43666476123521464,0.37056732461181324,6.007321431674082,1
2310,0.5555098509068057,0.7239242595633549,0.37926197805234474,0
2311,0.47689577389130894,0.7092945146848074,2.343591480651515,0
2312,0.4269357833843866,0.6495191194920119,6.137992456082455,1
2313,0.28358381625875,0.5239593472378028,1.8684044642033344,1
2314,0.5478314141953866,0.2792058205176495,2.6350464400060063,1
2315,0.6184074963366782,0.6221059018393553,4.947488429653377,1
2316,0.5667913190280722,0.42182610578761826,2.93563027680714,1
2317,0.624337602604852,0.31248922429280734,0.6033131446547517,1
2318,0.15277529402839368,0.9946966734666074,4.638097302147972,0
2319,0.440206438716389,0.260629425411318,4.707549647034333,0
2320,0.6980165300987371,0.6227890051954026,5.873896097979278,1
2321,0.430456941265911,0.38214256668631386,1.0163167163818685,1
2322,0.340938121408105,0.5510037983466323,6.187907707458426,1
2323,0.2661256853751359,0.5193326563791513,1.7708064436061306,1
2324,0.3468887723100629,0.4150169614574007,0.7831694994690338,1
2325,0.6896367247802622,0.3849052763965919,0.27528713152783624,1
2326,0.5464475120507094,0.46293222318057403,1.3240367200724696,1
2327,0.7514146141784619,0.5085737714986024,6.090950540785762,0
2328,0.632935658226171,0.7068417961294096,6.07647076900585,0
2329,0.30885817332036314,0.5321691279252587,3.4279371792745943,0
2330,0.6002687116181277,0.4488106479444808,2.5861976263265163,1
2331,0.7334068680812431,0.440937507096985,6.074721658962009,0
2332,0.6119932211181509,0.4216652801088075,2.418345834671384,1
2333,0.647618041845406,0.4005592768168211,2.941859220955499,1
2334,0.34100010207165327,0.36338908200942355,3.286167481758765,0
2335,0.3660962087690639,0.520310075842,4.896111913378078,1
2336,6.34404107266264E-4,0.9883289197771914,1.187326371777336,0
2337,0.5077569504089491,0.7144007438379829,2.3135092120948286,1
2338,0.6282520587179264,0.625453855353754,4.485601884620316,1
2339,0.7175148204807869,0.36902728341132357,1.3336880613580366,1
2340,0.5708898734095252,0.5542714194821454,5.234039554760653,1
2341,0.5110282738931683,0.2798629980877882,2.993230410877869,1
2342,0.4724981519689123,0.7098080506629918,3.495015996544538,1
2343,0.40878040341443983,0.29408912471151927,2.3329417109946253,1
2344,0.5927784550775874,0.6633720308638015,1.3729816028247326,0
2345,0.3215667943274217,0.6345821359689535,0.6880249505276033,1
2346,0.565472350823466,0.4498311113600217,3.2593421538948943,1
2347,0.7161881695480338,0.5292447714753031,6.188531657420575,0
2348,0.7021695456195446,0.6124278113200374,1.2356531146175709,0
2349,0.3902698848835795,0.39675748224257085,0.6525411924591388,1
2350,0.3382863983879962,0.32213432472776793,2.8396081427081366,1
2351,0.6521418464544312,0.30235868153464746,6.198541552810961,0
2352,0.6202943803971495,0.6725418097479967,1.1102984864273016,0
2353,0.25742908837831674,0.44923775878243577,4.177426342444362,0
2354,0.6827305055853863,0.5697170368251973,3.014258514646454,1
2355,0.6715293611215984,0.5532411509457997,5.601341210765475,1
2356,0.37754146207231654,0.5599450077461794,0.8345528824626451,1
2357,0.6741420299245365,0.36214033011199376,5.364297622217167,0
2358,0.02088762581098039,0.06988856584676584,5.906592175242431,0
2359,0.36091823720777894,0.5989997670608023,1.9368273871375357,1
2360,0.4104153814091918,0.3247289539574039,1.249659898658517,1
2361,0.018465665104745656,0.028730907048801605,0.42785203309940795,0
2362,0.916286478477715,0.941589246040594,3.4789457417425607,0
2363,0.727701322639731,0.46185896209135585,4.466601688095818,1
2364,0.3527369580699227,0.5408557934657968,4.380766494389749,1
2365,0.6545448712861139,0.5370831206582949,0.3603871793559766,1
2366,0.6207993942533782,0.5592483357531154,0.563662694804696,1
2367,0.6611624543500333,0.3191543861789047,0.4200636356329128,1
2368,0.01413972738751423,0.007834756009080426,5.543813646346942,0
2369,0.40179602564704686,0.44800170813018947,5.357121754169639,1
2370,0.5004337876633614,0.6989458088475484,1.4293072447099167,0
2371,0.9680917271058381,0.1073378940795455,1.1368688540978018,0
2372,0.5697998681684445,0.2966699295379593,2.3941848303911137,1
2373,0.31354983253383756,0.5753022223008283,0.9518405943270067,1
2374,0.5346657734814757,0.6783112768299991,2.7560888531568644,1
2375,0.596304134089922,0.4646319751806718,2.9907090719027405,1
2376,0.7302516325486322,0.4361573043177187,5.010620277138286,0
2377,0.6643532286365116,0.3882910099862554,1.4798454476449818,1
2378,0.6500427134396192,0.6136186316046625,1.0180858239806712,0
2379,0.4832909606134993,0.2949886899100864,3.091697276101215,1
2380,0.52769340292497,0.3832990896819639,5.879854821511949,1
2381,0.45495330476021295,0.5478227736688127,1.7695107402011852,1
2382,0.6174950523056403,0.5393535250398118,6.248996092033695,1
2383,0.7115677923769238,0.4469621624396436,3.7262859968695703,1
2384,0.5603845820126298,0.5946087730519262,4.414561731996123,1
2385,0.45558128304147166,0.7169667580654531,2.5480333510760436,0
2386,0.6093354937183106,0.30404417412036594,5.219979050749814,0
2387,0.5797663712133075,0.641082118227674,5.948092354758387,1
2388,0.5496147021673848,0.3290004169540642,1.0559997116276492,1
2389,0.31001777023387395,0.6189924423923578,3.153256130579905,0
2390,0.6078034827454132,0.6101791754026546,2.5207677450685133,1
2391,0.4362058373735907,0.5910278580852606,3.314739558356567,1
2392,0.4320805096479478,0.6752874009803054,2.789329689873531,1
2393,0.7379928776812137,0.41408082965070336,4.564473595349776,1
2394,0.34145931967028353,0.37367096292640867,3.6415487615318707,0
2395,0.5272120454519983,0.4841786022538575,4.645137145735692,1
2396,0.5329298928805971,0.36957675196555667,6.1595774444421565,1
2397,0.7113063426868396,0.25183843836423303,5.750466863561404,0
2398,0.5760751775979167,0.6992956627679294,5.992939717700618,1
2399,0.2639558419996269,0.5334601479039244,1.4840033514748194,1
2400,0.3110317271659537,0.3536431318632699,2.3751104746579537,1
2401,0.6673970090585609,0.3268444513420873,4.593081456573399,0
2402,0.46673127855650925,0.31872185165617933,5.166976691746017,1
2403,0.5848317957684355,0.6537748289170257,1.777232905044456,1
2404,0.5181369456843243,0.2673103863499388,4.329012792773405,0
2405,0.6903393190081983,0.6379272358215486,5.730641138956992,1
2406,0.6167889426937438,0.44885252823482896,6.008539525937328,1
2407,0.2232794266522015,0.36437425696268144,1.4449443465758027,1
2408,0.5210046460364928,0.5519698801065344,5.236130378827019,1
2409,0.7230115739394778,0.5395770333485339,4.375367937646842,1
2410,0.34201353742079427,0.3682534995420965,4.805379696772497,1
2411,0.7187369816698892,0.44378504598619467,4.692305400216433,1
2412,0.7308272327119386,0.5498449542539602,5.554706782144791,1
2413,0.4341316784853261,0.31967623512871984,4.503453116917058,0
2414,0.06950883593010708,0.9986754900059666,3.4724672553775964,0
2415,0.6361635878054512,0.38628531931220833,6.139740631369372,1
2416,0.4733556334769355,0.709569659734998,2.214714413739145,0
2417,0.5993664551823973,0.3038155027639786,4.998716130601428,0
2418,0.31737586137961554,0.16142028439151268,3.2814144315817675,0
2419,0.4541631527786862,0.5728185257647858,5.715609750194239,1
2420,0.4915082779999669,0.6844668732011595,3.589034560010079,1
2421,0.36688961785349133,0.5574499404589286,2.4410889387626997,1
2422,0.7008524074173209,0.4269107023783136,0.6226384971539254,1
2423,0.6975006447658506,0.6247246115465773,1.233417373768933,0
2424,0.620089526711924,0.5497838391778944,5.928968894260045,1
2425,0.314123275616878,0.4206576095691012,5.632399198294335,1
2426,0.6797567526403233,0.37214623624879667,4.951437438422455,0
2427,0.5614033500637063,0.27595389052701863,3.3001898324144423,1
2428,0.7368885646273579,0.5066257190442033,0.37216156689829627,0
2429,0.7363316602288881,0.5136336859653258,1.4457273676729552,1
2430,0.6028681581638723,0.5569466385768236,0.11391026880741685,1
2431,0.28639327151004235,0.570142829575186,4.220816248222889,1
2432,0.6403889102387268,0.4286478832664614,5.366087809542566,1
2433,0.5679450025704762,0.649007693773868,6.049894930544342,1
2434,0.39772091248245167,0.38671365668450874,3.4880091273652294,1
2435,0.6757815869179984,0.6514627506884666,2.5348569041899385,1
2436,0.6485600711505997,0.3358293953658929,5.889204662303549,0
2437,0.4137774198474938,0.29370992506758015,5.3971269929459975,1
2438,0.6565098898696419,0.6318811242674678,2.6722230571982686,1
2439,0.6338701564322501,0.6938848709002886,5.8615961750530055,1
2440,0.4781468963254665,0.2787892087180691,6.017043824178373,1
2441,0.31636734991663634,0.4028927872561238,0.13165960693613854,1
2442,0.38264020155436645,0.6242719495243775,3.8340548630874953,1
2443,0.4485060808446541,0.7005321158586818,6.253253316850559,1
2444,0.4795031807280703,0.38888497328531424,5.611457870439443,1
2445,0.26610662450018907,0.9942863435442177,1.6947934530798114,0
2446,0.9946955874990087,0.8872734229198156,1.731062487986649,0
2447,0.6806231151519512,0.3517673314407195,5.116512303727343,0
2448,0.7448887635977083,0.5265348434670476,1.271781604801241,0
2449,0.38086249474301365,0.6724824191290814,2.8866574493024073,0
2450,0.4854825917684432,0.6915113104403096,1.4719867210395672,0
2451,0.3636999018543371,0.5042975557237562,4.424051015922648,1
2452,0.35960467195963064,0.3663435424977857,4.57911068346985,1
2453,0.5972930396576626,0.6501475070106565,4.140847269820626,1
2454,0.3735649217906406,0.391537594143919,0.838256608884101,1
2455,0.4075036338754995,0.4653883094076475,2.6189508579907614,1
2456,0.3975820490770181,0.519637895204569,2.247770484531607,1
2457,0.5381183315820977,0.3909106061787768,5.029675590815409,1
2458,0.6651950680986598,0.6953400049467513,0.14381875919935627,0
2459,0.6255461850749,0.3418844116228694,0.3393136858081177,1
2460,0.376729048265795,0.36127245854611967,3.281216867926194,1
2461,0.9589650823223344,0.9721959554056314,1.2032121086940015,0
2462,0.321284410146635,0.37260702352986225,3.0660037831469764,0
2463,0.5624512887893662,0.7262897036318473,2.3723588238722537,1
2464,0.5608703087755375,0.7252397060627637,1.4164456735839124,0
2465,0.6472440449307744,0.6654816314155567,0.4565079135490026,0
2466,0.5274485957555466,0.3477722339316051,6.244554741746663,1
2467,0.3223273651417636,0.4227227898498413,5.1171928397118815,1
2468,0.248463653416867,0.578233854881792,0.9018929277594541,1
2469,0.6118684372720022,0.5095500711735789,4.482249779514475,1
2470,0.5901733938798519,0.6500137888472026,3.368900672916913,1
2471,0.9617365267046447,0.052109074986945544,0.42412727041445064,0
2472,0.5693964406700847,0.3130985966770582,5.364442448045248,0
2473,0.7696655505764718,0.9774646728087716,2.0008069411668026,0
2474,0.3793009786788204,0.30071471533117167,4.103655931628145,0
2475,0.432417193037994,0.7348892555095813,2.827537776411173,0
2476,0.7050206210657941,0.5941411342497956,3.189356823162618,1
2477,0.05088104120472302,0.8008575049526384,3.251494654335364,0
2478,0.359575191160653,0.6143234031527655,2.3597020761359477,0
2479,0.4810687152229689,0.7232653616693349,0.9250581789575854,0
2480,0.6433963603752121,0.32619079647563615,3.6484121703881423,1
2481,0.4539565301136583,0.2861647738903994,3.8772936078241154,0
2482,0.575545653842122,0.7293907614863399,5.923948459967986,1
2483,0.5469683779716338,0.31785917657507584,5.426214241364502,1
2484,0.49522564518756135,0.7160356042725476,2.514821034769815,1
2485,0.7142264317852642,0.5003959635670268,5.467968287278132,1
2486,0.34940999440443915,0.3565985114087913,0.030915972971123543,1
2487,0.6603233276147576,0.50238066508845,3.038498566670864,1
2488,0.33408445749597615,0.3344956338320252,3.5920414643479086,0
2489,0.4864146749328111,0.46450140445955757,4.526496412911921,1
2490,0.7403698874210298,0.44712982246184085,0.1843975446617624,0
2491,0.3249416274161437,0.4026694813930344,3.497630709971507,0
2492,0.34773910175364203,0.6334066834735553,2.0260410035287966,0
2493,0.4497423852864986,0.5157009024825887,1.1943056923124875,1
2494,0.5933993540978969,0.6312888421449607,5.32830588890565,1
2495,0.4278080799065979,0.5804216718037055,2.7228025175679282,1
2496,0.00872793048137558,0.9480657537397751,5.411443519618854,0
2497,0.3779106677976043,0.6914141845462968,1.2908221659215242,0
2498,0.3635170521699514,0.6263079492856352,0.31610490236797884,1
2499,0.29709953433412895,0.4083709202291796,4.262574812607414,0
2500,0.6236989976435895,0.3138310477695345,5.199927247215985,0
2501,0.37284168785360206,0.4075518081929389,5.885728446187629,1
2502,0.7291526469634206,0.5211619724111884,4.888953347640258,1
2503,0.38594708805322575,0.6730175267250549,3.0741702958652537,0
2504,0.5536766293577272,0.6898713313899671,0.12169679495944669,1
2505,0.40175685199400046,0.6764967014435581,3.963992519575011,1
2506,0.377957574327775,0.49244489064169744,4.3931338074603685,1
2507,0.9022192454678156,0.10561405288536643,3.2090421218564833,0
2508,0.45723493198139625,0.726453837511397,2.0947582299294756,0
2509,0.7007953424763712,0.621287514632519,5.506072400238692,1
2510,0.35234487970018996,0.6589250863872036,2.371998982623218,0
2511,0.3979085337553786,0.26655159046013993,3.8626848304448904,0
2512,0.5994208857064602,0.6997827438886128,0.35961368260637194,0
2513,0.41539774482441155,0.5394702524375925,5.88120603606888,1
2514,0.49505937972107167,0.42006995165032945,3.7080762495109427,1
2515,0.3503331221922832,0.595827942290577,1.0931054865313476,1
2516,0.8327105962869839,0.9750107424372275,5.153766062827919,0
2517,0.6882363061478471,0.3937456124230215,1.5137049457729446,1
2518,0.6086144302813562,0.46458079619608383,1.0715884773333002,1
2519,0.33043144553249204,0.4411692329060989,2.4085467097729905,1
2520,0.5133526057929594,0.629530313909717,6.194809742867658,1
2521,0.5306455072531698,0.7226712574339919,3.4129125138354266,1
2522,0.4023529755529871,0.31012186961587984,3.128529097502483,1
2523,0.3211788864557784,0.3536610633124195,4.749064093105613,1
2524,0.3592742449113407,0.672023461943132,0.6432434220887114,1
2525,0.34725724724144963,0.5687442237798047,2.1352403818049477,1
2526,0.36105884806916877,0.5074520617455192,4.586219985021089,1
2527,0.6535798713969629,0.3245606434827572,4.217810049221783,1
2528,0.3541621516000737,0.6812005974465943,1.816875151346698,0
2529,0.4427275993949029,0.5966130951243899,2.7379854236293384,1
2530,0.27505890141691924,0.5964938306275357,4.127894566457729,1
2531,0.35102010804087347,0.3358460282642084,4.935143235265805,1
2532,0.5545951610612015,0.4510949476133679,3.3120027003730472,1
2533,0.4860379926869729,0.2950491032966455,0.20945561849866912,1
2534,0.020861789705112228,0.8941977789783063,1.0354241672420401,0
2535,0.34319397633771326,0.6502055913141355,2.5830537463528174,0
2536,0.45013623666533215,0.2507603459989938,4.13797685034135,0
2537,0.3115221872531438,0.4845001470010619,1.87331502966961,1
2538,0.3562047879852411,0.598848573815587,3.937088739592887,1
2539,0.21886787925212772,0.1931375274040858,0.897481268187388,1
2540,0.049187874683577854,0.8344164244904404,0.0872087380990596,0
2541,0.5908113464915834,0.5049430208449704,3.429137599474207,1
2542,0.5517462011018262,0.6969772868230417,2.0668889734585933,1
2543,0.3371887928066743,0.5801666583187781,5.878779582961316,1
2544,0.4980565967962215,0.7577481639939139,5.874421659585121,1
2545,0.731020272265752,0.6992458176702478,1.0919092793846241,0
2546,0.30373227661844154,0.42576372835521503,1.9755410791291639,1
2547,0.5930844085091558,0.6705518974695914,0.6313090721100847,0
2548,0.3919364772354771,0.48556380306121666,3.6766935464888366,1
2549,0.40086441303367487,0.3091258021334811,5.262573634219322,1
2550,0.5821844685060058,0.5093879850144013,2.251603530068357,1
2551,0.7148929268406395,0.5765118083374524,2.296849390410417,1
2552,0.7094604813671609,0.5967562116248251,4.828119385850125,1
2553,0.9455239328582665,0.033871381986220195,2.5936515280827517,0
2554,0.8458761739800393,0.9172192570430767,1.2520109135835886,0
2555,0.31519585086303475,0.43809202102383166,1.7463474781054584,1
2556,0.39455029624075494,0.3638406625066759,3.5913872562438627,1
2557,0.5061456531572224,0.7000799414332298,2.6638169589149254,1
2558,0.35658925631271915,0.3049012770672281,5.077715816955431,0
2559,0.5017163825000573,0.48913445367035313,4.114854180213368,1
2560,0.5990810988367181,0.3669912417736339,0.8964715939885952,1
2561,0.5322300707737287,0.6147892886204143,4.449054096381512,1
2562,0.6525620688078202,0.37606707750012575,2.6843980862696033,1
2563,0.16895021529830923,0.6224401819942259,2.078457942168689,0
2564,0.5791014846717775,0.5895452301075501,3.4254374691637812,1
2565,0.4429381001006972,0.5730389355905025,5.401766116902646,1
2566,0.5849067821574464,0.7978791246570535,3.1792454398430006,1
2567,0.5118569937132178,0.5219736529693975,1.5814676968036596,1
2568,0.6063071291049792,0.4995218055081299,2.8270091660545122,1
2569,0.3243360946841954,0.6537021898985975,3.4129977831473046,0
2570,0.34020312709625294,0.31364762473081564,4.782511591847894,0
2571,0.30914477254324507,0.48689317238476754,1.649343540315097,1
2572,0.43329851792007523,0.5976950635372692,2.7374590844926736,1
2573,0.7256334440927945,0.47180898695790824,5.757840771436638,0
2574,0.7010248799259888,0.49564594790452554,0.5869098056028358,1
2575,0.6291226608121991,0.555315983978144,4.839504398877165,1
2576,0.7403313133787212,0.5215165329587514,1.2539335268071152,1
2577,0.2829000763738043,0.11514236196396457,3.653167716893612,0
2578,0.4290040846888107,0.2679554098425879,0.2560382602559335,1
2579,0.513244585158467,0.7418789901554993,2.0634268010831396,0
2580,0.9358023091338491,0.821292508840533,1.581514264754741,0
2581,0.03892881839704475,0.08275702408517616,4.871212667612083,0
2582,0.4061455788755334,0.3460699634231739,0.24426450200185573,1
2583,0.49635754550243666,0.7073024415271374,3.1249225182325877,1
2584,0.33897153595221413,0.3544364530160286,2.4722605825009896,1
2585,0.0055322978689350535,0.043741122110958944,5.4008727854464595,0
2586,0.5695634298882989,0.258750762062892,5.656865297924752,0
2587,0.32033584933291437,0.4424871647785089,4.707036212153084,1
2588,0.7592997907449375,0.6076313572554484,2.998781082994794,1
2589,0.6460046442015006,0.31670319388559687,6.222989830015777,0
2590,0.635752367956799,0.31663759039371414,4.627518926785608,0
2591,0.7096485280530967,0.6026568920267436,0.46995784277103797,0
2592,0.5626827487499335,0.7242243728487011,1.5126382487124443,0
2593,0.6541996258880358,0.6769289024670586,5.529002663122177,1
2594,0.4553402755691698,0.31686822935573933,3.3021074565029975,1
2595,0.7112021607988529,0.619915311377408,1.595366377870717,0
2596,0.6107621545109684,0.40028724805109234,1.9837881322257158,1
2597,0.6631152240880167,0.5128832353107451,0.1699762059379554,1
2598,0.2624375508441891,0.5159835769117663,4.689725952490483,1
2599,0.1085770191597859,0.7451066096610028,4.196464622276127,0
2600,0.6533987127553703,0.6484293750596323,2.2162332582479487,1
2601,0.633644647469919,0.32084806040446395,1.158103326170516,1
2602,0.4455240447509668,0.2883082541326615,4.483376527697316,0
2603,0.46614220957845287,0.2874879652833921,4.5798402905966356,0
2604,0.3524384807637555,0.3890680897052957,1.0355222112038418,1
2605,0.42783973257929303,0.30260607046436855,0.7198881741914223,1
2606,0.47899108142782365,0.342683971066876,4.765909850387964,1
2607,0.5287742242381357,0.3434943807043455,4.223714293444147,1
2608,0.5182545087236874,0.7151967310610466,0.2614960340986569,1
2609,0.6757012481576296,0.5122466472312727,1.469880165600894,1
2610,0.6284812765371979,0.626163848792839,2.14101431163079,1
2611,0.5876107680502047,0.5467965410511888,6.147766081111682,1
2612,0.3572798296143141,0.6115576852643209,2.8476204728418777,0
2613,0.716815729274921,0.46096950726543057,3.8233336931946034,1
2614,0.42806092746807606,0.27704154010189963,3.9589269837471406,0
2615,0.6112559539470573,0.4741644755852719,3.2625899365874047,1
2616,0.4141462388577992,0.28065083639565264,6.102176943978256,1
2617,0.15130435741742437,0.5755470068270562,3.6522184574182153,0
2618,0.49257091833582695,0.7012654239479178,1.662081144207891,0
2619,0.4327589222420645,0.4580387735582075,1.9974670581198444,1
2620,0.31300116006206335,0.6575123132109136,3.1371543492353946,0
2621,0.31586159905459094,0.4196291226097175,5.606349414057003,1
2622,0.70239332571367,0.6011943572980053,0.5175318661770495,0
2623,0.4941429507542078,0.6000560794616497,4.229379617167693,1
2624,0.4400667870397131,0.44305478472647897,1.1954586505655291,1
2625,0.5213232038045517,0.455810704749203,6.229358588995574,1
2626,0.5217662045031124,0.21846106872919335,5.193241561557271,0
2627,0.6566040365350585,0.47339281249702,0.10531495557794024,1
2628,0.41338516281224097,0.3011673589207159,4.355843444132035,0
2629,0.35381873468275477,0.31622939217983104,2.632537274329739,1
2630,0.9164867746988379,0.9389589798716439,1.7158554476115209,0
2631,0.7385244659353248,0.4568580420526836,0.36923348468114126,0
2632,0.5791930827252487,0.3253705534205488,3.150581365012952,1
2633,0.4227141721770537,0.3753671699350684,5.026667576402728,1
2634,0.4211086353678288,0.30289309027432026,5.366908612888151,1
2635,0.7009955148645657,0.49067471625230175,0.13183537366967266,0
2636,0.6628980052561456,0.4278192267172375,6.113594434982061,0
2637,0.3002892172129475,0.40922427942466855,2.7723262777356084,0
2638,0.33661392269557017,0.6685576794566584,3.7827259196994185,1
2639,0.5812193101713048,0.7089553262273324,2.641361643465998,1
2640,0.7159482875392597,0.5640144277705239,1.384015739506185,1
2641,0.4770526675935897,0.6538953553932765,4.141536997974931,1
2642,0.7162432986952005,0.6511754266374684,1.7960152131990001,0
2643,0.2570472112203748,0.4328044242944526,1.9705624022228527,1
2644,0.9774648060161795,0.9518241678132836,1.5611817153653118,0
2645,0.5821719178723131,0.39419934243887245,1.373180326281206,1
2646,0.6106177648378834,0.30796954355008255,4.38079301021961,1
2647,0.543327136174454,0.7571244430885734,0.9642618669432693,0
2648,0.6605698178288113,0.6593784283000428,1.4166098502058107,0
2649,0.6908525608383231,0.3132473326750738,4.616187624500283,0
2650,0.4208736380502133,0.271693685469582,4.078310535247256,0
2651,0.6225605465197845,0.39526799514285793,4.49160142152368,1
2652,0.2912976774901696,0.4355234973626171,4.493793760173896,1
2653,0.4896236127286778,0.6995211111316169,1.9628776705505309,0
2654,0.6497089244201673,0.7934716710485957,1.2157764040637054,0
2655,0.3311992413095192,0.3826257457798174,2.013349198191819,1
2656,0.6377146093928188,0.46118900088580117,1.4935834305385594,1
2657,0.7028495083153254,0.37262848296556433,0.25078979497746406,0
2658,0.4321000395037844,0.7256846137265027,2.177253800148722,0
2659,0.6253176033426779,0.5111000624071524,2.47535670818857,1
2660,0.7158186617573995,0.5800306029722758,5.9799901368221535,0
2661,0.7043798298178375,0.46140970236381706,1.6264639125979699,1
2662,0.30550813538103033,0.4109370740064576,2.9018959218705014,0
2663,0.540687839934908,0.7393110133273706,1.3834384310513033,0
2664,0.3271346193150899,0.479855816276725,3.852031238081096,1
2665,0.40838547935678815,0.40779135098011043,5.806418697678394,1
2666,0.5245052999710698,0.40553863880360025,0.7581297251919717,1
2667,0.328445365120136,0.5782986462249893,3.3992541776472778,1
2668,0.37313420461128766,0.33712621019693767,0.1288834199783735,1
2669,0.34535327791370846,0.3492617912589317,3.179432604282116,1
2670,0.5905848956559804,0.4047808380137344,2.920445494245049,1
2671,0.46132747377334343,0.27608242540260763,3.5055845068732836,1
2672,0.42262274235684805,0.7341460922788932,1.55103954555295,0
2673,0.46314413395903775,0.6140438352785962,1.3992612061372582,1
2674,0.33255747274658864,0.45673845304727934,5.940183824341486,1
2675,0.5666329303348193,0.33063823464090913,4.548253131641244,1
2676,0.6838210323616278,0.47516513620917383,4.588835498064562,1
2677,0.5522878815643677,0.2561316486705085,3.533162285527239,1
2678,0.6769991531696765,0.5177888683107029,0.16868901577278417,1
2679,0.4859824634838003,0.6885797948105421,6.13500510042379,1
2680,0.6076835514165974,0.5821057821920492,1.0090512025665008,1
2681,0.2570758966988076,0.5162703515183708,0.12083341907532885,1
2682,0.6266322526617457,0.35016669702834674,0.6005886580867851,1
2683,0.5317561486290698,0.7396431241942043,2.403905335049986,0
2684,0.42574937115258454,0.49143202011565834,2.1887794157945097,1
2685,0.3699314544158911,0.5072404964667676,3.9394154595414745,1
2686,0.6146028536326434,0.7209194366800608,2.6783036682886285,1
2687,0.7161506102827444,0.40099034940058054,0.4564994337988151,0
2688,0.42105913764498126,0.48727538439589496,4.508729646587222,1
2689,0.7298030770342658,0.411634071168207,4.239751761967561,1
2690,0.5399443231948589,0.7449554519008024,0.24029248810941717,0
2691,0.38704135345620105,0.44351674817216163,2.300183497487615,1
2692,0.5267908524232039,0.7420069085880283,2.1905662472501533,0
2693,0.3957016665549799,0.7811891959405634,5.382997109241941,1
2694,0.6122482903337056,0.6778425806183486,0.5185832245069062,0
2695,0.7146423254498968,0.539921222845139,5.790615118067274,0
2696,0.4666423480505375,0.35338241499700623,3.6639820130182867,1
2697,0.2814407301352846,0.53765422694188,4.554374258049449,1
2698,0.761423018533579,0.461283850959585,6.19021641408501,0
2699,0.36905552578362066,0.599935820367175,2.4117189317013,0
2700,0.28275814265242516,0.6143535453060511,3.4084777763237306,0
2701,0.9825896758393412,0.8572676959305833,2.94322800824965,0
2702,0.38787522420483744,0.6937023694427367,3.5995588196661426,1
2703,0.14174950375792045,0.8581894089812555,2.5521026422797015,0
2704,0.6090349233853632,0.6995602442860042,5.138428916784276,1
2705,0.5165945571572006,0.26918050077090727,4.163830648079316,0
2706,0.5078915377596448,0.3102527295422119,2.169679721967822,1
2707,0.5583002771977406,0.2837282056244848,3.8665523487120543,1
2708,0.5746326194312781,0.6784628318297344,4.5281320812039425,1
2709,0.34089853998660685,0.29065297001509877,5.586760519522024,1
2710,0.3801213101793797,0.7428438930410657,5.513034930549745,1
2711,0.6297880264217612,0.685033565043774,0.016068747894833178,0
2712,0.31855544003063785,0.5368559052545403,3.035552694103328,1
2713,0.47788321393367617,0.4267978924448557,3.6905858372174505,1
2714,0.3750626077414554,0.3191456563032273,4.260290409166927,0
2715,0.3613193454071737,0.506380335716378,2.2081774941100374,1
2716,0.9998472016651629,0.07377761892221113,5.435399479148356,0
2717,0.6774525785805336,0.5204617439508306,6.249541237373983,1
2718,0.7034523406218534,0.6169737180455297,5.975866166520749,0
2719,0.5031833318224412,0.2612386187757243,2.181335720575099,1
2720,0.35189179143406984,0.680617939206955,3.529525510764547,1
2721,0.3471671107925605,0.3986245313349438,2.6053441032567752,1
2722,0.3936730176333807,0.3128155546032816,4.456832051836048,0
2723,0.14158177636307007,0.5559562447332308,4.532246309332989,0
2724,0.43729630111841516,0.7121205293819792,0.857547810602616,0
2725,0.6043389813165323,0.380297282351566,4.1470039614440966,1
2726,0.4962842498310868,0.5497085622342204,2.3548385332630404,1
2727,0.29429625992441705,0.5831452679002084,2.5050177252448877,0
2728,0.47188565165255675,0.26623571902031984,0.9565564194828761,1
2729,0.6539377497108578,0.5131298505563259,4.2479203628777675,1
2730,0.3488228281651119,0.6955570124574255,2.8891821701355296,0
2731,0.6781394127798868,0.36510792365228695,5.959168189380988,0
2732,0.4073537198252626,0.4893906613940939,1.1607535731818768,1
2733,0.6753291983143471,0.6386214449814263,1.7309868419769054,1
2734,0.05508179439114565,0.07088109903160117,0.36041554599380804,0
2735,0.3299750569961326,0.3279219925924869,4.884275683726373,0
2736,0.33564310739586917,0.6820425785728887,1.49487371150362,0
2737,0.3104831292318684,0.565274649782503,2.948783747555372,0
2738,0.4889970337939125,0.6142451165109614,1.8299263496506408,1
2739,0.5472810934859592,0.7285461033586181,3.021035168666001,1
2740,0.5017343539974082,0.5075081538598007,1.9590803484632333,1
2741,0.34596479952725545,0.36417455855264447,4.701308514070664,1
2742,0.37588724243766664,0.2870447370585704,3.355607234110502,0
2743,0.37764565528729666,0.3351685873649156,2.293649777821214,1
2744,0.5366371319107806,0.34337561827931884,1.3377646929329308,1
2745,0.7155387927262715,0.632610760869886,1.4709194795076908,0
2746,0.7482244739881151,0.5541722643000221,0.19855402430930502,0
2747,0.5993158697832571,0.32340202266444557,2.8874158309214684,1
2748,0.6294380543560104,0.623213344679154,5.556364758786215,1
2749,0.739294224999061,0.48722841632372993,5.930067563405832,0
2750,0.4848867484696817,0.4237228213957749,2.877183616830687,1
2751,0.6825309148475787,0.5896474897304461,6.182066177568189,0
2752,0.5667511340559342,0.6344544627353805,5.451166364294924,1
2753,0.45832255074518474,0.35447129094229507,2.6890274809482393,1
2754,0.6379218088846405,0.3713114062266163,3.2874791107883405,1
2755,0.617529075597412,0.3385756670709175,2.967661308443507,1
2756,0.4280733407780068,0.6114635833774339,2.2387578437095694,1
2757,0.35386572352149587,0.5807958601812921,2.83853366090808,0
2758,0.6398344012518841,0.416656820881126,4.6924271890975975,1
2759,0.03649593857263064,0.19843078456349938,2.430375462503356,0
2760,0.7304116128734933,0.40245277357366405,5.223442841790329,0
2761,0.5278745179961256,0.6571255550550428,5.92415821716796,1
2762,0.4988977957341179,0.721164495275933,3.0755624852238523,1
2763,0.7621873810061056,0.5139773737341855,0.1811084807820393,0
2764,0.6741360987918668,0.4506069085777748,5.459063119674517,1
2765,0.31725334799816335,0.6247683721798285,1.5097983147951335,0
2766,0.3307355679383502,0.5111732923642196,1.0833628267035196,1
2767,0.327503069206793,0.6406097556083997,1.4451083624746772,0
2768,0.4073344677093575,0.6728828622732044,4.364869056113692,1
2769,0.6650009814598475,0.63291708620547,1.8281248398441534,1
2770,0.47870639637326473,0.6382111816008851,3.640011666759704,1
2771,0.33507659889685554,0.3704482848097176,5.790892520670898,1
2772,0.6001571617015469,0.34748975307873703,2.7056310850080587,1
2773,0.4732127604830611,0.389617044706093,3.6491725496717757,1
2774,0.6371343501879619,0.6382089207165668,0.8096712726693488,0
2775,0.5435226327458197,0.6154384902491852,1.587645639384195,1
2776,0.37711452720526634,0.552461390793845,0.7343077630773394,1
2777,0.47855926976058916,0.3666692633793188,5.852678421333223,1
2778,0.5615688848646583,0.4936949053578837,2.5708107291267934,1
2779,0.030351735148757553,0.8909481124574887,3.6315642219025333,0
2780,0.3717735847260221,0.26120727132101934,4.907059557883834,0
2781,0.726491662840694,0.47416082178825003,1.008048145693077,1
2782,0.6032957443515748,0.44737260129915357,4.3624018999768674,1
2783,0.3119039932464301,0.46584080716770804,2.507273971482066,1
2784,0.5537170920191197,0.7044112976433904,0.6276781647216575,0
2785,0.5656840396098041,0.2722903658171618,4.523276626556976,0
2786,0.7311936583465675,0.5414186317650391,3.949275537836502,1
2787,0.5901628552240328,0.3461814103767025,1.290424590218184,1
2788,0.6560932964733535,0.6237661003702897,1.7262347665731517,1
2789,0.6073274200365085,0.30840632491897085,5.327211672261884,0
2790,0.5676600746803373,0.6224347733769343,3.585307726526923,1
2791,0.37818269767795076,0.2819859473074394,5.953675233294204,1
2792,0.42298248229399243,0.4754661973742695,3.694350039485631,1
2793,0.47513631074387563,0.6855745280522306,2.984095978643268,1
2794,0.5557034752115544,0.7308794740442303,3.0034106327048598,1
2795,0.08891634098647103,0.11056934393965274,3.6253812686634217,0
2796,0.5382087912138969,0.5151066652693194,0.2541306695551393,1
2797,0.6354425643502218,0.31229471967648076,2.060547628413938,1
2798,0.8091230213059646,0.34405934388089304,4.881750592968661,0
2799,0.3145360606111569,0.518632880947323,4.403043533133946,1
2800,0.5404253581821363,0.42149540799209206,2.91716103418976,1
2801,0.2944289582218435,0.5496716529188457,5.083186860874013,1
2802,0.748818217366419,0.49755722739934105,0.5587330782764469,0
2803,0.7458218151107368,0.48050226441484,0.5908074291712981,0
2804,0.3988122268320892,0.47045350461377516,3.088958919619513,1
2805,0.7866652263125341,0.10295408416112016,0.08509185439083176,0
2806,0.6073541782534938,0.6923593611737854,0.7953133442275371,0
2807,0.32446169296682387,0.6650293190017256,1.9916702758123555,0
2808,0.3040218381556868,0.4250071634173039,3.0726115426573375,0
2809,0.3104931254749472,0.5197783832910448,3.445666236693395,0
2810,0.3560556225756397,0.6999639999039463,1.1950914927607996,0
2811,0.7134855205704794,0.6179280797110297,0.907383799567044,0
2812,0.40704142721127395,0.4191937557025159,5.414346087069788,1
2813,0.5043126833222917,0.40714207472111036,1.6552268669791592,1
2814,0.4908932994153178,0.48225268218283196,5.767740062996497,1
2815,0.28360074371684363,0.41113510708699325,1.2801078192593176,1
2816,0.5480730087408374,0.5912688872296675,6.229258692978201,1
2817,0.5209181735123846,0.6048998391142703,0.38273650337053156,1
2818,0.6480608691841615,0.3931959068208139,6.076652522540719,1
2819,0.4447036468109357,0.6673994253744496,3.769771399921529,1
2820,0.4384190967989827,0.6590405443441597,0.3693003609397242,1
2821,0.7156053092153564,0.48475965741213806,3.7075229440716977,1
2822,0.8881342473374367,0.9788560244932853,3.3521470335974786,0
2823,0.46786425077054417,0.7102203566209043,3.9153081535007903,1
2824,0.6798522936722319,0.4669912860953221,4.221996832426856,1
2825,0.2706368041622334,0.5147286431230332,3.3996708100574975,0
2826,0.7164143796076784,0.42018855319603204,4.813693428155325,1
2827,0.43333414328811737,0.3690629301877229,4.8155262706560125,1
2828,0.6543569241484036,0.6126230369896503,1.1770594578651439,1
2829,0.44954454923191306,0.36294379180913816,2.757281412397279,1
2830,0.5393453782410716,0.3185041320326406,1.4239272961962732,1
2831,0.7127026287384007,0.4153767051322756,3.9703482288988434,1
2832,0.41602038913731737,0.31807178073541753,1.2505225496405405,1
2833,0.8589669461111505,0.6797686929020151,2.67016881535381,1
2834,0.6608922281800121,0.578446282816397,2.9750427956765684,1
2835,0.3033901769070759,0.5638698870887994,5.5787824091210805,1
2836,0.38478523620391675,0.44124432705380995,0.8221571091115075,1
2837,0.7257439622151362,0.5837935786837675,2.183544907094469,1
2838,0.5731817887627072,0.34766826357858654,0.8887088997453225,1
2839,0.9255978787899375,0.9165921056131779,1.4759375989082755,0
2840,0.5173595712656595,0.43190858016666067,4.0423918172209365,1
2841,0.6043473885149645,0.3025843216183321,3.878416255893792,1
2842,0.6899443718306173,0.4250024183738021,2.1455443934275022,1
2843,0.3787162064060067,0.8638557925825935,3.4130281740784145,0
2844,0.3249821731338134,0.5275188740413471,5.700976667368028,1
2845,0.5206061186287286,0.7305736278984636,2.838147219394545,1
2846,0.6988683500761328,0.6045198100731396,2.1500130790997822,1
2847,0.31675354983663606,0.42074347099791165,4.586071921753345,1
2848,0.6532960605742599,0.34114853420964225,2.3231379787855713,1
2849,0.4258131483409486,0.7145128135307852,3.4056304466134857,1
2850,0.5501536764948763,0.7207054122077821,1.8511258596806115,0
2851,0.4344053661234376,0.3057319137110433,0.7137131072319843,1
2852,0.40941148501503477,0.6994538623985854,0.6588590640355916,1
2853,0.49985241767384364,0.7170556303526592,2.763927248945418,1
2854,0.6575470750214565,0.31423946320632834,4.375100070204464,0
2855,0.6399165900243666,0.6669656112102106,0.5598646270568364,0
2856,0.5628586263682133,0.4331101697538205,5.6638033020498515,1
2857,0.6146343494158641,0.4180363076711082,1.051317004146586,1
2858,0.4931778819760499,0.5144807848384247,1.4535656657565674,1
2859,0.058603464035219995,0.9138192761272411,6.19539078080972,0
2860,0.6765119798809744,0.38011548144730906,5.172218643983251,0
2861,0.4665182513585977,0.7332556060511928,2.8477219023210774,0
2862,0.7323301699258266,0.463827698260948,5.271621083703369,0
2863,0.7358700792331537,0.4875487139401624,4.739976719244397,1
2864,0.35657263357296576,0.32312604245094023,2.5477514634150986,1
2865,0.9905586223940299,0.15665317727575734,0.8116912404291008,0
2866,0.5713424315211385,0.4625916825937571,0.3633405202529986,1
2867,0.3541994563962099,0.6785155820850978,2.4469472488039683,0
2868,0.5787133318485073,0.6404952781257756,5.986324457297129,1
2869,0.3875263337767423,0.2839512422989546,2.9626645038722135,1
2870,0.44361784378873237,0.41209005476900856,0.8154562750749416,1
2871,0.34976405029264535,0.4516892802051012,3.4059300222615194,1
2872,0.5094392953385163,0.3989884998334443,6.0755887376765925,1
2873,0.6825901290696708,0.3711990716454164,4.413513704267692,1
2874,0.7143229715133712,0.5735076192473079,5.208975171802798,1
2875,0.73701974504364,0.528827170124976,0.9635776459883019,0
2876,0.4642813829041889,0.23859845281822017,4.945403082442393,0
2877,0.5115859420464082,0.28230593174797325,4.930168941592516,0
2878,0.5589788369338005,0.26965723223993127,4.688843208389591,0
2879,0.27514003519665325,0.47680420227093817,1.7578268206639878,1
2880,0.35420406462392,0.459818502621634,2.3957740018021485,1
2881,0.7123917772464978,0.5282218557291518,0.38310875932877053,0
2882,0.5386052499343656,0.3608410934058009,5.2898053272977155,1
2883,0.5528657569137897,0.8147966711477495,0.6585422420397049,0
2884,0.532246062013231,0.6383090698838663,2.2517606285176197,1
2885,0.022127356020296987,0.961943151269837,5.778228551127768,0
2886,0.6984476894659348,0.5232127587221933,4.092296315149788,1
2887,0.3061799169414818,0.5497754776874099,6.017528499115663,1
2888,0.7356047214468476,0.420261101003547,0.45079497182358474,0
2889,0.5223659608471577,0.7251551390569506,0.9107577064638493,0
2890,0.28384915200248984,0.4833138817206949,2.168170271291256,0
2891,0.5430746761802174,0.7418385822535978,2.237153529718451,0
2892,0.6259197973751275,0.6229868200211902,4.253054699620078,1
2893,0.4303712242656242,0.5251452293529565,1.8571773256170871,1
2894,0.44024716258471475,0.30492519123676787,4.771472384159054,1
2895,0.3001454484850617,0.3709818729767801,4.21549580503456,0
2896,0.29688445226705845,0.5011363885445151,1.4917517537102656,1
2897,0.5717011567380069,0.7047067052084031,2.4260676181401477,1
2898,0.5834129394225825,0.3433097392490048,4.2683258086480445,1
2899,0.7019142512805646,0.47854325840919815,0.07250362466045075,1
2900,0.3004624143693286,0.5633198779912066,3.0659572285828554,0
2901,0.4248726535790408,0.3872126706992861,5.4943306247393595,1
2902,0.4722281399140727,0.49335643850278554,5.14446858133562,1
2903,0.32885201854234025,0.5248313995397483,1.7251967709136553,1
2904,0.721212654861667,0.49756797856994744,4.417189038810107,1
2905,0.7195227416686217,0.5227954920947996,0.5938610531381782,0
2906,0.5911711728094439,0.5714395178220206,2.7068189775761793,1
2907,0.5662197962857874,0.3744045169783218,5.208798785980261,1
2908,0.40100064114512407,0.3381963017494656,5.933268744218401,1
2909,0.58128363840288,0.2957978426787946,2.4627745975881443,1
2910,0.6688686298944159,0.41221100218430484,3.697868819989898,1
2911,0.6474067019433868,0.3044690228805059,5.685274579683062,0
2912,0.3500293246130078,0.3182251457614724,3.1629356043398364,0
2913,0.49766730074807203,0.4602288048851404,1.0615040834689826,1
2914,0.2972178686706708,0.3789924578733314,4.728819749734914,0
2915,0.9636996355677794,0.9425840871788177,0.2426997806729686,0
2916,0.3354753001127372,0.32360786309537926,4.75695134903921,0
2917,0.6791828991184915,0.4903375050597374,5.187127410957421,1
2918,0.4182547713020183,0.38753014428209753,1.0846903801469132,1
2919,0.4926767107959998,0.34813587100211085,3.0306724859570107,1
2920,0.7046178832098617,0.5745625381569944,1.6443756539151844,1
2921,0.41577156373139473,0.3461163585066351,0.58090903396472,1
2922,0.33409018284278214,0.547616104562961,5.7335742150711875,1
2923,0.33205899764747726,0.5342640375214976,4.935969003706807,1
2924,0.31750927866921375,0.44550609710832445,4.003356613574,1
2925,0.7248107118014299,0.5390539223328571,2.1419533875545773,1
2926,0.5479249432739338,0.709488389594269,2.1053610938579923,0
2927,0.2871379429072579,0.561138004795645,0.21283747789333746,1
2928,0.43654421419394435,0.28715223786418886,3.6157303861947385,0
2929,0.3625595664984774,0.3074487012015915,4.056015507385314,0
2930,0.46828368133202275,0.7153850254115874,0.22915944891186868,1
2931,0.4897781721578408,0.3262853364533994,2.3378626191682677,1
2932,0.5964770422017652,0.5277431676698578,4.518481558238083,1
2933,0.710127227139404,0.5101871479235542,1.691802779043352,1
2934,0.45954773934056903,0.5131374420179002,3.897574810733802,1
2935,0.0372646209465978,0.17260528917212198,5.985589072549542,0
2936,0.34777246275736784,0.3500615701906214,3.0485328624575048,1
2937,0.6018208492514867,0.6589698838291502,5.671872935130773,1
2938,0.6899252851667121,0.4477855632095937,2.4093041892957854,1
2939,0.38823378606297976,0.4203579493321508,4.1389549408858155,1
2940,0.1702755125002829,0.990380517576773,4.422452275621453,0
2941,0.6054941399194861,0.4481322268936804,0.5753128013338065,1
2942,0.5195689605926954,0.5076440801788182,2.8501399307296476,1
2943,0.32968688904716764,0.5854523635625267,6.281864070544957,1
2944,0.36141760975072634,0.5144783166327829,0.5873433642487088,1
2945,0.5580218358319472,0.4827854792592009,1.355624073575024,1
2946,0.2695185350053091,0.5413762429832487,2.169406461603879,0
2947,0.7628325891316379,0.41905476620014764,4.721362904520664,0
2948,0.25149511849363704,0.40457642268247446,3.0914632416274683,0
2949,0.6017041486649739,0.612439928699344,0.0608912363505123,1
2950,0.7253389172218453,0.6276805559514224,5.70552896941082,0
2951,0.3066929934371879,0.5182002104437624,1.0226482405907111,1
2952,0.4179970927382521,0.29643407883843614,4.85919415712245,0
2953,0.5379047951781618,0.4282177841619705,1.0077941863190278,1
2954,0.48443155152351,0.4223771118851264,2.3327087181721238,1
2955,0.5018995824201198,0.7029358732523001,3.3109893820699305,1
2956,0.31732727750625817,0.6341104667069644,4.569719968762939,1
2957,0.7102018534374615,0.5559494893217523,1.7382143621570814,1
2958,0.5580438490154493,0.5715663771912934,4.014946612717522,1
2959,0.6741279322707778,0.6515136966482824,1.1095612538734017,0
2960,0.7205958648670466,0.6145247260265696,0.06595226315278868,0
2961,0.2760404783064019,0.4051776448697408,3.3392461055847287,0
2962,0.49842807862768645,0.7394898504058178,2.972431786658305,1
2963,0.9615085384672749,0.1152235801632084,4.855224440906284,0
2964,0.5899884027454517,0.672187218628815,2.0978477780086457,1
2965,0.7294557069584447,0.4576975177929481,0.3845985485857509,0
2966,0.3115518582532597,0.3876079747656887,5.107532715004756,1
2967,0.33269220589799786,0.4573749801802219,2.067403609249084,1
2968,0.3180492564891586,0.3835915512932829,1.7824864521590602,1
2969,0.8637894782852229,0.09618183388356631,4.68797600439588,0
2970,0.45783136498874294,0.6498715694035868,1.2380551530328745,1
2971,0.5510596747773877,0.27724562606729375,5.347470308754016,0
2972,0.41290808254998346,0.3395961064491224,2.513707409722726,1
2973,0.8982308714150015,0.03827687296432409,2.520140967056662,0
2974,0.3011865397551573,0.5673441677472166,0.9427600980953833,1
2975,0.13820685650209363,0.9300069007964785,6.203996744671712,0
2976,0.4155965949357142,0.28656082572353814,3.098617472693893,1
2977,0.40382647149372486,0.5005695102932758,0.6923992941980304,1
2978,0.7357941034118686,0.5297417270173319,5.291257617458655,1
2979,0.48511013638560035,0.6912575550990435,3.1705505588002563,1
2980,0.7650016423423541,0.5189317093436631,0.15550444172420264,0
2981,0.5115270412884068,0.5432357323960006,4.282096229704662,1
2982,0.461162075043664,0.5899405301942696,4.677328879820117,1
2983,0.5583579984916591,0.37339051771879234,0.9442782538093624,1
2984,0.3927670484293523,0.33819223754673144,4.754048724501258,1
2985,0.5033816935720099,0.6888077998669035,4.4508336951608145,1
2986,0.36695515612130886,0.5536982638817437,4.918459865925193,1
2987,0.2766100261204245,0.42718449154611493,3.2702873553004146,0
2988,0.5611858776892135,0.489392816888596,2.0936202139273377,1
2989,0.6689693711972536,0.5983334532865315,5.228796775004746,1
2990,0.7192434213339082,0.3314789388925352,0.6939030369209984,0
2991,0.45916830576088885,0.6972566511728745,5.407542283863157,1
2992,0.7475246823773021,0.3738360501530177,5.846742984155435,0
2993,0.05461114002996101,0.9219440268829792,1.8761031759557854,0
2994,0.9902912270565689,0.9902368241829065,6.058542827772721,0
2995,0.24503237519917737,0.2558700168246957,5.057985109225766,0
2996,0.5359355023341987,0.7848555998859528,2.943001848002887,0
2997,0.4485877856224943,0.7031932157151612,5.86538443219974,1
2998,0.5410877151062875,0.6946882204631349,4.302574755008665,1
2999,0.6421682785809832,0.3096100124189323,0.262986851700412,1
3000,0.6089733709205131,0.28105535406126575,4.548328183471789,0
3001,0.6661324382641737,0.6604624403904356,2.220229783748956,1
3002,0.6274232907950374,0.3740223420767231,5.455968850028458,0
3003,0.5272491086495139,0.5321023236006447,4.719837343771697,1
3004,0.41989780154382383,0.7041066375002317,0.5178043111089161,1
3005,0.6638238766956734,0.6073494757446036,1.3719242426134086,1
3006,0.511465707622421,0.2943875672402705,0.6885721805997007,1
3007,0.37223875584890115,0.3738180940106075,2.664710995702182,1
3008,0.3419425474733696,0.372532629065827,4.0286995812123125,0
3009,0.3289435369533357,0.40908479393790725,2.338439428404606,1
3010,0.33278761721526845,0.5156445284003066,1.905158446779286,1
3011,0.5775686131941961,0.6366921818287032,5.128756464169272,1
3012,0.6859340028852021,0.5140972372064351,3.8441180776511406,1
3013,0.4092965647609771,0.7263077474211357,1.6155523545457784,0
3014,0.4374320705529413,0.2532091199532038,5.974239437458182,1
3015,0.3803930842196122,0.6273362701773001,4.574233996345523,1
3016,0.5962744343427809,0.35588736453026776,1.7912353737190219,1
3017,0.34771048327677945,0.42288801116392266,4.218657583517462,1
3018,0.49716688919902247,0.7070650724912361,2.6238694184578746,1
3019,0.5448984600622854,0.5451705997027027,2.169077390896965,1
3020,0.5560739899575748,0.34337857385235226,5.746115258533698,1
3021,0.699026538458767,0.5925160029769944,5.167122141802529,1
3022,0.714430592655683,0.4451785893606383,6.20791408024012,0
3023,0.5703060631670376,0.4783377194716051,2.6219650775077428,1
3024,0.4077554783105,0.408323494719571,0.25007996479229627,1
3025,0.6464877245716476,0.626962924003308,5.942084271434815,1
3026,0.34379471584648374,0.38098080547640917,4.056229874420678,1
3027,0.713758589920734,0.4019789427917419,1.8108169550099509,1
3028,0.3972309135522643,0.3546736989285843,5.6846965638069715,1
3029,0.4830753062818075,0.25959300391241125,6.0888570560433335,1
3030,0.5014109739314648,0.7831714682593288,2.9019943002979107,0
3031,0.5627029457593896,0.5696628215681396,5.8210357259509955,1
3032,0.5320647731558705,0.5818644179668693,6.0908431869882325,1
3033,0.5011536113831898,0.7216137615323921,1.4711036504493848,0
3034,0.7148091219615602,0.38077064511343417,5.700823254378194,0
3035,0.4831043896298577,0.23845944333958446,6.231847407091803,1
3036,0.7085515941237893,0.4947724036251978,6.14848217091813,0
3037,0.5277464243870812,0.4898067420356985,1.6775254828383754,1
3038,0.5652071763193776,0.47506278427932674,1.948884404276402,1
3039,0.4801371685821728,0.2531583932234038,5.6987901525068825,0
3040,0.4454273348171224,0.5507579033916992,5.106082790471526,1
3041,0.7376877241582024,0.5152635045824727,1.5117928469744384,1
3042,0.4425182263137638,0.30578307384599435,4.717061809888096,1
3043,0.04681212016490272,0.03486358117732836,4.46205771720574,0
3044,0.5405127185810514,0.5696687448234946,3.574292461190789,1
3045,0.49388261227268593,0.7194462293044712,1.816645135735945,0
3046,0.5023307645258627,0.28270457849217673,0.09791938784495569,1
3047,0.7022786938755889,0.3542944790185975,5.123052842929572,0
3048,0.41825714744763937,0.3993304699451451,5.575315943462762,1
3049,0.3962949168495673,0.4906539334635835,0.4765694165854284,1
3050,0.4650386060595201,0.45938024499423674,3.069611149070008,1
3051,0.6642663880991232,0.329251878703333,4.3316598386648675,1
3052,0.4235717924039581,0.27770538313713417,3.952193070421739,0
3053,0.8350337007956671,0.6062793822991099,0.4533988764057135,0
3054,0.6013647841881506,0.7192210997918377,6.181312307675633,1
3055,0.47461007648465064,0.4590008831919525,1.0794375938987693,1
3056,0.3234540452100056,0.6031464443626963,1.8311610974619277,0
3057,0.5608078552097818,0.5849938462233379,3.139351309239507,1
3058,0.2788995358994158,0.5292601899534157,2.714818975634548,0
3059,0.37285591838005133,0.6444842337328138,0.07410956457656948,1
3060,0.3131158666525511,0.4114163371771615,2.714280875965914,0
3061,0.456332746474432,0.7151060064557367,0.5396614809367083,1
3062,0.5799608850263898,0.7392584657517263,0.04515981444207018,0
3063,0.6083254946915612,0.28502004458262,0.11441896184090174,1
3064,0.6179477245852715,0.4005775859906881,4.319852103889092,1
3065,0.34816913471651717,0.6612621655701051,3.6250793030513764,1
3066,0.4544534321770363,0.7204146818782146,2.9766093206293407,0
3067,0.5105655879859454,0.2553394634321135,5.036901451171777,0
3068,0.2859464185202681,0.388790966916835,3.8223974095299216,0
3069,0.3329839847463506,0.35069674588507366,5.152271790663604,1
3070,0.43435716028160276,0.27406489764871556,5.809357961656834,1
3071,0.33369586637910076,0.32915304431242737,2.2540255017395134,1
3072,0.6497519762150289,0.4631297614085987,2.794779728273671,1
3073,0.28837670291809336,0.5254233751721239,4.297860013376819,1
3074,0.5099214189998167,0.3547397143953476,5.997211469719927,1
3075,0.7108701911947457,0.37649487262842213,4.447416782381527,1
3076,0.8953703219187393,0.0516017615805541,4.497145616864185,0
3077,0.736013973050492,0.5291151636793141,0.6233201082212716,0
3078,0.4232290990080646,0.6383132004141643,4.761003508116029,1
3079,0.554313008459047,0.2541638750456026,4.805068094877045,0
3080,0.322185709901509,0.6204131900097467,1.3592943642028739,1
3081,0.47881250823723687,0.696389787939978,5.770119264284769,1
3082,0.6124912642989262,0.36592618539186766,2.802806122051999,1
3083,0.36867385014112264,0.38496588304220586,2.7481357782575335,1
3084,0.48376717300936956,0.2213055744270687,3.397731066430406,0
3085,0.7014391998069571,0.4876520421673671,5.812454173515539,0
3086,0.45590773547495406,0.5056503796662142,3.029512468619311,1
3087,0.7364956938389123,0.515462245784099,0.5006001861021228,0
3088,0.9549197088171548,0.8665583719659156,0.9862203590646252,0
3089,0.29348942062023486,0.4476171072713478,2.3156974352366944,1
3090,0.6076589243514655,0.40488347877743996,3.7365454946228214,1
3091,0.41983668434278,0.45698736220114167,1.200535229426499,1
3092,0.5990742089118588,0.7006913416381745,1.1526361127908893,0
3093,0.45467802307048644,0.6610765968141987,3.0931827416495903,1
3094,0.670640019032909,0.427330059887896,2.5309075476214056,1
3095,0.3149586563806789,0.3672386196406123,5.418292452343611,1
3096,0.6039378322284125,0.6797917022131443,0.1847065104353573,1
3097,0.4356800077370006,0.38159412475988497,4.08174291148529,1
3098,0.526438035649518,0.6991153402415718,2.372678334340839,1
3099,0.6870312541448609,0.3268349620849923,4.030490256440368,1
3100,0.28428464142788457,0.5937643953875144,1.6189991250939646,0
3101,0.5590580770899554,0.307279131027366,2.441044543998226,1
3102,0.6586933941354194,0.4487918027494977,0.6357794476819041,1
3103,0.5360380726994173,0.2919064870580842,0.7075779065558591,1
3104,0.7058217283456606,0.4549642594429668,6.191068861764926,0
3105,0.6224157233688271,0.6242011972789208,5.115875900874767,1
3106,0.7254380065223031,0.30593031474685417,1.712525257525276,1
3107,0.6447554527794331,0.5205370342000155,5.00296670017524,1
3108,0.9013488806060495,0.8994661702786295,3.463624571563624,0
3109,0.32023661160518024,0.41193635983936977,3.839752232607771,0
3110,0.582879696593151,0.3176478956001116,6.232115855593429,1
3111,0.41807568312116605,0.2862307146696615,2.2944593141385043,1
3112,0.537066802567882,0.7343911904908165,1.3493073243002869,0
3113,0.5816724243622947,0.2699498082746593,4.419184006789815,0
3114,0.555830553464963,0.2641241735923315,2.2087435394647286,1
3115,0.6848851297483206,0.3742139248805576,6.123040023730074,0
3116,0.4926109413333314,0.35380779514986976,6.1594688258294905,1
3117,0.6686573010960671,0.5946524836002887,5.532671552766211,1
3118,0.4733776670922296,0.4004019638307837,2.3921107279642353,1
3119,0.5332088618867709,0.28372800067183646,5.327640078994266,0
3120,0.5420019177529786,0.6263348749244234,2.6780029929605673,1
3121,0.554327605026648,0.27851987002469986,6.061813437001168,1
3122,0.6628318487803366,0.32294835180232423,6.136981480595887,0
3123,0.02704583331002464,0.1114105116197937,4.770220895605338,0
3124,0.521446115382761,0.6860516297296223,1.4798717272409139,0
3125,0.7022882532460493,0.38640857851353094,6.112917393856582,0
3126,0.4137698566465278,0.6786376168980843,4.076121734130371,1
3127,0.54060932965479,0.2892775149454037,4.919215223440235,0
3128,0.4886154467004251,0.5753731067450485,3.9220627569355297,1
3129,0.29703885782427525,0.331764030323278,3.7137506274511747,0
3130,0.5306130098860892,0.4808451717685615,1.9780605900565527,1
3131,0.8091356221735998,0.06747969690276998,2.5526951127040842,0
3132,0.6015624141025363,0.42124316713543786,4.120430473520175,1
3133,0.021674329726659138,0.07096103088517011,5.599402984060122,0
3134,0.5507223116925013,0.6093882916500007,0.4743035868884937,1
3135,0.674670327561213,0.573840271242456,5.532131205918824,1
3136,0.5705412808368063,0.6098894461809493,0.1235985432261952,1
3137,0.9643735332798967,0.9904937642756733,3.4742051876933284,0
3138,0.4150109304830936,0.2755039317389429,5.5554303128909766,1
3139,0.6330855984767267,0.5077563363234304,5.792602435321773,1
3140,0.40277676048282185,0.620141491070672,3.84536390559608,1
3141,0.5595440094303471,0.2756283269375603,4.408995286459357,0
3142,0.6238965608775068,0.551356937047601,4.724461868208129,1
3143,0.47603814474868433,0.6915661493726721,0.06730633740807088,1
3144,0.4927941312119252,0.305730150516248,5.366458490376571,1
3145,0.5740747046307153,0.7034587977999015,0.12732825137592746,1
3146,0.45854250419752385,0.2766402492196447,3.2103171905769967,1
3147,0.7305281927848991,0.513354493900604,5.965458564835408,0
3148,0.5825666156508869,0.2986917988610023,5.842306791323683,0
3149,0.910161328944421,0.9839639756612542,5.546952592115323,0
3150,0.42450240888386886,0.510621934577784,5.396971336647165,1
3151,0.6058786775122358,0.5987808248083096,4.399311094533881,1
3152,0.544658096894737,0.5573720694352947,5.250462185175301,1
3153,0.369156677251895,0.6906682971873851,1.090252858938881,0
3154,0.25121852667496297,0.016085731409903554,1.9867751839370742,0
3155,0.5850156271557824,0.5933242777864076,4.398240241877322,1
3156,0.5750365734341407,0.7279198210478743,0.19647530447849776,0
3157,0.652270682768722,0.44675818583596555,0.128423838462271,1
3158,0.5637703675477944,0.28040083169526564,4.58449465785957,0
3159,0.3024851214260478,0.44459103451099374,3.9258581267503967,0
3160,0.6534334684959046,0.4055382976413614,5.7782973270230045,1
3161,0.31082484231067586,0.5554257276959508,3.739625007595743,1
3162,0.42183375297681586,0.7262183039400126,2.463587148956335,0
3163,0.3793022524412252,0.4847687865121403,4.548785582573717,1
3164,0.4721039423396658,0.6160498911087279,5.112011468363529,1
3165,0.397383930222242,0.7033022936522697,2.7949736124139664,0
3166,0.4233888210106539,0.40797367918088673,3.7093394116832936,1
3167,0.6018530028367182,0.5639820977693325,5.520812995975824,1
3168,0.4273406250237819,0.31252984504500536,4.722145721668853,0
3169,0.6946936863624156,0.936915481985867,1.6875862775224195,0
3170,0.6068816074188164,0.29285529371115987,4.810356985843405,0
3171,0.31444239411028246,0.5230336750956712,3.16241337432059,1
3172,0.3716546318051565,0.3987213743130324,2.2523769605394706,1
3173,0.5413695649749887,0.4706061818279268,0.6038477869913196,1
3174,0.6992377928817306,0.33131713836204807,5.911420879764567,0
3175,0.40726804393220184,0.5868889930486006,3.7437778973389118,1
3176,0.6694220448620536,0.5019763746863305,4.453411021060511,1
3177,0.5553519510353023,0.2559682250002516,5.983630700066484,0
3178,0.5634861672898829,0.46833523165537483,2.444877885218643,1
3179,0.6858527511408079,0.6651804998082366,0.23887873233835444,0
3180,0.4953822754971553,0.7137073726928223,2.4083708227920257,1
3181,0.5293921519490448,0.45539556729539854,2.153272865748767,1
3182,0.2752394418260944,0.4351375652145189,2.6217630364666973,0
3183,0.5150324931450179,0.7253552301802109,0.5895525866365341,0
3184,0.3234445970847373,0.3630900440803924,5.737561604451153,1
3185,0.6825889934071038,0.3264782722462025,4.9196623221798275,0
3186,0.7149827253812171,0.38715344769250704,4.274567792717939,1
3187,0.7082693944940193,0.36364219332148195,5.67410789911432,0
3188,0.29798505992282137,0.5957535370493671,1.442875082494457,1
3189,0.38130471439683117,0.6168176193483159,3.536415690728032,1
3190,0.507510075795368,0.6728467346797435,1.5855298684157915,0
3191,0.6490683008340996,0.5727605227824883,2.478457025218682,1
3192,0.29161975083849356,0.46429683863230486,4.566909952664429,1
3193,0.5468813334878313,0.7180639380028883,6.087813122026789,1
3194,0.21076298531321247,0.5316190178025103,2.579322377990388,0
3195,0.3563961773553524,0.42555617410919483,3.9059838339545365,1
3196,0.2755698995349392,0.4634774919102142,2.8795560042015658,0
3197,0.016020957036519647,0.05417169029590171,2.0801001670341654,0
3198,0.5488952762476388,0.34327889751837154,4.88988633508718,1
3199,0.48337392613086716,0.5908714179162129,3.094003133603242,1
3200,0.49187066249772016,0.5605088034674812,5.588319988686657,1
3201,0.3154217067796725,0.3665235617485515,2.490829084853168,1
3202,0.40706993698200267,0.6300835293054985,2.914221194751972,1
3203,0.28969315329599643,0.575602189513937,3.9011838891187756,1
3204,0.6982271885782445,0.41658035232249574,3.172702437837523,1
3205,0.3320578597127282,0.47212189206400246,6.100996958895239,1
3206,0.06502366462898355,0.0327562689363298,4.244338321715169,0
3207,0.5485721187048826,0.5926888289893444,5.121223572507383,1
3208,0.4065832325183464,0.5968796003106177,5.599641482072048,1
3209,0.3027641997649088,0.45917515086406774,0.007565712478648123,1
3210,0.4895613800348818,0.6829856060316432,2.5041030518149223,1
3211,0.22740037045551997,0.8402756836948356,2.6600542461759615,0
3212,0.49018435107937836,0.5034668473374483,1.004096864637686,1
3213,0.7168511928545235,0.5366643085558278,0.9646209069909333,0
3214,0.6515558996957935,0.5512841611135305,0.9375377626686204,1
3215,0.718458925458721,0.5135368098495704,4.836738084896141,1
3216,0.9162125647652036,0.07867647676024551,0.04734726043016302,0
3217,0.32327334488436793,0.3661691361901945,4.966905617515743,1
3218,0.6564840940612925,0.4895784002434568,4.228392077522951,1
3219,0.38684931312234766,0.7001510465724429,1.3392063481938294,0
3220,0.3707666482434156,0.6952532182093344,0.6141529611104659,1
3221,0.6363894358973008,0.5063966247340747,5.071039720448081,1
3222,0.36418857931822396,0.698826609362183,2.2117548847645745,0
3223,0.5061429650507728,0.722625655504558,1.9567861044320174,0
3224,0.9394132995446431,0.9482301593535638,1.1616474078442414,0
3225,0.2789341873649141,0.5178841662040296,2.7432288112294168,0
3226,0.32005934000666963,0.42565213207390373,1.0170454683436465,1
3227,0.37475130734004564,0.5480483110894039,0.5062401235855407,1
3228,0.6194051981241124,0.5887077373562618,4.2169126014820595,1
3229,0.6723920865551435,0.6634397403636549,1.8994050318873976,0
3230,0.7402835666132749,0.47598187088522076,5.166624576849511,0
3231,0.3685027107879309,0.39162762688778713,4.990028263634908,1
3232,0.5169563497025425,0.41829092729220263,3.3917039497679142,1
3233,0.4185381894092924,0.649897548106807,4.259928095384756,1
3234,0.9072173700746164,0.8549857647766688,3.5154648043687655,0
3235,0.5998362312408937,0.30321656738755814,5.377785222586847,0
3236,0.29592420242963857,0.5481158005397483,4.4609469662593755,1
3237,0.6079577989462571,0.32083299035106355,3.4798590178698987,1
3238,0.394574468857232,0.3172159205809776,5.171782107606233,1
3239,0.5450972330354835,0.3917666239512865,3.2968119141687335,1
3240,0.4249565294692566,0.33541174689316744,1.7644025535152021,1
3241,0.7117829379443639,0.6293256577909887,5.566205188239505,1
3242,0.37451673605962305,0.5638748634331139,0.5185830262321829,1
3243,0.6076817012554996,0.5669232028968014,3.4253778313952674,1
3244,0.3762520724093289,0.3867795699592493,4.885580295975911,1
3245,0.32593539310032416,0.3300921203052365,5.816428483051538,1
3246,0.4670935931727723,0.2864354068899366,6.03667703691666,1
3247,0.4902470612608584,0.5158033793245046,4.809585874309636,1
3248,0.4418854708626651,0.5277742016778878,5.600371674290083,1
3249,0.458148556471132,0.31436558250431323,4.285107985273501,0
3250,0.37949583851625607,0.28244714706363533,0.8885249449031287,1
3251,0.4338054091375163,0.6177823249391109,3.502917042794166,1
3252,0.6313217447278194,0.4640521414664191,3.222590849193229,1
3253,0.5893216838669793,0.6573858915217264,2.0346979630484374,1
3254,0.63948599483859,0.6629971216462961,0.682180703862953,0
3255,0.6285763791585619,0.52158211530379,2.198693981436798,1
3256,0.9864874891985141,0.833135110988062,3.909645378838912,0
3257,0.36804581684380894,0.5907556538737192,5.792535596397578,1
3258,0.6672870221432292,0.9255389200696771,2.356740213121128,0
3259,0.6959543417439007,0.5956017972451465,1.8267255068318073,1
3260,0.4935549158445325,0.2701692480855366,5.703755247649646,1
3261,0.6309682396388585,0.6571511778692232,2.74586512882201,1
3262,0.4602190619100798,0.7119224005597266,1.373800564077439,0
3263,0.32444872740361774,0.5003968475459325,6.248934237549295,1
3264,0.3689850210646722,0.36312126279240103,0.2802011737933627,1
3265,0.6198326315974135,0.28382757628137856,5.134623844446375,0
3266,0.3275177128719945,0.4337132585616575,2.212185056507798,1
3267,0.4076956434877235,0.2954146248808767,2.6749858839352223,1
3268,0.4041944350985848,0.7026142531029624,3.168463248118348,1
3269,0.029591795613159267,0.9785164321536479,4.063933354841733,0
3270,0.6299184051608469,0.3455164193474941,1.3616805393796756,1
3271,0.2800599929476209,0.6297396320589834,1.8223500231137153,0
3272,0.9529306613831263,0.06054129056815036,4.653937728062748,0
3273,0.27438859072965144,0.39150879107618214,2.192615559904778,1
3274,0.5753680687703551,0.37446096447075056,2.499084791219141,1
3275,0.6925211785705839,0.3401210207070996,4.114388645237073,1
3276,0.6832398711570465,0.32207542760094815,5.759748047375739,0
3277,0.2943967744622118,0.5241822888439504,2.2290260021666857,0
3278,0.771053057509799,0.4726336415007784,0.9004914742676108,0
3279,0.3395495715592393,0.33133750468284806,3.009308511676709,0
3280,0.31021702125750994,0.5275661262815831,2.6275195530799156,0
3281,0.523027440697202,0.3250512805159965,4.609996961704554,1
3282,0.4657524486478656,0.5743990432490822,5.043010343277461,1
3283,0.33986082008981483,0.3548473008503037,4.048039938821831,0
3284,0.7070447647485605,0.6079073362748831,5.206842720263514,1
3285,0.5361540089136805,0.35495648259581764,4.284508259671105,1
3286,0.5183497960543951,0.4197525155033728,4.150215258499165,1
3287,0.07463555767774233,0.9463111022241859,1.397831611499962,0
3288,0.32778238814740585,0.5734445441890758,2.6259292137217445,0
3289,0.5780163064930685,0.7050743129665946,1.0735292084909733,0
3290,0.4226169110117234,0.28321874360691535,4.208806102256234,0
3291,0.41265951842163384,0.33961400755687704,3.5191194112328987,1
3292,0.33893881578536983,0.6915381074560859,3.2481615181831787,0
3293,0.5490267647482027,0.3103781488768881,2.068822509902316,1
3294,0.43546250055176783,0.4231272321490505,3.0457176629273697,1
3295,0.692487037395654,0.5946237672545732,5.142069333735676,1
3296,0.445837957339448,0.4660447629190095,3.0314474838180043,1
3297,0.40725114750417535,0.3297908470418631,3.202443543920871,1
3298,0.4064474245605894,0.6322641592911007,0.9953352062956746,1
3299,0.43333806892188986,0.7116520992842115,3.5988180143440998,1
3300,0.36766688081309645,0.5428773401831599,6.122986875383967,1
3301,0.32079242397788393,0.313193355445217,5.152972863631998,0
3302,0.7253793705807985,0.5065537405097178,5.88792668036863,0
3303,0.6153107496381596,0.43369905988673574,3.3200891364191985,1
3304,0.3344303142189028,0.5775553479038411,5.54409690662086,1
3305,0.460684814392053,0.36662485346776447,1.4428179269070902,1
3306,0.3183831901631742,0.48381206881132044,0.8408921497099989,1
3307,0.5621160174211426,0.32401720687820834,6.1397536718739545,1
3308,0.5551691200000756,0.7260580730878252,1.4385718700867207,0
3309,0.5333097970333773,0.6633411128089232,5.664323422719556,1
3310,0.45837110431074424,0.7097969077768931,2.6261032782260885,1
3311,0.594851168523752,0.6799679111040662,0.6408584754091421,0
3312,0.387924298824173,0.6139112148314599,4.328868023396741,1
3313,0.3473359294503267,0.6457977735301788,1.6877622683000424,0
3314,0.4144234415279961,0.5397679973295899,1.9613530295203985,1
3315,0.5335226884226403,0.6791191239601517,0.773319413712365,1
3316,0.739543110211665,0.533108889341297,6.19751203786907,0
3317,0.5705262476789451,0.3212406070279231,3.175182834793079,1
3318,0.3993291954370641,0.6041755977599109,0.965737286419591,1
3319,0.5341961946810526,0.4398789935174884,2.541439621942454,1
3320,0.37313626010772455,0.5194399421435427,4.607480450315726,1
3321,0.614966427169986,0.6879190134695546,5.226824833460198,1
3322,0.0030457689241483953,0.9840510118045915,0.3341801109990533,0
3323,0.5993421132931619,0.5525748578876902,3.5631077751537785,1
3324,0.6896484133561702,0.651898068881084,5.7676890851628535,1
3325,0.33576748193873734,0.3980923499957234,3.867091362770117,0
3326,0.47219326863722894,0.37336569452493584,0.8773894140559035,1
3327,0.3846708423473637,0.5974801975741997,2.5709767929585308,1
3328,0.5035351511115811,0.27600843130797736,4.208088585471386,0
3329,0.6737780405422422,0.42749746710943887,3.7486146483512472,1
3330,0.5347782600403466,0.6622277425135195,3.9023919017918054,1
3331,0.5902854965497011,0.6573182152982514,0.4187172203205306,1
3332,0.5562229227087137,0.38218564718497144,4.662071043270333,1
3333,0.6681667528518441,0.35209125959571913,5.893648958778787,0
3334,0.5904292403666517,0.39830304881379625,4.825333163674479,1
3335,0.6298844759100403,0.5322162407626325,2.063017908425015,1
3336,0.7259119102236842,0.5351648571815416,2.3273227798721448,1
3337,0.5721532641069573,0.7463432308025469,1.6166283076229377,0
3338,0.2832196495895041,0.5325646499604065,5.1428246201617185,1
3339,0.8056648309882787,0.027072727992329702,0.5947063351610418,0
3340,0.4642083386309261,0.6693155457313231,2.3301330106459215,1
3341,0.41063381460850135,0.5300234142991568,2.7146273503339815,1
3342,0.44068780270213653,0.34193650164971506,3.800795632172233,1
3343,0.6916355567516675,0.5616595247328229,1.1024492487070474,1
3344,0.527563597415516,0.46523428004408374,5.241840532075456,1
3345,0.7608243313957074,0.4110540126638175,5.9838494176330075,0
3346,0.5066176113096597,0.7437323720751908,3.155650087205341,1
3347,0.5256160718533257,0.7056267949142581,2.2615117923687693,1
3348,0.5969023884135852,0.7116076907236689,1.8001149376080676,0
3349,0.6817654972117463,0.37946373762043345,4.76843232863969,1
3350,0.49260144822096447,0.7094832387070727,1.5334503190427873,0
3351,0.329699224859753,0.39285098932377727,3.7896210187047394,0
3352,0.48005979004514043,0.6072064359874405,3.3989549314533947,1
3353,0.6758742166990575,0.43515867588691576,2.876285033646763,1
3354,0.404144578221863,0.7093792393375972,1.140588241646052,0
3355,0.5306332512091186,0.4141703628241074,2.381271402092633,1
3356,0.5086234424720616,0.3508098620545552,0.7227018072698458,1
3357,0.4753770374178264,0.6819395303932547,3.4586230769327275,1
3358,0.39406165074916755,0.40502697378358005,0.08091692188262431,1
3359,0.6370474275155041,0.5527985983680335,4.128012434010046,1
3360,0.4964700193590426,0.7036863267605575,4.45285952568107,1
3361,0.5661120682485956,0.3521288828895466,6.178518483447318,1
3362,0.3668036895185392,0.3195470218200154,4.768449154427209,1
3363,0.2998222820143781,0.4849531102017329,3.9917574156252305,0
3364,0.35767817290318765,0.603993661258804,1.7671809499365279,1
3365,0.732834114496315,0.5621465028567617,0.9367542534750783,0
3366,0.22408927096451242,0.02728122088081145,1.925391571725839,0
3367,0.30545108915574043,0.34531850605812514,3.9645373304819174,0
3368,0.41759579018469906,0.3250158394234712,2.3170164607971944,1
3369,0.47537836137068745,0.2522743435354374,4.463378939562074,0
3370,0.6340779667862049,0.6400062891576337,1.4903487901455688,1
3371,0.6216468254291112,0.5911408253575576,5.880020518944723,1
3372,0.7181093976267744,0.31244197478985675,3.523881684644872,1
3373,0.6022183139424369,0.29056838246790356,4.802748785844818,0
3374,0.3717356451351451,0.41339991083943894,2.9962696569189364,1
3375,0.27171177514868217,0.5047196034535858,2.787305045281779,0
3376,0.2462716980701773,0.4478299305564958,1.5238251260048974,1
3377,0.7244325093623901,0.4518528354306973,1.765651428379175,1
3378,0.6896086509768522,0.5599753616369647,5.905717571602567,1
3379,0.42569255356054,0.6234977910294518,4.770932494542294,1
3380,0.564585879053881,0.29396394779506363,3.9022139668861566,1
3381,0.6462042370592649,0.5123949846857613,3.4955582626491366,1
3382,0.2878915623131187,0.5622646178252053,1.9016512228869775,0
3383,0.6828096025525506,0.37868717861334095,4.257936162333137,1
3384,0.7030823823322407,0.6069658984073361,0.41433305875470094,0
3385,0.6847431782041925,0.3451557803894393,0.1033958857818578,0
3386,0.49322159357059664,0.5577316885035063,0.1529772912976156,1
3387,0.5750137991609973,0.27464218045857025,4.658924910570111,0
3388,0.6714486215875285,0.5286604605076969,5.53709581330249,1
3389,0.6008834565120104,0.2843167772994662,4.01285315035483,1
3390,0.5419327541626793,0.4497269696009912,2.8055290622051565,1
3391,0.3487865223497305,0.3634624193288424,1.189629631380999,1
3392,0.5600877155034978,0.3105796023680719,1.6578045531969068,1
3393,0.6903940010665157,0.31178696615206375,4.929961379917044,0
3394,0.30640274658923167,0.45452475319175517,3.2464147266267047,0
3395,0.6959914712965067,0.5664822193891319,6.149757448114691,1
3396,0.7180705560582232,0.3987457339911207,0.658558402563953,0
3397,0.5066043429776582,0.33873498283903486,0.7216243161499813,1
3398,0.3336221530660473,0.6687641015120223,0.45598185337186786,1
3399,0.5125326734745802,0.7009874004548868,0.5065893629872991,1
3400,0.5601185699281678,0.44868213239351135,3.453439719664113,1
3401,0.5361534109529085,0.32646465108437095,5.169442581962389,1
3402,0.8831627059347729,0.5459019069795421,1.6107608740338317,0
3403,0.6577112100498854,0.4925404596975283,5.03986696116555,1
3404,0.6987459859962091,0.5534468998113025,0.028925024781952753,0
3405,0.5262130433598636,0.6240275476661493,1.9338001564836822,1
3406,0.3138238136888962,0.44489678105115005,2.525337407993941,1
3407,0.9388301470334919,0.8134790801109392,0.24127306872482313,0
3408,0.39851761061089896,0.5525991582074967,6.036887329902606,1
3409,0.40024191954677646,0.6535995554680177,5.692600345061883,1
3410,0.6680140423903594,0.6288494405171292,1.0906390015630238,0
3411,0.30134837881742293,0.6009329376174894,1.7360273918693423,0
3412,0.29220541739116973,0.6830677643204437,5.79002290347497,1
3413,0.6462122293554398,0.5032821982378307,6.03870244814206,1
3414,0.7009796239299907,0.4676954734235502,4.328864437496279,1
3415,0.5912872092821211,0.38337924506918647,5.971084750254866,1
3416,0.5105621557578398,0.2687340986548395,0.06040979623063502,1
3417,0.5928555414905206,0.3178927449610374,2.002841453415828,1
3418,0.03631132747841076,0.9245486281807578,1.2240592970571518,0
3419,0.2639958206382401,0.4856350584189869,2.9575515079126684,0
3420,0.31039094865884004,0.5486204556025761,0.6651506297744881,1
3421,0.7864361426339652,0.4414127195265613,3.7465993242596514,1
3422,0.8602867015172092,0.09954842660430692,5.819428810898667,0
3423,0.6100805534462058,0.44616712625341715,4.923869666637719,1
3424,0.6675398807097911,0.41902824143209,0.8495037049198236,1
3425,0.251840754691718,0.459605211593664,0.8851274004448824,1
3426,0.5268055942068646,0.507274997016252,2.9856049145988264,1
3427,0.459229054814502,0.4179741767490909,2.2032225906688856,1
3428,0.5106060654371186,0.2819850771752155,5.007491402730414,0
3429,0.6816311537159033,0.5343690043836854,2.5517855844741417,1
3430,0.3011010931711472,0.5075835883181818,3.4430379419387958,0
3431,0.33224329850495465,0.3916228907240874,4.818753763286383,1
3432,0.4081533282057396,0.3649561431364896,0.677855550828492,1
3433,0.5008741611466375,0.27447804272566606,3.8925318588403783,0
3434,0.3038927625809549,0.31708115774168505,3.77457786529191,0
3435,0.48160429821184997,0.6938229256025149,1.2326922583021278,1
3436,0.5536235957497961,0.33720575482421733,5.25424860556029,1
3437,0.43117731029989426,0.5906144386215935,1.5522154397996357,1
3438,0.5298374688046645,0.5353738968950627,0.8667470077447557,1
3439,0.5834074690434378,0.29407633812675515,4.9814661898836805,0
3440,0.29474252647062077,0.4623429405488024,4.256598657148038,1
3441,0.7176205276903259,0.7100356623360057,0.15063981863013504,0
3442,0.529433460168668,0.7141195847220422,2.660877085861286,1
3443,0.3156853841144625,0.39412623353463333,2.438546750633664,1
3444,0.6502546180837245,0.322246706945205,5.993655460164689,0
3445,0.7101073487788434,0.3931313520308326,4.670934479188729,1
3446,0.7364343938032443,0.5737560970047704,5.125327491362533,1
3447,0.2677753467221924,0.8106374826934334,3.1222035068770837,0
3448,0.3368364311393193,0.6603563628752828,1.2101449678157075,1
3449,0.6691488278231345,0.6271368383736151,2.7422873560857433,1
3450,0.6611485598505162,0.36352747143661374,5.130678332096776,0
3451,0.7370896291040248,0.48626813885320935,5.179496070542162,1
3452,0.298800629114465,0.4590147222545415,3.0051381274076543,0
3453,0.3941393288209169,0.4068844651201747,4.311675195932072,1
3454,0.48626175136254207,0.6889095369826348,3.7064532038635325,1
3455,0.6903960652761878,0.38539319998464105,0.8403926841229596,1
3456,0.6477148430862767,0.3218148582909393,0.10745072187888591,1
3457,0.6329125283162286,0.6561175839813546,5.521997640259045,1
3458,0.3670460540414617,0.49158865614587277,2.838748733865826,1
3459,0.5969070038453453,0.3819232168219921,5.989400554238119,1
3460,0.019886679514448422,0.9309801270282321,6.1319009295650995,0
3461,0.5296433465887468,0.36134958211712803,4.9799029216584865,1
3462,0.5245094247673943,0.7272663770187724,2.343524976902404,1
3463,0.4343317476152239,0.703791307274199,2.4349642652760832,0
3464,0.5578941699305837,0.5780562877034217,4.568557952122024,1
3465,0.2699283823806851,0.45502145640771147,4.047366382210407,0
3466,0.6647062564654964,0.384829938669359,3.7746910410476207,1
3467,0.2691914710219043,0.4404895296290519,2.101660440472715,1
3468,0.5814374814584524,0.48817336723764576,3.6764176414155676,1
3469,0.6483283946412162,0.6609690297601545,6.052575831282899,1
3470,0.698810921059685,0.294612735431233,4.668852649826488,0
3471,0.5100240609693908,0.7088082367609478,5.7118074460051504,1
3472,0.661242222789801,0.4372495106841276,5.641775731347898,1
3473,0.27989366825332673,0.47164846263563937,4.057543157452727,0
3474,0.4163665890735089,0.26148370767338774,4.8165228267788684,0
3475,0.3890717456703217,0.4641127068380568,4.915708692432184,1
3476,0.5258579640262081,0.3503793425613814,5.7975175176603,1
3477,0.6103142606627109,0.6288821939945998,1.537379212868906,1
3478,0.45807215783870564,0.6509030857667177,1.4676165049468388,1
3479,0.4000187473730459,0.3820678999695953,3.844360875598919,1
3480,0.43025487482458763,0.27659123657736484,5.330224437267078,0
3481,0.8374013297665331,0.7787456022157057,1.5581446733177835,0
3482,0.14104057754104157,0.8848451368450349,4.831038209612218,0
3483,0.576641664006503,0.6618167543709756,2.6326284831486637,1
3484,0.6053800665586057,0.5182712565607539,2.154815873447483,1
3485,0.6248964539263514,0.5160365085555467,5.6079307706394195,1
3486,0.7026225329792412,0.4431578718597663,0.4607104727641882,1
3487,0.39321618313246975,0.30870511563255865,4.840595753527572,0
3488,0.4927047415165925,0.270205241920267,0.23571155179699033,1
3489,0.3405989057430059,0.3214641080950018,3.8509591836869457,0
3490,0.6342584663277534,0.39323592298648213,5.652357127564349,1
3491,0.5132251411059396,0.6918850560482617,4.969075499368181,1
3492,0.5752886320051138,0.2662038709628222,0.8945266975869551,1
3493,0.7221537102006652,0.597740443448792,1.680412561959771,1
3494,0.34294490211480894,0.6192770232653818,6.0499030013804695,1
3495,0.3327776567893108,0.5186811003304922,0.17832859084059208,1
3496,0.6306062011590435,0.681311023013066,0.5492120619855908,0
3497,0.5219070379861048,0.4060169913147052,2.035165135073826,1
3498,0.5214159504169669,0.5109224420485354,2.926214149634349,1
3499,0.6366452158079426,0.45693059376233475,3.267986905672762,1
3500,0.29757564401842457,0.5806509575666172,2.122349370878014,0
3501,0.7335239021352961,0.44597527182891766,4.225242707399256,1
3502,0.4439397269372445,0.8179526609495936,2.9607037663553193,0
3503,0.7425658628665315,0.552506298062424,0.815135512140904,0
3504,0.485807947058731,0.4320751143701446,5.315609033934189,1
3505,0.5369192722420761,0.5896824424134356,4.528762789237157,1
3506,0.6517402585922336,0.14530053373645677,2.705021833851011,1
3507,0.30299804222926896,0.5917874632427795,1.9210883672835424,0
3508,0.32339279955014466,0.35159493975449213,3.057471731385981,0
3509,0.35860727259395203,0.6998365612789043,3.459267291963565,0
3510,0.5075570200666839,0.297954584663668,5.593578724937973,1
3511,0.7295351893065625,0.5494954601019398,0.16964407956600486,0
3512,0.27436397709408666,0.5505357164923095,1.1809197594321041,1
3513,0.7481464818962598,0.5295439932351589,0.7669888550552191,0
3514,0.308880430045542,0.46071697638000125,2.9229276974646234,0
3515,0.674537123047588,0.40974028969586906,4.883836078479394,1
3516,0.7495929868020069,0.5321843837348808,1.961600799075338,1
3517,0.5972834470853622,0.4427811017845981,2.814310405487555,1
3518,0.5435135266099254,0.64561471992082,6.023364321536891,1
3519,0.45550603171650067,0.2968572127016269,5.279076997063571,1
3520,0.37580173513956433,0.30870806293632347,5.333882522683196,1
3521,0.3066557013272608,0.2513162300997431,2.046075568501173,1
3522,0.2640014154911896,0.5832824136085732,2.7028840271012307,0
3523,0.9965435710389856,0.9523038063923769,4.440464695630764,0
3524,0.5423827085688434,0.5386928660719841,2.4722000340314803,1
3525,0.7564544103822131,0.4757523284040906,5.536023038399837,0
3526,0.3457764757656833,0.4779302583778308,3.3052256657501813,1
3527,0.24955876333520172,0.3418147184044777,5.215340748091672,0
3528,0.4919611473633191,0.5639832576437771,5.564096036118161,1
3529,0.5546277449568795,0.3515282360586692,4.556041968585788,1
3530,0.8488817410282604,0.9214871105790383,1.9939440347049855,0
3531,0.4598986439227105,0.714310000225279,3.090358481092549,1
3532,0.5435793052983559,0.5817563957275917,1.4398562759106028,1
3533,0.42759718863643165,0.3212221845778811,4.568636002280254,1
3534,0.6985531319687054,0.5780847049462171,5.119485263237525,1
3535,0.30463965781491253,0.552828958945168,3.0622802631667305,0
3536,0.31016696526141996,0.48951188593396056,3.274991499146425,0
3537,0.31030479525551175,0.4933093704790318,0.039804528515646094,1
3538,0.6820290744296458,0.6562848319456109,0.6714215858500986,0
3539,0.7211958794256212,0.5397714621755825,3.3130548421487633,1
3540,0.3042987499037705,0.4553789138946413,3.6635290518281374,0
3541,0.300311535236982,0.45289329813315365,3.0945721903632317,0
3542,0.5640138477425337,0.30264794908967363,5.932539438551956,1
3543,0.6938743021453769,0.39800318382808164,0.8704907102186046,1
3544,0.7267692948042683,0.6347692362001138,4.432368929329153,1
3545,0.7386967771382311,0.5240461063755174,5.3852012805799525,1
3546,0.5218241378166079,0.7124493609548249,1.3538838733720435,0
3547,0.46810714775191054,0.29585002848479325,3.3358217145593567,1
3548,0.33865753151618316,0.6510294326052343,3.5013927847399686,1
3549,0.33206127334269975,0.42012924344443775,1.0907484843194923,1
3550,0.28469730937249876,0.5411022488006137,1.87447620238679,0
3551,0.6509114548800691,0.43495318407527617,1.5425443335273625,1
3552,0.31903891788112615,0.427483665148452,2.7459656005769637,0
3553,0.28211615521471767,0.49282756186283616,2.5742021291815984,0
3554,0.663580329529599,0.5478245467654616,4.269321568093493,1
3555,0.7189761319519986,0.4490962867520765,0.8434024769937409,1
3556,0.52977960178446,0.6769469594709001,0.9260098066382642,1
3557,0.39494550225547775,0.3574570425776859,2.686938635673513,1
3558,0.4878292093653035,0.37330106905686417,2.616539014847964,1
3559,0.37425579429686456,0.34166668552403506,3.425300797044485,1
3560,0.5792380423630983,0.5060752018043359,1.2337909225542423,1
3561,0.7345565860987086,0.49601284175844945,0.9743359312998703,1
3562,0.6298358324795036,0.5069373535341327,4.705086994870808,1
3563,0.6059582383477458,0.43517450400798385,2.5481737296989064,1
3564,0.7273221040455973,0.5365554375624503,6.160468629908969,0
3565,0.740637449965246,0.507969821974941,0.8896739582047478,0
3566,0.7348922528605324,0.46902233081625366,4.260239162007107,1
3567,0.2976710068729816,0.39824809671551864,0.22829324238885937,1
3568,0.6372850392708646,0.3225965294823526,4.471801864390536,0
3569,0.46006222127162344,0.6671547739107266,1.296054621947438,1
3570,0.41158196300514766,0.3444110875819736,3.3238371454695548,1
3571,0.3861436468684012,0.29386648013891975,4.8243718418174035,0
3572,0.399467434687073,0.492711292441115,0.110687315185841,1
3573,0.3449880453480782,0.582504202729447,0.7034488976784893,1
3574,0.5732122728515286,0.7262661794888972,5.81310693114851,1
3575,0.32531187779240683,0.5334284196488756,3.3612675731589765,1
3576,0.5854900145171668,0.7192070032766181,4.222663544576114,1
3577,0.515671874901021,0.5966301110436684,0.11792412533187799,1
3578,0.4412335049803528,0.5088838950616432,5.563168825784308,1
3579,0.11632683513531576,0.9221850821819991,1.814719855838174,0
3580,0.44988351587022263,0.34741315924021837,5.053366817945161,1
3581,0.3667513384357412,0.4251248468878814,0.7946333041988003,1
3582,0.010448773422332414,0.9856854401010384,4.761088183939945,0
3583,0.6100331632254666,0.7163385476900466,5.7024556409311975,1
3584,0.5836959383237033,0.6882197603779057,1.5965269153275938,0
3585,0.3305411651191054,0.42444225686498854,6.060754220334966,1
3586,0.6403888060278833,0.4506722434021045,1.120891472733819,1
3587,0.9402650011447964,0.11152430904627733,4.093256242338318,0
3588,0.6994405228097839,0.44220099908174687,4.991150430360108,1
3589,0.2963602516333576,0.18544321971341854,3.0149266667420442,0
3590,0.5065979234844177,0.6254032211111453,5.570152639960016,1
3591,0.5225404424442472,0.7144651864442534,3.191972054523453,1
3592,0.060623086458088504,0.9299575856926282,3.8281017889479645,0
3593,0.5024863348445214,0.715946472185228,1.4426577598300319,0
3594,0.36718326165753196,0.3440744295183233,3.5638513797483458,0
3595,0.3998773939937144,0.4287877590340912,5.9231816606520455,1
3596,0.5537581930520918,0.28414277737747684,4.4229021678574245,0
3597,0.37622662264605816,0.5130016673232051,0.6373099231444163,1
3598,0.2704624520102518,0.5133775439201949,1.6745944871136211,1
3599,0.07390465310377815,0.9944329952251376,0.8416862763880435,0
3600,0.610550661472045,0.531599779681682,5.1258580584633835,1
3601,0.3103145045167418,0.4719962673571958,1.1802883142157434,1
3602,0.3774481000149596,0.3040926810715915,3.229932075744037,0
3603,0.6043788954472921,0.5975716188172077,6.085245306670518,1
3604,0.37240543384313085,0.7081509696883507,3.082394277491337,0
3605,0.6405708171408238,0.565823665803727,0.7454609723206713,1
3606,0.3725556714719951,0.4977730586227618,2.7592801493847525,1
3607,0.41959650943751736,0.690269008013917,5.350045655254652,1
3608,0.33549370731729206,0.6649658590990719,1.9677675688674208,0
3609,0.4343796572285161,0.3539339580916684,1.316211586437902,1
3610,0.6841586855998021,0.7599298414752802,2.1331190519018928,0
3611,0.6908111109687687,0.3798368220524344,3.9271021321828017,1
3612,0.33481864370499564,0.508825564350709,5.610173061695561,1
3613,0.629164379907688,0.7172183172129653,6.141839699097464,0
3614,0.5751517468781016,0.723027734362444,0.41767826793397467,0
3615,0.035574061782498695,0.8299743914832223,2.507580069138767,0
3616,0.3006310456548578,0.43132059972145076,3.168569669340479,0
3617,0.4836246707768857,0.3157274648332658,1.7305751706282642,1
3618,0.6919515931082121,0.4393399272408194,3.4176869808388837,1
3619,0.3296768175554408,0.2888212923746885,3.6353445011115215,0
3620,0.5997438866665287,0.6847405174138311,1.7801025567464948,0
3621,0.39601989005099314,0.4311323616882126,4.569728179374876,1
3622,0.5388113297547185,0.6535682591254397,5.918024680212455,1
3623,0.24965763080978165,0.5775137747313395,3.4021703048795375,0
3624,0.4683619157350008,0.2800125468215342,2.789309078195882,1
3625,0.6668949910721902,0.6439032435198829,5.150890022619647,1
3626,0.32894813895161373,0.3229931046641505,4.395929899061096,0
3627,0.3894426938209139,0.3007512366427421,3.69920446142069,0
3628,0.22188509887034286,0.58736537074028,4.18302932727642,0
3629,0.5784075937058873,0.35897092121710295,1.0570042224846319,1
3630,0.6506613613292858,0.42753039191915576,4.013375746974846,1
3631,0.2864009291767793,0.49873979117456374,0.278163532341039,1
3632,0.7437388446073703,0.4652217011786426,5.6819690384712995,0
3633,0.30283366480653345,0.5928617602787927,4.507608503036592,1
3634,0.6897673791884457,0.36777233229519235,5.310410205071291,0
3635,0.48306218187123157,0.6945176167732999,0.9231988737817112,1
3636,0.4867741701283739,0.39693382156919044,1.2795798505922564,1
3637,0.7062088189267937,0.46963029020629676,5.996456058409818,0
3638,0.4524524548949837,0.26563099485056,5.97111623683804,1
3639,0.6827805295767522,0.5185630266629874,5.133313760819763,1
3640,0.4238992382626462,0.5134965760861828,1.0839532188140448,1
3641,0.541451020989442,0.33643921373956454,3.4277297104462336,1
3642,0.4711285190366516,0.4448959478252815,3.0374499834226802,1
3643,0.392441651582534,0.6597237954250948,3.417729072076789,1
3644,0.035571990754853476,0.07812798661710485,3.0294566178553817,0
3645,0.7159817193581712,0.5695635940863268,1.9182932363828462,1
3646,0.7602646626549555,0.8045619971016468,5.002266033903463,1
3647,0.7203819114189258,0.5741968047093974,0.9392033984887591,0
3648,0.32549709414556904,0.5531331264207248,2.720082076874789,0
3649,0.32409304850229964,0.5471200913250445,5.309570187769171,1
3650,0.6250453981083439,0.3451832985776297,4.478118903794008,1
3651,0.3785147532937975,0.44819731771237475,0.4194582572499937,1
3652,0.5493021097313945,0.7359914344193283,1.5315470097518447,0
3653,0.6353588696158605,0.6976182319092561,0.10106375845062358,0
3654,0.5095276909439992,0.47905917602460996,2.5576718641131757,1
3655,0.8476984985179435,0.9003324652604989,0.44810210741235745,0
3656,0.44638445195573884,0.7216748425995378,2.7241966970054063,0
3657,0.5090103234580028,0.47277382787898237,1.8234306104655695,1
3658,0.3987918731100637,0.40086422636143,2.32838277588381,1
3659,0.6397133881594843,0.1404112788110298,4.77379783552255,0
3660,0.6479285381032251,0.32453329520236224,0.207238539298439,1
3661,0.5814984059688058,0.34281414033792373,0.45170574673025166,1
3662,0.6539670531399925,0.6810768567949377,2.6037882732357387,1
3663,0.5630015494922468,0.3822579261096722,0.8426456280386428,1
3664,0.5572438936281477,0.44615826400929487,3.9763381415376764,1
3665,0.29933663419766987,0.43374332928394715,1.6500441534707981,1
3666,0.5741289648761093,0.44434644830941183,3.757527813102756,1
3667,0.6673081781057203,0.3229833187599433,5.794628748829185,0
3668,0.6475113566720205,0.6736197638562469,0.5046080019503334,0
3669,0.3784067459184731,0.35026195453811304,4.798488025161081,1
3670,0.2926432284442647,0.5139953871187815,2.8923126008571223,0
3671,0.4371031874897293,0.30933281382907984,3.852066352968875,0
3672,0.5594429131900482,0.31830565408637723,5.396912865666575,1
3673,0.30080944855444564,0.38320717871357945,3.605937545524335,0
3674,0.4408065801564252,0.7170610404130477,0.7078244941723534,1
3675,0.6733929595616679,0.4950332996229606,5.0283047133838625,1
3676,0.6886922354988515,0.6066856895368816,1.1877972054254453,0
3677,0.6103562208706305,0.7539458237733321,1.9144362840817617,0
3678,0.3479452704183352,0.5127811905779316,4.629796828727482,1
3679,0.44331616144251035,0.5233975911812686,4.007759005468257,1
3680,0.6479197442165271,0.3405218612350494,6.061653203233471,0
3681,0.4521393389869333,0.42808432173828553,4.276075088256302,1
3682,0.6540711501383245,0.4547750474446783,4.454255316193947,1
3683,0.2735784938751024,0.6989551857056241,3.440907004472359,0
3684,0.5306072711973974,0.7277828132790852,3.0175829813225503,1
3685,0.5893794640476286,0.28691612362454305,4.690272891748866,0
3686,0.58735201049966,0.6391925477283099,1.1758093022101666,1
3687,0.7062011255383249,0.39137333086228293,4.983251544398595,0
3688,0.8350267586144999,0.0043928272746370095,5.371125899073298,0
3689,0.4634923641531904,0.4638940972139204,4.5536930387692625,1
3690,0.64198632463417,0.3112581912492465,6.089161135596172,0
3691,0.45258133844772086,0.6803401662600257,3.5757674690123222,1
3692,0.3598132371627775,0.5797633680426185,3.5644733762182352,1
3693,0.47836074596784395,0.2674402598235066,0.1727765083532643,1
3694,0.5246908892037587,0.5071661552899647,4.1344350598586015,1
3695,0.7366329589258869,0.4386943414815219,0.47584894059380045,0
3696,0.701605975635327,0.4926871180976572,5.832650507942987,1
3697,0.48416926456485915,0.6377185758264337,1.6907717361070536,1
3698,0.49533493366707926,0.5836539965014214,2.2470553859030344,1
3699,0.5731385824266468,0.7094306986319556,1.2577692045571789,0
3700,0.5573194646672053,0.6753448598721593,4.5197069535123715,1
3701,0.6222097813323788,0.32632355629545945,6.099704327515913,0
3702,0.7186179551476953,0.5164938576559445,0.1476565483324745,0
3703,0.6682925078740101,0.62699849812488,3.762750806219053,1
3704,0.28570738072472174,0.5552625624826816,3.9199887012695065,0
3705,0.4046293498456111,0.4546329828849241,0.706471034093542,1
3706,0.5120329714747379,0.3500220278835723,0.05775085007427361,1
3707,0.5763018577723849,0.6521204202561061,2.7177331377210536,1
3708,0.5931751696808943,0.3608381486142989,1.529405581980771,1
3709,0.5251735509976669,0.46761592425505205,3.3635398352340844,1
3710,0.5369246339561469,0.4503194745306666,0.3971807442819893,1
3711,0.39533243313012945,0.6885516068089446,6.226336448998332,1
3712,0.311158527389092,0.5114341480564228,4.274118676379736,1
3713,0.4899348749189353,0.4107690116284514,0.3036381897775392,1
3714,0.5215441244744391,0.48482088547024155,0.054729240229224096,1
3715,0.5475491296446918,0.6873367192835418,4.5691232823219154,1
3716,0.42750660006659635,0.41986490115961156,6.152590663068728,1
3717,0.32930308337517655,0.5478723806378698,2.061228660232159,1
3718,0.2773960850323649,0.503121603702113,1.9311336947055513,1
3719,0.3062788143979946,0.34104819507079326,5.027246850346841,0
3720,0.5188488052677591,0.32027251324763206,5.764948695812814,1
3721,0.34898453883770464,0.5029825797685515,5.854722727374203,1
3722,0.49779045329311544,0.25842327293549167,2.8609571100035818,1
3723,0.32682350557240203,0.6047203414628193,3.182192024890146,1
3724,0.6459341786688747,0.6658054181035421,6.249661531947525,1
3725,0.5817642165508401,0.6956301053193152,2.788189316229159,1
3726,0.4887840202430271,0.8557632178057732,3.221056247306859,0
3727,0.3538836298835524,0.6862720345370955,4.05196443631434,1
3728,0.3870612125594439,0.19476932678678782,1.073277151256619,1
3729,0.37953827991240935,0.35744565483075036,5.83968173258965,1
3730,0.41547903068201486,0.2904434302397462,3.4178714481793198,0
3731,0.4728221470791903,0.7142759909583236,2.1258679770927436,0
3732,0.2889030786494175,0.5252822798891306,1.0123967475183735,1
3733,0.5831002053928152,0.3018253484394933,6.1258533399635455,1
3734,0.40104567371226246,0.31045902461852404,5.6321895794259085,1
3735,0.3034901634532689,0.5368319670534794,0.1963813593893133,1
3736,0.3813906185854856,0.42772006226903014,5.574799836064803,1
3737,0.40475076667276005,0.6531743879215675,5.326535947154757,1
3738,0.2567718707718292,0.4405915866782936,1.7543302189857881,1
3739,0.5008419106609886,0.70388740596246,2.502414311898429,1
3740,0.07556553606725339,0.8617034712442422,5.012680301328088,0
3741,0.286163623834772,0.5046339341946773,4.413763742540645,1
3742,0.49123286166516683,0.6940944576816435,0.7576207932045652,1
3743,0.33469492247159466,0.45281035373641215,3.7537876688153706,0
3744,0.5250018075316137,0.2769459899310348,4.989551665020947,0
3745,0.4673049001726162,0.3431453812484112,0.5057209474749962,1
3746,0.3952513934341312,0.7040045312610289,3.2230968487578053,1
3747,0.4171681265572413,0.2987849695118039,4.6821628841673855,0
3748,0.7305086833015021,0.3994034748686955,5.797577200462276,0
3749,0.6994972298238351,0.5380362179295082,2.8348439826771656,1
3750,0.574892599239063,0.6568460116054297,1.822615110268399,1
3751,0.7016716729104009,0.6102162711172477,5.2971010930403635,1
3752,0.523362119136452,0.5359753864992174,0.8168167061735442,1
3753,0.3230163005207079,0.6322871812601731,1.9665089506891191,0
3754,0.27832552746753764,0.4919349306834174,1.1084630152502326,1
3755,0.2732663071953946,0.43540027004906684,2.490788035579325,0
3756,0.39602755819232793,0.44411949407253476,3.471899012992299,1
3757,0.4834539762333151,0.28288893577365537,4.747427466555512,0
3758,0.4808036340777321,0.6771724624371156,5.867951766130066,1
3759,0.533330130424014,0.7286851706751142,3.2247984455300456,1
3760,0.3755675419777152,0.45802712404514023,2.007679130665056,1
3761,0.6862357131219504,0.529113926876424,0.9955116215620768,1
3762,0.27939422744378956,0.4664967786353952,2.75316073935895,0
3763,0.5980464213698885,0.28707161904383616,0.6772210527214644,1
3764,0.5909365128165414,0.6968392251766308,2.885880889091807,1
3765,0.2951296190417861,0.6207978252417145,1.5116748470058725,0
3766,0.29455170915307605,0.5065393575624922,2.2669903807070546,0
3767,0.9108009997708294,0.11740430798792291,3.0282635205942694,0
3768,0.8966623860167968,0.7943057611576573,4.163916856659285,1
3769,0.3227706033163848,0.5611834710311367,1.1784117671321697,1
3770,0.05560745633044654,0.08280312171873101,0.5224806310429259,0
3771,0.32391041880310656,0.37332243659565195,4.170582953779133,0
3772,0.5747618723073846,0.332097981652292,3.867278106339406,1
3773,0.367287242380372,0.5741224758628687,3.839740739020172,1
3774,0.4255362044048562,0.2682969052980636,3.740909918365741,0
3775,0.6234312491939138,0.540621878863463,1.0406272029517623,1
3776,0.5437981652750168,0.3036670676601838,4.360707218377801,1
3777,0.11663374354904761,0.91910828499819,6.084206285889362,0
3778,0.6021351012046536,0.5628642105378397,2.796282910649033,1
3779,0.41714533034191204,0.27245739812784353,3.590034421494952,0
3780,0.5365940610339471,0.7137180286004343,3.75637535980589,1
3781,0.31529487876750834,0.5056928404539287,2.74561076520869,1
3782,0.447458226088422,0.44319563036705284,3.783755330154906,1
3783,0.4816135135950685,0.22710707075094697,3.0250620647392674,1
3784,0.9453556318849439,0.9373785337609553,0.5245594695590313,0
3785,0.407017688726208,0.4910773885100906,6.0237725222806455,1
3786,0.5167746566483119,0.7053419749497004,1.0180904649190927,0
3787,0.46699520663681693,0.31177649313073125,1.7628384821356649,1
3788,0.49048741036839894,0.7430586993338144,3.520636142003883,1
3789,0.7181763063399412,0.5162149550880758,5.899045170780174,1
3790,0.5577159767846831,0.353748588833899,0.9763397456996935,1
3791,0.6426904767786796,0.3401888905874955,4.634893449036402,1
3792,0.5692894945189334,0.4433880279597488,1.6063424320267492,1
3793,0.3642245106925305,0.5937879253779973,0.8078832611916658,1
3794,0.6960486127135919,0.35991040340896024,5.743035159147062,0
3795,0.722360704396415,0.6082628752218112,6.091355458194365,0
3796,0.7282653537698927,0.4695340670424326,4.798209978174943,1
3797,0.6245210549421509,0.6666343219169668,2.3661500959926123,1
3798,0.5351971265303923,0.386200760432033,5.888842906847934,1
3799,0.27753139866964616,0.46136733246831046,3.6551498026279168,0
3800,0.34949890286655877,0.6598533637737525,1.366061263231007,1
3801,0.5340533755428553,0.5394386063963091,4.602841831457593,1
3802,0.3361724479221139,0.3529195950743555,0.1740354370438248,1
3803,0.3968409430473942,0.2795328112130521,3.3766447551701706,0
3804,0.5044741026466175,0.6540101908701161,2.772296779895648,1
3805,0.31886062910957674,0.6306401848159632,3.8727343435064787,1
3806,0.37765118961058775,0.6904795627263745,2.0050065430500275,0
3807,0.42181050614873217,0.5656453708151119,2.770552343419381,1
3808,0.49741898684978625,0.5090211125606382,2.339205023341816,1
3809,0.6188957380714412,0.6336959410524821,0.08777131599855226,1
3810,0.3083364517377937,0.4343319786149729,5.424807477850114,1
3811,0.6997144177396686,0.39257094812578863,6.029155771047758,0
3812,0.48318137676847994,0.42548948231416195,1.846145404565606,1
3813,0.36766375667223544,0.657142428182629,4.206943122449528,1
3814,0.6699072631045646,0.6189862511233628,0.1893566290690758,0
3815,0.6964856744248377,0.523643407016743,4.8775602165409415,1
3816,0.31171910619362087,0.6376929732949723,2.48384770388565,0
3817,0.4190604214198888,0.7334006853248105,1.2465648129463802,0
3818,0.28843476809227814,0.5372639001476227,3.6695310884163006,0
3819,0.6745842836753699,0.47405998643407554,5.425704037402816,1
3820,0.4660532060289081,0.2741679498547961,3.5573971476561126,0
3821,0.5439128578271709,0.7162789557440383,2.0705342324206106,0
3822,0.7284897504350623,0.5194999937478092,0.15381947255907938,0
3823,0.6113235904958357,0.354203210847415,5.904635622373883,1
3824,0.6445752942944741,0.5445932762703164,0.6444055602734363,1
3825,0.3219017979596964,0.6185601393870743,3.2374839360124343,1
3826,0.49549065219420185,0.6160513794125819,1.9469088751754982,1
3827,0.3022145126183395,0.551809423909725,3.7431296590479595,0
3828,0.6777991945526761,0.3260042899262135,5.798134668318119,0
3829,0.5705312286760569,0.2958928806830308,5.5854294395450905,0
3830,0.36870973371677385,0.5550410248015183,2.249524114956536,1
3831,0.39816489957414125,0.6435976149868534,6.0613530850900394,1
3832,0.532803126948697,0.2678474478101051,4.610660746643454,0
3833,0.27294433920804195,0.49183632268956085,3.278569169935053,0
3834,0.6207294456102099,0.5896990144707475,5.081259557134031,1
3835,0.3639008596918937,0.3063319922707629,4.797428539863341,0
3836,0.44116974549062493,0.3568614004672169,1.6524760704510695,1
3837,0.45958468056660856,0.41995255892483563,4.471393536630006,1
3838,0.45753198910941656,0.4593938278627541,4.459540953999155,1
3839,0.3677630588591779,0.35224232296707575,3.4904304369383174,0
3840,0.45347643793450954,0.537200823566787,5.617761694080456,1
3841,0.3922071287350417,0.6849301259458521,1.0623166542063318,1
3842,0.5886699155404562,0.2731200747326552,0.6535156659626282,1
3843,0.30593710105289296,0.38841572211647335,2.3144694123407716,1
3844,0.5698343159398694,0.43136022712081895,2.908593920947974,1
3845,0.6997774085847798,0.5745798558431479,1.0254501872552337,0
3846,0.5072229754706253,0.7208719120245163,2.5313381319504273,1
3847,0.302489672474433,0.6686258206353919,3.441848310445614,0
3848,0.6402861341148808,0.3509149970760046,0.7012544501601166,1
3849,0.28631796060264986,0.602731991455025,1.1911835380650737,1
3850,0.7458834441020016,0.01788169190093075,1.092975963397,0
3851,0.6971662018637533,0.5362860826719081,4.8139292717360735,1
3852,0.6210265302277076,0.7007109839072144,0.4433718580730893,0
3853,0.2913451583904194,0.44053814993810814,3.5954790544463986,0
3854,0.32677911931079745,0.3970303852255102,3.940898678393807,0
3855,0.5665731922474218,0.33770323498012544,3.6437266836065167,1
3856,0.6896433874256617,0.6303035531560598,5.065992907345831,1
3857,0.1276833781510321,0.9881609889047881,1.766649275178839,0
3858,0.3183886565055475,0.5698288459918174,2.0582209216563276,0
3859,0.735067296262503,0.5412352146101324,4.366403079850432,1
3860,0.5557328717123263,0.6775992037654007,4.894101372970396,1
3861,0.6380188647482047,0.6210933420560592,0.17617809257727096,1
3862,0.35042914181508605,0.5922798346763369,4.543607784987666,1
3863,0.6243732978151736,0.4482251460681285,3.5425517551914534,1
3864,0.735935378685296,0.48949331999427265,0.8974691926805779,1
3865,0.7129788730454808,0.34651359084633276,3.5792554594206596,1
3866,0.28476534401281794,0.4027158523450647,2.3653526902848494,0
3867,0.3054674529126736,0.5225215063338905,3.49596565535795,0
3868,0.5628318612844063,0.47158322365600214,1.4330457387303146,1
3869,0.397801633907087,0.3726728834276394,4.136819512381575,1
3870,0.47477304726841324,0.2883913586933725,5.016163227094835,0
3871,0.6819572920194927,0.6166183736160411,0.9050701561927594,0
3872,0.49885343801694054,0.5280865205903174,4.692045838716987,1
3873,0.5189426123808638,0.6438809664005356,4.0521866955350045,1
3874,0.6209714030322947,0.6793441840082749,2.599370779084573,1
3875,0.39950970800838176,0.7018538302577929,2.0923924305872723,0
3876,0.4338783606568901,0.5137195022010729,0.9244378000832831,1
3877,0.5987590372607177,0.2926535289690426,0.18573807217117347,1
3878,0.2924754601886342,0.3498124940947224,3.780747684544868,0
3879,0.07107685679823512,0.9452493901187103,5.355014699324503,0
3880,0.6512437025721919,0.4075622456615665,1.2374200580244015,1
3881,0.4911245548103556,0.4157551319785256,5.119968751265552,1
3882,0.483566767698955,0.6160846089277645,4.201533940078118,1
3883,0.5967197989353448,0.6464295108709255,4.712999853169249,1
3884,0.40578131929769334,0.3444666708789216,5.06733720044426,1
3885,0.5459815923409483,0.7153135560893945,2.355248305143623,1
3886,0.33826788215226783,0.32055797921624685,2.1493177579728724,1
3887,0.6881684629760563,0.6445571697778759,1.2703155080973791,0
3888,0.6906897353555458,0.4621099540368785,3.5328684991623045,1
3889,0.5912478050252844,0.2814145786538093,3.3274172721137916,1
3890,0.5856562516169465,0.621383399341147,3.306664987921299,1
3891,0.35774661439817157,0.3394763291353968,5.058633446872862,1
3892,0.5127226137188209,0.7369527208548207,2.971080185395345,1
3893,0.2964432469785811,0.5609465960268261,1.1453496303043031,1
3894,0.07771002445713963,0.977567201994836,6.253425289452929,0
3895,0.347912395042631,0.3842915283212336,2.4672989010208393,1
3896,0.9423038613971922,0.01769537522277114,4.109389364790335,0
3897,0.4954721559256588,0.46015726548878444,3.2618024984727874,1
3898,0.7031939987340698,0.6219330510869776,6.103039286969119,0
3899,0.4107744071393796,0.4939394503698619,2.706376259571228,1
3900,0.5624475090309963,0.40252467202150133,0.5454106174034068,1
3901,0.5911456628558797,0.5082746052609541,1.7019415330906738,1
3902,0.08966278241636942,0.004664329799791082,1.3508625905475138,0
3903,0.47774178793582184,0.7110933609246823,1.3659658532334809,0
3904,0.36120592297963666,0.6340380788590555,3.7252751044358585,1
3905,0.7008661887237538,0.4440254969700591,0.3524157241572513,1
3906,0.5066445293335156,0.291224114957741,4.451493733989827,0
3907,0.7162346680659091,0.534198725016787,0.5112969514276426,0
3908,0.6158280502486434,0.687115867597607,1.1614193714927132,0
3909,0.336160124169672,0.5828857817444434,2.2810816843215846,0
3910,0.4804364093893466,0.34003292831082754,0.09203840739542643,1
3911,0.3086733803180699,0.5430004953226694,0.4541513579265934,1
3912,0.6825512057998532,0.610947946816731,1.1037629496360037,0
3913,0.7342338823215779,0.3963918734366619,0.20753316842376263,0
3914,0.5015080631002999,0.432387771588442,0.1753644556032765,1
3915,0.5029677207161484,0.6787463884550957,6.185578652815372,1
3916,0.6800084826575866,0.48578050722502286,2.573294221588063,1
3917,0.3469169129896066,0.6630186821766887,1.8079595045214836,0
3918,0.5906392352055051,0.42148588550740396,3.20956293004465,1
3919,0.3971583783817752,0.6762625934490628,2.98532181542879,1
3920,0.38135032448342376,0.402765392353411,3.6719879639296544,1
3921,0.6353118042843499,0.6544906499284996,0.07360033071315203,0
3922,0.2786773754204923,0.4580372822136789,1.9178501845139362,1
3923,0.5194242082926448,0.26575508586494095,0.004276006935186025,1
3924,0.04558621719214115,0.014448633522849298,4.78271825027918,0
3925,0.6690414313394427,0.43882883916190923,2.8709082405921538,1
3926,0.35548622990441126,0.3634182382870392,4.330265830735747,1
3927,0.5527588411101577,0.28481693688074705,5.704903794878135,1
3928,0.39484105487361215,0.5341276260229445,1.147035728715588,1
3929,0.37437774393650597,0.34201453438911794,4.728181775801403,1
3930,0.5129516787775961,0.27878973454769157,4.597345594401702,0
3931,0.6413322382874764,0.33815046655622605,4.206268655258691,1
3932,0.3551489930112555,0.6304224998366206,1.587775397124359,0
3933,0.7642795195876916,0.5213088876535598,1.2580012076484444,0
3934,0.5909929331173889,0.5679206875896397,2.1747120826490747,1
3935,0.6849919195098809,0.589827356518907,2.4146138407696807,1
3936,0.33812346521111986,0.5181790425555638,6.165657805139498,1
3937,0.45354574878886256,0.6016047678552365,2.7604090748600254,1
3938,0.341413362380648,0.3359859420703476,5.151594736963501,1
3939,0.6049100127506362,0.3254367600562924,2.345146129393455,1
3940,0.290977341928864,0.41349568000226683,4.939604279021611,1
3941,0.7017085693475485,0.477674231818527,4.280357132984318,1
3942,0.39175948171347325,0.3896130497511154,0.5417143672273839,1
3943,0.5808582592195684,0.7217487517729894,0.6986580260800148,0
3944,0.7202963391420639,0.5744762641187219,0.5550476767442113,0
3945,0.6446195245913219,0.5636177645258003,1.1900418056409805,1
3946,0.610128137904357,0.3753173058315341,5.062749243819045,1
3947,0.4935170011383369,0.2427625318934965,2.60146085492069,1
3948,0.4947342282363756,0.4554459895741184,2.4932860785181883,1
3949,0.519477966919794,0.414048955837442,0.9802342371582459,1
3950,0.7039893098656453,0.5645612713399459,6.131950893476706,0
3951,0.6074389439843303,0.4893646081074325,1.6594053030679004,1
3952,0.7359007213641906,0.4622420682679939,5.571689691818619,0
3953,0.49289229907878157,0.5985866957875301,5.281008300181971,1
3954,0.33455419213809495,0.5007532383142868,1.449252478608315,1
3955,0.5877596178338219,0.618366049107794,2.766890629617177,1
3956,0.2813379023325011,0.4586360265130926,5.17769509591435,1
3957,0.652720316954876,0.4062212389001997,3.432791218873737,1
3958,0.7304125943458764,0.5547585585918376,1.4615211722633523,1
3959,0.11057933264731386,0.26463801294821254,1.0440948792066154,1
3960,0.45430282853374065,0.5400124228989809,6.148365012482307,1
3961,0.5004288513750107,0.7242284754082643,0.9862932237784195,0
3962,0.5148023418060746,0.4729416434989058,0.5894748494402818,1
3963,0.47805652856853614,0.46906272151998724,5.279583915731588,1
3964,0.5866974916273653,0.6611690212454234,2.4486437724109575,1
3965,0.6172754259153161,0.35919512719124636,1.6764418908211596,1
3966,0.3479912938055307,0.38991253682124793,5.188464352544562,1
3967,0.5638155344338763,0.6584514169433355,4.527969575549833,1
3968,0.33739796582441567,0.33461668535308103,5.763678742351904,1
3969,0.39976812876753876,0.26272177977592964,2.682161426942374,1
3970,0.5405902239520091,0.44218350498302283,4.058137039994791,1
3971,0.49701902991409613,0.7147839977081256,5.566057440375616,1
3972,0.5138330363368584,0.6261614290195112,4.404429691783348,1
3973,0.6392978938082761,0.4298845965231466,1.9326633433920557,1
3974,0.6671904009931335,0.3874150849446193,5.132579424054075,1
3975,0.2742923591997638,0.5028332312873243,1.6882007935002319,1
3976,0.574065378752454,0.4224688520566254,2.7490728867311462,1
3977,0.497960444449462,0.26261171996760696,4.23445628031684,0
3978,0.5449046816731816,0.27362295069056836,5.119186815737378,0
3979,0.5766909450285522,0.6879443248925949,1.3006679134819203,0
3980,0.512546933860429,0.25287774144133174,4.282522744280425,0
3981,0.2983030869034825,0.4991704053362341,2.139004392009977,1
3982,0.26000471958811044,0.4464095036205879,6.099449042798638,1
3983,0.6122517597740096,0.6215696797173886,3.361919307665523,1
3984,0.34907177993370386,0.37797589837645595,0.19717071813229958,1
3985,0.3706175863464811,0.317729531165478,2.8192666111090072,1
3986,0.6589530484157287,0.5155868052252381,4.35651134501687,1
3987,0.6334428745488426,0.7298171900394205,1.6865433827074168,0
3988,0.5707802192649121,0.43811215513640994,3.4993088357310524,1
3989,0.46083732129447025,0.6517907823556992,5.945822770310701,1
3990,0.4312843842326633,0.670023939981741,1.7300238380310373,0
3991,0.5255068383583559,0.35368937311269893,1.475732599526627,1
3992,0.998939250843772,0.8318345937700361,4.270433247398658,0
3993,0.4263420284082616,0.16254521813404738,3.4335107534627687,0
3994,0.721097950292646,0.48660727747005705,5.525577534462347,0
3995,0.6956471091339304,0.5681935682855076,0.8214686418580394,0
3996,0.3718120639338096,0.2768547927398933,2.993693466324342,0
3997,0.7089374980523452,0.5385438264506767,3.1047330912945115,1
3998,0.7195766636055206,0.587896269585679,2.4129183893218222,1
3999,0.5395618635389982,0.3357177576230366,1.905423578005682,1
4000,0.4289391331352582,0.6994968292606163,3.8678909185604238,1
4001,0.44425816405118473,0.6934140387194114,2.4127441539194856,0
4002,0.32127790109369936,0.5315760444796651,5.182458740410526,1
4003,0.7880851140815338,0.5029295983278829,1.9063266284167566,1
4004,0.734798101408069,0.5749127738215808,4.607352941403754,1
4005,0.4864034695560191,0.5193051840236856,2.2345700472695857,1
4006,0.9458592477268783,0.1073290214347766,1.4449454599702864,0
4007,0.32244643047269844,0.6105826351989826,4.853677183465394,1
4008,0.6673259417078345,0.6057407407238888,6.192283209463445,1
4009,0.7625170004612986,0.4879793963226097,2.6105783466826673,1
4010,0.5895213209278921,0.4231714279675837,4.888102934478251,1
4011,0.4909166925226951,0.5343921465210323,3.131863394472902,1
4012,0.0012544758763919583,0.10054585372114885,2.352527122717032,0
4013,0.6231949331040773,0.33452267256306806,5.679564611025121,0
4014,0.617078804197097,0.4921241127213067,0.7793795399011769,1
4015,0.5977230896264696,0.7091495814557182,5.343435041163077,1
4016,0.48358190494622666,0.6766510707958588,5.600912407769826,1
4017,0.4974861886527182,0.26680086304934564,5.393252133642157,0
4018,0.4312736046785528,0.4150972686369674,0.9345769647401446,1
4019,0.5080739968478862,0.7244671636904702,1.1736004652776793,0
4020,0.7122532201685874,0.4140313163898356,0.4883432637558891,0
4021,0.7081739620752556,0.4007313246560929,6.168499267288857,0
4022,0.604437685944901,0.33593932078421307,4.910350437848429,0
4023,0.5608546053497921,0.3749505979817866,5.715669634879937,1
4024,0.5977558729029138,0.6652541121569001,3.1495499112539243,1
4025,0.46956983241851147,0.255347743081376,3.5855329064958887,0
4026,0.4140137679081547,0.39033567864010826,1.4496685698421237,1
4027,0.5487698404608266,0.5681700183159111,2.9251632123414737,1
4028,0.6661715965980681,0.6512167142314169,0.5697608917411943,0
4029,0.3823131503420798,0.5574366384189011,5.466417437721103,1
4030,0.7520956631405127,0.5302025088841135,0.2376432305833381,0
4031,0.34561082130734105,0.6574980112855293,4.36265485858218,1
4032,0.9755863608469153,0.9632775523430206,3.022571961950264,0
4033,0.4758265029862899,0.54573696579934,0.17551797765388877,1
4034,0.5548324445970398,0.626847636506659,5.990398441651557,1
4035,0.7009266231140026,0.6306338260205739,1.5648945059136965,0
4036,0.297646536731624,0.42341824504041603,2.984961426919573,0
4037,0.5015967368922569,0.5004373932932846,3.224561408664446,1
4038,0.40946834791993075,0.6538429231118431,0.600662306301975,1
4039,0.5286493932068386,0.28887667379472187,5.25522156319639,0
4040,0.48860314882729133,0.3595710142346323,3.0042541258941022,1
4041,0.626581388888854,0.6804849771076813,4.8983809745303635,1
4042,0.6103232900533156,0.2723903183046919,4.207232953416324,0
4043,0.3870453241653514,0.4276896687320044,6.167707313603635,1
4044,0.2777784154603528,0.4819733896576711,3.912135508201042,0
4045,0.8915946771494639,0.05028136065786161,3.003176769269432,0
4046,0.31051801488818204,0.4540069734639166,5.1857206730788965,1
4047,0.6227764931779195,0.5881041471344696,3.5416263680948026,1
4048,0.6736941522797841,0.5821206835677057,5.4385548414018885,1
4049,0.276859523742566,0.5371961033245125,2.2042057492445535,0
4050,0.3081251330394399,0.36023393357840844,2.507377101949096,0
4051,0.5177868891883127,0.28602712087942744,2.3133943251168865,1
4052,0.03599761285966322,0.9256228322794864,1.4310576855976824,0
4053,0.508947747151534,0.4386701984313162,0.9648781008640511,1
4054,0.5605113338252177,0.6819075751327351,0.490336285331561,1
4055,0.6769927108462034,0.4716856906299548,0.8476715753617712,1
4056,0.4100269141941631,0.6641436626305585,2.741683019528441,1
4057,0.42724884130085555,0.36192857769011305,5.598986445948711,1
4058,0.5692213539036559,0.26753462846123083,4.350416257979737,0
4059,0.4176280394026154,0.6313833504343551,1.1551364379626872,1
4060,0.6737461054473619,0.4613078436964565,3.8598551959546814,1
4061,0.3935543041755723,0.7009960078240973,2.9912815106352406,0
4062,0.4748692761117372,0.46649818205959576,5.2261199059487575,1
4063,0.6067045907136074,0.7114576778238306,1.5807292808472944,0
4064,0.660557034738095,0.3900386510293739,5.775670127559363,0
4065,0.6097514821552694,0.6887076257937392,2.162500322404606,1
4066,0.572954813631072,0.2898551453832944,5.8483405122824275,1
4067,0.3216390514559038,0.6186988870092285,4.046019141677764,1
4068,0.5191739232865854,0.3994049772318918,5.533664364837154,1
4069,0.661477755464121,0.629966594770142,1.8142725176961951,1
4070,0.4917182127471799,0.48003319076859396,5.12773416828989,1
4071,0.38595312770828094,0.5985749471214549,0.7695733581402054,1
4072,0.5003183323290424,0.7378236274570272,2.1281052865888563,0
4073,0.1734503494718047,0.4987827821805215,3.7849086237669325,0
4074,0.5838742438885776,0.6153942635460858,5.675269616957597,1
4075,0.05150758677863342,0.18652065894990583,1.9095425085735684,0
4076,0.603380030617681,0.5597029755731477,2.040035667144016,1
4077,0.6924315006503644,0.329009304995291,5.322196522672679,0
4078,0.2934346210949834,0.4337131500999354,4.524190172593965,1
4079,0.35962274412404843,0.6924132100403185,2.8470989519138006,0
4080,0.49678951062963794,0.45945645749649805,6.225205693786485,1
4081,0.5371962349358576,0.2427992165353729,4.1076880631998,0
4082,0.44842475337017845,0.6137853214356184,1.3854137510548594,1
4083,0.6750480463046676,0.6263513004684911,0.6185581010697636,0
4084,0.28100253487619853,0.39846675733979153,3.4967103080725144,0
4085,0.36917670961134047,0.43465549430873646,2.929094165748003,1
4086,0.649469363522049,0.670596771871095,4.903492933238672,1
4087,0.3258024435701179,0.700251417995408,1.0676403111986017,0
4088,0.8878444737416897,0.08793942468736095,4.203252673766075,0
4089,0.3463753822311946,0.5399510250423727,4.688885877548746,1
4090,0.46502647155789545,0.6326119995318559,4.637238210572344,1
4091,0.5912825961687478,0.2993398551425285,4.5385003835442985,0
4092,0.5066049254936806,0.48048862516723034,4.816748776313643,1
4093,0.3455129979595258,0.5029322137679717,4.880558641708997,1
4094,0.46411426152389534,0.3772449685352744,5.890547782611607,1
4095,0.6059903475121394,0.27613297182874874,4.025760675117698,0
4096,0.9384941914673627,0.8576819966732343,1.0732522483597124,0
4097,0.5058419564614962,0.5190016394619869,1.829935212753025,1
4098,0.33872676084397135,0.42929520852597675,5.9010085466536255,1
4099,0.3036456836641155,0.5994851658469975,1.3098495169638344,1
4100,0.5207371476180345,0.6198342384936639,1.1180994134734146,1
4101,0.4593785940327804,0.26794312999103637,0.11395324055425182,1
4102,0.7271047678057182,0.4294470399972411,3.5951245710897357,1
4103,0.7325690433551492,0.2840177797812063,4.50787254730691,0
4104,0.44678126347007213,0.29483212318287483,4.276503197613165,0
4105,0.47821680559068114,0.510393141017514,6.278010520288269,1
4106,0.3609841455189272,0.5385539189980814,3.7152935431751692,1
4107,0.6560362760633762,0.6385142634572862,5.925723862244872,1
4108,0.3837183326920297,0.29683865401402576,3.3430989969307094,0
4109,0.5293268720106209,0.481104629039776,1.4469210171915174,1
4110,0.7618974202436206,0.23145073822722764,3.8883994332471037,0
4111,0.5190071903016651,0.5829735977425468,4.295716919918735,1
4112,0.4649742886163968,0.6853266454328195,1.3955613240264955,0
4113,0.023841838842642567,0.8558315895081758,5.407354295791709,0
4114,0.32066501266417974,0.35399010766009315,3.279268318629087,0
4115,0.6361662095868459,0.5394056890888527,2.360594132390693,1
4116,0.3411044265251348,0.3198454540604974,3.93795492992896,0
4117,0.3369667426179925,0.3607562948651683,3.127430732339493,0
4118,0.6716254043350298,0.6462462391279729,0.3001519893978522,0
4119,0.39922364200111427,0.5599540094404237,4.605768836120555,1
4120,0.26121438982167733,0.4175532001985763,2.185988378542885,0
4121,0.504366228878436,0.5911973251098204,0.9619092293125782,1
4122,0.45614065359796674,0.26958479139104363,6.174464867232815,1
4123,0.3253523427029591,0.3625685539073632,2.675212530777532,1
4124,0.47452574606003656,0.4399805990572729,3.1385987893910405,1
4125,0.26894805140390765,0.3809114484988047,3.0139158918592734,0
4126,0.532457127686257,0.5383380466447272,1.9274523756530422,1
4127,0.3696831646464385,0.33148711039087114,4.30660238706814,0
4128,0.4393101268333859,0.4820498136548877,2.364468277353536,1
4129,0.7085197362912281,0.5242404341858847,1.586174035676033,1
4130,0.442083987609123,0.5670461441426616,4.144151269038604,1
4131,0.2976435127466974,0.5934929403729268,4.51969783495898,1
4132,0.9915996130750783,0.008735606841219087,6.136515488249114,0
4133,0.6184542950491325,0.7051672851458433,1.8861624872128147,0
4134,0.40732338324397793,0.5196858677374072,3.790645521505621,1
4135,0.26469466853917956,0.27608941723823777,3.5656098472514235,0
4136,0.9222665013091719,0.010253169077941363,0.44752338678701653,0
4137,0.58697619815589,0.7134402357823926,0.6944754255706744,0
4138,0.6565387218904903,0.3838835016000137,5.232760059408305,0
4139,0.49876535506996705,0.2971095881743714,4.467688248431462,0
4140,0.44966225582639546,0.5685439215383273,2.4454003821659844,1
4141,0.5036497799519032,0.6977943874019583,0.7206808119769944,1
4142,0.6949738732351793,0.3537575032815465,1.1126810897398722,1
4143,0.3470086697002071,0.6793834135660277,3.514841760788816,1
4144,0.5484509607219602,0.26222685270652174,0.45936030165518416,1
4145,0.6658335280712554,0.6006901320693402,2.049588134251623,1
4146,0.34631982624253893,0.5334235663328508,5.064113218395663,1
4147,0.6344833718368846,0.5746644773082167,6.245226248093408,1
4148,0.4441189606264585,0.40900112507201153,2.0779137637262166,1
4149,0.680384737111996,0.30900995338489246,4.110998858536329,0
4150,0.4517865467358188,0.49155184708533545,2.5831308046362618,1
4151,0.310057074131996,0.38828815494094227,1.7741780420943434,1
4152,0.17398868840879655,0.9971953260873953,2.088417660771569,0
4153,0.8092282884593148,0.603032137074147,1.3424486204818067,0
4154,0.7418229469103523,0.5709325263714772,5.845228396334069,0
4155,0.004700528405233768,0.984123025008312,0.24521172320504542,0
4156,0.013099169957300925,0.9045517499917759,5.128857141283559,0
4157,0.40906767085623524,0.38721020625468616,4.656835514419397,1
4158,0.6979980595086358,0.5749486066002483,0.8406121645671469,0
4159,0.41823725854987376,0.313161416393115,0.3586359547675108,1
4160,0.953288624938977,0.9454006779256723,1.9025117016408322,0
4161,0.4003431807680087,0.7029569965737902,1.4167450996810094,0
4162,0.5535970179674984,0.4581873917066787,5.865435481449442,1
4163,0.5105518557401888,0.40987158739910745,4.851841085250968,1
4164,0.6154123454787691,0.5902012767515866,2.204037996784418,1
4165,0.3323082645045158,0.6323726479806864,2.4074343787975634,0
4166,0.6755893186284415,0.5316802139272098,2.5248723145654335,1
4167,0.6864822450921255,0.4731913343329974,3.880726568008739,1
4168,0.4594488947473751,0.6858603964806457,0.4451139427575549,1
4169,0.6611172058424791,0.5510428076587461,3.434892745323238,1
4170,0.34199371609712836,0.5049539913659521,0.3190884819130496,1
4171,0.33980138412212213,0.3290937361604756,4.726710015179995,0
4172,0.34823523451234384,0.31186634491555243,5.0879108503922925,0
4173,0.27426989976503613,0.5012849920458459,1.5986862547175391,1
4174,0.5036975001715334,0.32845179453254086,4.302958500904859,1
4175,0.5937496873892596,0.275664539271186,3.616665991758324,1
4176,0.7925497851688238,0.5783225806988752,1.3951385615100707,0
4177,0.7427701288039794,0.5113958081796411,5.702359720362141,0
4178,0.3346796568243093,0.7156526985484404,6.273712878033094,1
4179,0.3626069040375638,0.699484378869279,0.9355228758547143,1
4180,0.898988451593644,0.9791949255008704,0.4067898345918212,0
4181,0.6265752170859842,0.30622672225634034,3.5716739925377183,1
4182,0.4356408421679174,0.2975569289725785,3.144950476338677,1
4183,0.3779712895145693,0.3185459590325274,3.2136035711731283,1
4184,0.39099769910385357,0.3240557446104344,4.428075562478775,0
4185,0.5245814428964403,0.7204685665552353,3.6259460045480383,1
4186,0.7234287752279517,0.3997679861974737,1.7680155715057129,1
4187,0.3849541204299721,0.4899979966143144,1.6566333632064145,1
4188,0.41888946054560455,0.3231233041152677,4.355455643481077,0
4189,0.29293982293575754,0.46501033044400286,1.9939033036226408,1
4190,0.5070354537123415,0.2710836047691004,1.692980472068381,1
4191,0.49028529947396554,0.29121250198636695,0.8244095715473853,1
4192,0.7524896913876695,0.4462598155796963,5.983147737662062,0
4193,0.3186342203283119,0.5651774429380972,0.2991485691519761,1
4194,0.3254266054690006,0.5640984889677249,1.8070586658825527,1
4195,0.3109986820541512,0.5242727846745581,1.2972664931943436,1
4196,0.5694204420900801,0.3263391050560608,0.20128958845938744,1
4197,0.44348073937606564,0.3655028872805705,3.044440465946132,1
4198,0.38299111191452573,0.3587236490857422,1.234348168183827,1
4199,0.7332975260550064,0.4827947872498114,1.6610690740204517,1
4200,0.4686378839067327,0.6750557485947135,2.816224866251807,1
4201,0.6147149062027448,0.32202058934646904,4.028180064902113,1
4202,0.3786750787978649,0.30242605717364474,2.8676893989305,1
4203,0.44453001271851234,0.6404648887239371,1.8329243806698525,1
4204,0.6591084551281211,0.5802167957061374,1.3835794344419248,1
4205,0.365211238074876,0.6709704597884746,2.650673538520178,0
4206,0.9108957217711815,0.9680637966969889,4.783263753374391,0
4207,0.592818536606861,0.5763271358849447,3.5500371057009326,1
4208,0.37629257792875287,0.34123758999198234,4.657131012403645,1
4209,0.3529693005359371,0.6613793292108707,4.430136458254903,1
4210,0.6715803999754473,0.6733801304337298,5.168497703212363,1
4211,0.500164317091814,0.5878496518147548,3.219816301231192,1
4212,0.39712610453546654,0.36734472080174285,3.5669433761199327,1
4213,0.39792604094741507,0.3023081319232695,4.521570142855533,0
4214,0.6658352692558734,0.5567924455613863,1.4391978459847665,1
4215,0.293055591202303,0.5219505997217186,5.193322500402934,1
4216,0.5801439108513944,0.43880026155100693,5.064111367830792,1
4217,0.4010794860277221,0.6786006014887428,1.7936453827381293,0
4218,0.5777084533343532,0.7449803324309341,2.110471427098633,0
4219,0.6259969347886329,0.540647879657356,0.29256955621005265,1
4220,0.3313142731636073,0.32432704554807834,0.4739690407406802,1
4221,0.6508535892038219,0.6740963534083153,3.334858386333111,1
4222,0.7269180388548981,0.5409758610905497,5.911334608301647,0
4223,0.3976721351834699,0.48585489053259334,1.580386603375107,1
4224,0.6234662766803872,0.4248897627013422,1.3898107402863589,1
4225,0.36164460093903117,0.3089054182032613,3.362121561436749,0
4226,0.5476837755053273,0.4337586338562893,4.269507003050536,1
4227,0.3875904827228108,0.5014798257290901,1.6555175895826317,1
4228,0.734061343135781,0.49213259765845224,5.18531104295457,1
4229,0.9482596033990712,0.9481122976597649,1.079486357894184,0
4230,0.34473864335261833,0.616417741817406,0.7392631099036553,1
4231,0.5035065686094136,0.5887800186439505,0.3024845195494956,1
4232,0.7210817452664146,0.5970149839796179,5.249052314837753,1
4233,0.5096879011238065,0.7169309676305653,0.630253315534045,1
4234,0.5177663502840679,0.5585419293819609,2.7032573082345652,1
4235,0.3812157219637379,0.5228248686632325,3.7154208983375088,1
4236,0.5825230892633819,0.4356880747161768,0.7425134641328155,1
4237,0.2718825662553968,0.49258494297714717,3.487847450891638,0
4238,0.24795853115391692,0.43100728689011,3.369577752680738,0
4239,0.34258767441616744,0.4534029342713138,4.331730111454804,1
4240,0.42527399133734706,0.6279062377905229,1.9663709063442798,1
4241,0.6561415320415969,0.4677308111907064,0.41377970735945874,1
4242,0.44421229264993584,0.7605966653159841,5.015208356755152,1
4243,0.7129899126195253,0.6046517487458392,1.691712658018897,1
4244,0.9966162161613559,0.09368878002712425,6.161650624854489,0
4245,0.6751874885565057,0.6511992541006977,3.036449597495228,1
4246,0.30044884370155306,0.6355625674254658,1.7859183354301635,0
4247,0.2627358191890984,0.4343792528197521,4.607024306970607,0
4248,0.599510963546141,0.2936680403481052,4.009591904163759,1
4249,0.6344079510544043,0.5479696406061924,4.087743970204497,1
4250,0.8369768422064403,0.024742843791664876,1.4504983034514298,0
4251,0.718535901190576,0.5174093374928413,0.32479210030221906,0
4252,0.4351209867820243,0.2715989313080186,5.131722385377679,0
4253,0.47703303689959614,0.5020094224214224,5.774774594324815,1
4254,0.3192246812077183,0.6225959925138145,1.2170778633634003,1
4255,0.4435557459195072,0.3870330253082477,4.540354037530652,1
4256,0.42055279199414186,0.5915293741710156,1.9528125966190244,1
4257,0.7228443011942582,0.3703148224276689,0.12819774847778004,0
4258,0.6027695984815373,0.266985530550021,3.9438127804419616,0
4259,0.2593345154532712,0.4381498199609868,1.6052439059065,1
4260,0.4348726105296021,0.4843153194361972,2.7554257625793808,1
4261,0.43354414462001756,0.27794362391921396,4.7981969273152245,0
4262,0.6395048660984091,0.6187800735148251,5.468859733376323,1
4263,0.43378974138024357,0.5527342909004026,4.614659367470501,1
4264,0.4090280460245505,0.6232744150035855,1.9014585074827686,1
4265,0.29122383816275427,0.6476236327549644,2.1201352390161956,0
4266,0.35872460755553337,0.6836826734872247,2.130910947450459,0
4267,0.4746840754826828,0.7083056504253323,2.4587871067424647,0
4268,0.5857202729882384,0.6383236583151846,1.1204818167583535,1
4269,0.4069994355300053,0.42321743913008003,1.6789216365709498,1
4270,0.4937333928850919,0.2771834726278241,4.1461234003614065,0
4271,0.4099512541005106,0.2600162501556779,1.7421129447880586,1
4272,0.650404031481755,0.5526568938377575,1.3029857291890825,1
4273,0.4996087954830829,0.32884048981543235,3.6949322700984375,1
4274,0.03389136617174398,0.9751613632187262,1.1781267540826448,0
4275,0.43743594069385844,0.6260296242687078,0.16443513616503855,1
4276,0.056735602657059715,0.9802801335670512,4.183157394529162,0
4277,0.33672013210658625,0.6354401658729968,5.619983497430855,1
4278,0.5662503569507764,0.2873409233126962,4.377357700115954,0
4279,0.6261421396772829,0.6767434436388206,0.19307395378915457,0
4280,0.4803945884043623,0.7348707296692862,3.7150767443035178,1
4281,0.026572098389507894,0.07713861279485133,1.8325477331750997,0
4282,0.7441368766929177,0.5033257982827577,5.283425864537162,0
4283,0.7128919231683704,0.5810966797939282,5.779570572964166,0
4284,0.5040650036881175,0.48077798526891175,2.6522142250377487,1
4285,0.6594712377450707,0.5850472689419913,5.87672470128184,1
4286,0.5687221546278463,0.4606554815345652,1.059678219466361,1
4287,0.4539326747720009,0.38136564237705955,6.135161555882261,1
4288,0.3366097776989975,0.35594258151113456,4.507206944480779,1
4289,0.34431830189438717,0.5034672234582734,0.31757342842752234,1
4290,0.4425249494894744,0.6849997542167129,5.4714953066102465,1
4291,0.704592022366867,0.5676242654069806,0.4387683985144918,0
4292,0.5962803390038298,0.6130087997149132,5.660976617414339,1
4293,0.9884687247089567,0.05647553017987437,5.59590402762361,0
4294,0.6931181526878721,0.27786322249237005,3.3668425308727286,1
4295,0.5931170490716153,0.5071494196514936,3.690396049131982,1
4296,0.5199682812179812,0.5009703101707134,3.9847163558944834,1
4297,0.5668430767657883,0.4971465816282873,0.20124766085153722,1
4298,0.7369929556154349,0.517853512923189,0.42715081199701743,0
4299,0.6623224171135241,0.6238188793254158,1.935549938988757,1
4300,0.6714331794837369,0.4589882755314899,4.531336198778787,1
4301,0.5940187150465972,0.3677634698046882,2.9982135158447045,1
4302,0.5930057968076016,0.29485736782267885,4.905137674649223,0
4303,0.43950329358329066,0.29353216442628294,3.408948732394106,1
4304,0.2618812595830659,0.5438258205388097,4.5245865542949675,1
4305,0.3934179067641023,0.6936802145871901,2.913801322590322,0
4306,0.7513512418299974,0.5774553882162785,1.470128158860849,0
4307,0.7021473174324026,0.40975732179598684,6.223255471887393,0
4308,0.6840537347344656,0.6186717033978965,3.011816046528692,1
4309,0.320378346596359,0.44778735575975914,4.769246377903631,1
4310,0.7032159292260963,0.4896036019661096,5.832379316262381,0
4311,0.18388876571514395,0.06875035508071584,3.223301120432085,0
4312,0.3685975046116416,0.3791019595108434,3.241726147196869,1
4313,0.5302560010656999,0.7333696453952905,1.3208554281488298,0
4314,0.3676212714046651,0.3472537320306065,5.348762036938904,1
4315,0.6282798288300956,0.346526477033816,5.038470885575435,0
4316,0.6324157782674965,0.657367876729914,0.24739709474898236,1
4317,0.3690024820826928,0.4551814071691394,4.359767732627314,1
4318,0.5712444656411635,0.7018082799077,5.771735367788985,1
4319,0.7204239151230504,0.5619685909271667,0.6625416855036883,0
4320,0.7386944192878614,0.4871846186211292,0.47849145531765525,0
4321,0.6591245561955021,0.4475980248986188,3.289289461780705,1
4322,0.6510968716626355,0.31989366355338117,5.049582947273037,0
4323,0.41589324975751485,0.6819428996205575,3.7337563343553213,1
4324,0.38183183416194966,0.5955398193743097,5.618491409719332,1
4325,0.6948915021234405,0.340516707395821,0.37299362372644257,0
4326,0.6415919622657479,0.6113467852460346,2.096331919070417,1
4327,0.38254681764101184,0.31737591952228805,5.161641303752549,1
4328,0.6491023429964279,0.500618479122048,1.7625914781158696,1
4329,0.14589405761810192,0.9906413750560232,1.6499394370775893,0
4330,0.702365068382307,0.626429457525757,5.851986719999196,0
4331,0.26381439790135675,0.415791116407646,2.637200344838104,0
4332,0.2734290422117198,0.5257602755729859,1.4418141362148476,1
4333,0.6596882363861085,0.31178968957448383,5.76378597621416,0
4334,0.9017275138915811,0.9863216125312553,5.453730724885232,0
4335,0.42324626568422585,0.28805440621557127,5.213110423694231,0
4336,0.431678707019239,0.6618290432233563,2.002210416300488,0
4337,0.4222969728917142,0.5309101680733862,0.4113690249676482,1
4338,0.07951356334114783,0.1423874852331027,3.3213486778186443,0
4339,0.6399083516183882,0.3719285142590102,2.9996302327320103,1
4340,0.6958683917462417,0.46461812129912483,5.872505280207771,0
4341,0.3170789505470752,0.4507618243257737,2.970646641416237,0
4342,0.6769318548638737,0.45540435336412244,1.331575476760367,1
4343,0.5713545805609935,0.5284346687733505,0.09274012631768448,1
4344,0.39459658809458265,0.5228883172042782,4.784282114787126,1
4345,0.33981075551206213,0.560688356186711,1.2255918795969802,1
4346,0.6880363404777423,0.3534602889159635,6.100331011500137,0
4347,0.7619946170658966,0.6935862560225035,0.31704858942149605,0
4348,0.38486388815627987,0.4676417028857183,1.4888358818264817,1
4349,0.39697217498457965,0.42064248774693896,5.369509730077654,1
4350,0.5143006630084198,0.48183429318503207,1.382828623199774,1
4351,0.608771730638077,0.744472053533033,1.0631155036750202,0
4352,0.45152501958326097,0.6736602934693712,5.399865009867865,1
4353,0.4559338214779142,0.7354322212906742,1.3441441528025444,0
4354,0.5227532103506767,0.28781075576565524,5.405218533512978,1
4355,0.39897576870457907,0.5542166457338163,1.3375570182552283,1
4356,0.6111925458919927,0.5625864720701815,5.458136569468935,1
4357,0.34482475228549664,0.6133324029366966,3.7526097695774867,1
4358,0.4856355846302544,0.6084250531630291,2.1777691695028976,1
4359,0.5263978078705337,0.6487761585044282,5.081409656765554,1
4360,0.6722010691160831,0.6672865109100663,2.676997577202029,1
4361,0.48055859359473224,0.7089135547899474,0.4281609994229675,1
4362,0.5248258237601948,0.7079407370652979,0.7855233472185839,0
4363,0.3317709001412128,0.6439093252290102,0.49317954517981466,1
4364,0.3118028541149523,0.5624174012461252,2.180493925416603,0
4365,0.34875851921577244,0.5452565158706278,2.781296976936277,1
4366,0.5686391451751466,0.6977246756857525,0.8218467426886104,0
4367,0.39094854539584484,0.39916545277081805,4.792191717843526,1
4368,0.8037797704962538,0.9381373513418412,3.004857397541186,0
4369,0.4924179247989342,0.29349686982664475,5.017833247564373,0
4370,0.5133192866761328,0.5792279448728306,0.8687230748119749,1
4371,0.5257892977625543,0.5499515510023727,2.795823239359723,1
4372,0.32504343134534064,0.3762709925192419,1.9456364987841002,1
4373,0.46126750471009115,0.45498822501799957,2.7533791641059993,1
4374,0.6070432879091276,0.28497262673068086,4.322250623192694,0
4375,0.3229698296586621,0.34575866437419095,2.824838208141485,0
4376,0.684173588138982,0.4623956002070246,2.302323891411612,1
4377,0.30805953588702295,0.43713914484293603,4.079417883238194,0
4378,0.6988420025745596,0.577983992432615,5.137064276211136,1
4379,0.5118788594399071,0.33304995813778193,3.57883607211637,1
4380,0.4206508867963046,0.3172286734453135,4.622636169870445,0
4381,0.30873252733837797,0.35382005567260616,3.439639919727352,0
4382,0.3825625012353705,0.6550295240785267,2.301695110156639,0
4383,0.6081263032230084,0.7317971535523806,6.161964445483015,0
4384,0.5617658722310239,0.2809191620248851,5.494333855594249,0
4385,0.6323736580606102,0.5146239770357054,3.9501810847082557,1
4386,0.6131301395503391,0.5326520247323738,0.7738618967447104,1
4387,0.3170774757740441,0.5356165737581052,2.738954921413131,0
4388,0.5763232417212957,0.41262475289957967,2.7496930930339274,1
4389,0.4892367347247505,0.4081623728377793,2.341872066043512,1
4390,0.6732844793760515,0.6002750271384749,5.434973729771356,1
4391,0.28065625773816477,0.4816406508779217,1.810107658247445,1
4392,0.7211229536884872,0.44108596376661385,3.554519756236832,1
4393,0.4618049276764405,0.5981860430171421,6.143650208916328,1
4394,0.3878774995464574,0.6313514868211342,1.8267894687155883,0
4395,0.33131582183341385,0.642886265494171,0.4165668833367862,1
4396,0.4245156045052441,0.3181704262721118,4.8623078204456,1
4397,0.3496444818642347,0.3110435148803805,4.5872241155631475,0
4398,0.04764064655048233,0.019887206430259614,3.1577088161171165,0
4399,0.6846342068618821,0.5296911160923874,4.005461539915699,1
4400,0.4852626003016239,0.4289830637337901,5.733525530547836,1
4401,0.3535208436629658,0.6075620136111036,3.414474535667561,1
4402,0.3862315278683576,0.5171783114837836,5.954204178201495,1
4403,0.5852516694965675,0.31364337941813136,5.218276313844953,0
4404,0.5612801954692215,0.6724304520734189,5.881367941007624,1
4405,0.4171899438566713,0.43340223465654987,5.616964153609094,1
4406,0.6261593302997985,0.3385317071255446,1.8655184878003441,1
4407,0.23417149442177526,0.4973848540948819,4.151140624671581,0
4408,0.47821188606622134,0.6469192140614173,5.295577863230952,1
4409,0.44137460294008185,0.2651140731012305,6.062399131606215,1
4410,0.40066880864099663,0.5603826844445184,0.6437722801262364,1
4411,0.5163026034152066,0.4605593096634545,2.875554757591852,1
4412,0.6786715029699784,0.629798525634768,0.09801105584280723,0
4413,0.5313675308212753,0.631717032170868,4.970290973984822,1
4414,0.7005776178587465,0.5101240908975355,1.3239169567754931,1
4415,0.5074884132786471,0.6377753011431078,6.110106283284829,1
4416,0.694732989541752,0.3102506874670924,0.415935934339772,0
4417,0.34364158835345565,0.38157183488350505,5.5571728338257715,1
4418,0.4595457653280671,0.32761901195438303,3.9404016697752002,1
4419,0.6734312315242839,0.59576116063303,5.444792103636281,1
4420,0.6305111099356561,0.45199549585738524,3.2879412365205973,1
4421,0.32147662742429894,0.6441048452947638,3.3310730868871685,0
4422,0.7004429273130963,0.3761903534470354,3.9643500557447626,1
4423,0.530957482341728,0.3188323687279769,3.1010322591241137,1
4424,0.5769646469719616,0.5057259496862667,3.4214679127481946,1
4425,0.5807276069882411,0.2610527602419481,3.9489015766738955,0
4426,0.5609447408390908,0.28481332771701606,1.3678315258165878,1
4427,0.7024406667249006,0.5574407910762872,0.6038642912427357,0
4428,0.5888708382721312,0.3894034783554676,1.6260139421979907,1
4429,0.5027901765914816,0.32510386421822196,2.87728922535855,1
4430,0.3098095971195596,0.5233460207818866,4.369574025901271,1
4431,0.31615956235956516,0.45442280985297523,5.729789454381344,1
4432,0.29863063054668315,0.34553059851128354,4.030423431907525,0
4433,0.2953712862848708,0.6102990528556291,1.4334070998212651,0
4434,0.6411062148280943,0.6202978051257865,0.49429505508922544,0
4435,0.4345602278243295,0.3513389687622557,0.2670435713491237,1
4436,0.41110266236414156,0.40748386830549205,4.847828472232917,1
4437,0.5639554656144258,0.4273797993211611,1.5288728357573211,1
4438,0.43002013486573304,0.42537295045664225,1.919473416403451,1
4439,0.3694530585418703,0.5168943615396304,1.913710214669869,1
4440,0.35184740496977285,0.3583669334919837,3.9561992025167814,0
4441,0.655513323022499,0.44078459683171295,1.2505570602646603,1
4442,0.2889370213760481,0.43722499032116346,3.3132175626471008,0
4443,0.3449104868441861,0.6579070539778962,0.21828006003091255,1
4444,0.4116772253127307,0.4664150019603507,1.7810965935586824,1
4445,0.43674382455191885,0.30987256343088104,3.657688149773237,1
4446,0.3858385936208641,0.4249252619244193,5.128680069353773,1
4447,0.5639245706355813,0.6047728224820178,0.22639117558714358,1
4448,0.38548703800879136,0.3361684188718314,3.860154355951006,0
4449,0.6223852066946975,0.7112601098707952,4.1368680421328055,1
4450,0.7170391726444242,0.52549396024442,0.37327420308215487,0
4451,0.4783714708129431,0.49958812210081577,3.671060539374247,1
4452,0.7105744509671046,0.4466843329674858,5.4917351745005725,0
4453,0.32659357296142794,0.5136582656982789,1.4084544731842126,1
4454,0.33412614650608646,0.328334259379655,3.006524608640969,0
4455,0.7333548538607993,0.5868998404529121,0.38179446313135235,0
4456,0.4279039578718233,0.4205114243804496,1.7142613607642856,1
4457,0.38751220839502626,0.6492955682754017,2.5950902383585435,0
4458,0.9262893223752461,0.8497192307171476,4.0047525588881046,0
4459,0.7120491666649909,0.4044999192772256,5.306148562741743,0
4460,0.5100217720914653,0.618048043656696,1.0816776773011298,1
4461,0.4836228372701598,0.708366272818954,0.8676543969804191,1
4462,0.4840677328892445,0.7117749162046,1.3997917189799092,0
4463,0.6588062695570486,0.5282267079548548,0.31350386171534284,1
4464,0.41678285174155827,0.3062458221359368,5.441928640501369,1
4465,0.6366265648193061,0.6393732133340757,0.540541309140702,0
4466,0.35382711019435537,0.5416672308908328,2.9123003394206677,1
4467,0.7050417623457045,0.6128147689905203,3.7064149732569276,1
4468,0.5463425252821884,0.4512124593838405,5.62966529550135,1
4469,0.45368588701472384,0.22608561964671595,5.068068680679208,0
4470,0.4233496440847862,0.6783959851117537,1.1931751806056383,0
4471,0.4344396616924126,0.547579665619807,0.2057365278274637,1
4472,0.6977141351121655,0.6771343236271758,2.616713732248437,1
4473,0.48564982011682517,0.53030266201527,2.726318266334538,1
4474,0.5110618755829384,0.5861232237813675,5.902064747293483,1
4475,0.6357058279381239,0.4124848706356638,2.3138918191176856,1
4476,0.3409272706577339,0.4173035100386182,4.421194129307393,1
4477,0.570497839557497,0.6760259148942817,4.019878462180438,1
4478,0.3474706965912911,0.5086904081959975,3.664752474005874,1
4479,0.7324252391886947,0.4560477451892098,0.4112804326893632,0
4480,0.5762768250124386,0.4057226291701019,5.214559652258191,1
4481,0.37606945916037354,0.48279860438988764,0.03954974324987541,1
4482,0.3644991490724075,0.6493425842238384,0.8334845791953439,1
4483,0.9111315163175806,0.0726368861270604,5.889416350537519,0
4484,0.7290706478257335,0.5213858207304115,5.460651205736703,1
4485,0.5648237168601017,0.30214864761098226,5.469214125521364,0
4486,0.6426052924284916,0.36591817352531825,5.679712578667361,0
4487,0.5579418648721547,0.6710512715900416,6.168160504008181,1
4488,0.3530004089362028,0.5295637075231934,4.235148232681386,1
4489,0.6957615572129284,0.6182962098872512,0.04551561781862912,0
4490,0.9584391871833479,0.863875397500138,4.050464396935476,0
4491,0.29542979875297753,0.5296410670386723,1.3258741922230346,1
4492,0.37701211443184834,0.5624539391508702,3.2744766467850064,1
4493,0.6261915126516707,0.706233263597137,1.953751140353935,0
4494,0.3702414225600714,0.6892569045013229,3.5259083172250785,1
4495,0.6261651730509945,0.5006996514854268,2.7873712531940913,1
4496,0.4365568965592302,0.6380291775181309,4.946819830458306,1
4497,0.46414363740059517,0.5583206656751483,5.884682853846426,1
4498,0.324935497823373,0.5832467417881033,2.120708262589002,0
4499,0.2893612392912979,0.4139862160054386,2.5809424562614507,0
4500,0.5676483700281688,0.7302602245332036,2.968568339327322,1
4501,0.23783507868617554,0.6864979895330341,1.5661926048915191,0
4502,0.4483355576178788,0.44820366851615673,5.578600363712802,1
4503,0.5084216984112235,0.27828390897701805,3.7507224470434704,1
4504,0.6311523835029677,0.35364952397945265,5.091065624055749,0
4505,0.5324019641361717,0.27080541519550827,3.4091695427161186,1
4506,0.5646101122383674,0.7623187573746166,0.18535984778967984,0
4507,0.715587581726961,0.571187954432584,5.7225175732447955,0
4508,0.4516090366602288,0.50595305894115,4.6070685483584315,1
4509,0.5455304880225655,0.570902305776779,5.0513367193036585,1
4510,0.4887793601959825,0.4362170672028043,0.8192046075706564,1
4511,0.49642343959961005,0.27153132197534036,4.403311446466909,0
4512,0.3140018928871775,0.3965590201030182,4.086939423641388,0
4513,0.4247349371940882,0.35465636917123655,2.7386005240272397,1
4514,0.4423381787619884,0.6864477302107916,1.7847554117951347,1
4515,0.6547645535731602,0.33864522079783466,0.24910385379180558,1
4516,0.5036708131695038,0.7131466949643182,1.2175180833197958,0
4517,0.70477650373625,0.5714343494878453,0.3453859696040035,0
4518,0.42313051551309144,0.3036094787506903,3.5392930143724586,1
4519,0.679614565986255,0.3337103486139309,5.228407059669971,0
4520,0.6773021258851509,0.5171328755590543,4.401184304946156,1
4521,0.31413073261283125,0.4546308212639406,2.619612756883921,1
4522,0.4695817648386513,0.2484223150945574,0.4684711565304083,1
4523,0.46338687138661133,0.7161468582377664,2.565306735241941,0
4524,0.4895631888144002,0.2712260690129639,4.20123832460515,0
4525,0.5002317754154739,0.32289987156774874,2.5543952319116143,1
4526,0.6460107962188706,0.33552077440582456,4.7981333048869494,0
4527,0.38481050799193983,0.2881524632744118,4.528509495616959,0
4528,0.40434307064738806,0.6822120319735193,1.61886546555922,0
4529,0.339990233943394,0.3222713732499893,3.938440155112965,0
4530,0.604935118614991,0.4329461791277916,1.8218350201195066,1
4531,0.4479168533034241,0.3601165646961149,1.3441221338317728,1
4532,0.7188742494524775,0.4171268569641218,4.464114918197964,1
4533,0.39079619854016195,0.26206034904117226,6.220626727376764,1
4534,0.6588444990724458,0.6078775916906944,0.7928546038527474,0
4535,0.6926063412916531,0.3540167986490349,5.162037293155938,0
4536,0.7389727580224769,0.5162844833114233,5.844263089871628,0
4537,0.508206551463844,0.7218367931705181,4.28452685222404,1
4538,0.5570484442016319,0.5966326205165006,1.842698545482198,1
4539,0.3196429872910046,0.3396805272073559,4.496628848675441,0
4540,0.7045753991511662,0.9908572582949121,2.165136540689389,0
4541,0.49713075361474834,0.4992574569996538,4.006716167869946,1
4542,0.6434039920767463,0.310062775442754,2.4805247440823797,1
4543,0.7217666810567079,0.48760863995432446,4.890083151674993,1
4544,0.6667867072823875,0.6536581073931989,5.343499240794038,1
4545,0.42086208359751137,0.6675766521719929,4.460150985100945,1
4546,0.4926407532536859,0.35535790072385676,5.55657786436512,1
4547,0.5799952659085638,0.5275836803628244,3.3141082065571847,1
4548,0.6143319317229758,0.5173942487654823,5.681611068315632,1
4549,0.3113753874278859,0.39144235637949953,3.6144081569398687,0
4550,0.524473143516658,0.2715576242552449,5.12600625029533,0
4551,0.06947205929030328,0.03838591920285645,3.7977790348328835,0
4552,0.6186603583735834,0.3789789802409891,5.471336567144794,1
4553,0.6816088656733389,0.33870882196412117,0.32705932880192884,0
4554,0.3067674345722995,0.6321576782172016,2.548110819738897,0
4555,0.4707999132807382,0.35723590022982543,0.844273790511736,1
4556,0.612524088907778,0.6332448480460967,0.8264768882046527,0
4557,0.6158243953636177,0.6748185152860636,0.08519824126230963,1
4558,0.504667310212837,0.28158125565532643,0.430558677597878,1
4559,0.6805999432984683,0.6052450222520267,0.8562861740105119,0
4560,0.469330611331642,0.45658257949834363,5.917592774329119,1
4561,0.5887231342078971,0.3606506805956387,3.922783614637737,1
4562,0.6542395751290782,0.3082986876858706,4.988735932626422,0
4563,0.6087325092950018,0.5562548316904378,6.205947205201277,1
4564,0.3155547828081185,0.503476698125826,5.056985137073098,1
4565,0.6345111440316924,0.44393370767997925,3.2548765641188324,1
4566,0.3782486498478014,0.7125287735796384,1.2650844756279571,0
4567,0.6573457927164316,0.3105364882562459,5.404757936954971,0
4568,0.07117797389421203,0.9161169305291923,4.499384514595894,0
4569,0.44975686479574545,0.5831214758636347,4.904770415570838,1
4570,0.4269213125881176,0.6539900846007869,2.8478004039583285,1
4571,0.7181017147560973,0.49128341769999034,1.9506118867947406,1
4572,0.29758982313810506,0.4470171768066022,5.212162261592662,1
4573,0.653988430099862,0.6153213457726016,0.663750068686729,0
4574,0.7425141179780264,0.7846602355700502,5.630966256053531,0
4575,0.52994543798853,0.2791821538047993,3.737837663175795,1
4576,0.34687754274621263,0.34075460698685656,0.5177738687411044,1
4577,0.6500768749406927,0.27606558016325916,5.493245851381428,0
4578,0.3713146206981775,0.5641768410004842,5.047842760394241,1
4579,0.9141380154942613,0.09908129735171123,3.9552851648738825,0
4580,0.32165499812164977,0.6041084538887049,1.1712252472079825,1
4581,0.5528226343332394,0.6130234776316085,0.15661871013512435,1
4582,0.6491598685354949,0.5165489668242059,1.4229099153950238,1
4583,0.48648284559213106,0.719884461514805,5.590419393225966,1
4584,0.3615463237547453,0.6851414448277794,2.8567090469668877,0
4585,0.7135402517075666,0.5548484532039047,5.638948737515809,0
4586,0.587472740148686,0.6441144369395155,3.0176913426247385,1
4587,0.31733651151139786,0.3634176552699922,5.553437370758749,1
4588,0.47240841367167435,0.33326366861070733,4.756616575659671,1
4589,0.46940350537752873,0.5318457588962133,1.4820742765497175,1
4590,0.816304394979607,0.3972318236897001,4.930283927448658,0
4591,0.5694689449982814,0.5472474205371409,2.270477123678134,1
4592,0.6897966254496621,0.5481594229266051,2.549960512349537,1
4593,0.3522635829950782,0.579615400300369,0.8112396194535758,1
4594,0.3006581469535213,0.417385778775053,3.0110600638164473,0
4595,0.5652402909800472,0.3079145365662123,5.62687290075087,1
4596,0.549232518175954,0.6022166007718662,1.7683819312777111,1
4597,0.7108575044686833,0.500084571784909,4.88049693053756,1
4598,0.6228701638609954,0.5672385339562136,0.4125108647214311,1
4599,0.09088114154310963,0.003964351784204351,4.978978079164701,0
4600,0.5931559411340253,0.7140836226173911,1.6767562037370831,0
4601,0.36043252762127814,0.3269944233427416,5.244550086742772,1
4602,0.6645286873339165,0.6394180570673815,3.4772867137159786,1
4603,0.32219535169196917,0.581947796800017,1.417588297835249,1
4604,0.31867330681915024,0.5395536535051614,3.2324856320789572,0
4605,0.7131604666293417,0.3767961520647484,1.9104971874765457,1
4606,0.56145709734799,0.7026283881430624,3.333707176754129,1
4607,0.6030531831975608,0.6822427160097582,1.9432310353545432,0
4608,0.5101155994617894,0.7102953684878626,0.7146163471138243,1
4609,0.5347085973045635,0.3577424659719678,1.7779766048878605,1
4610,0.32883606622185707,0.16882095968776342,1.0902584154379515,1
4611,0.7105537870225248,0.37870366462467986,5.902734694285363,0
4612,0.3432717351727907,0.5557116773737968,2.4884877128241025,1
4613,0.44207468191075044,0.6960359548846327,2.972512963877274,1
4614,0.2980036211173664,0.5174630698235952,1.9665715269214337,1
4615,0.5170342209575787,0.2568843992249365,3.4717513591469302,1
4616,0.471846892496249,0.2783856712679866,4.30317239299083,0
4617,0.568675702958068,0.2683569671470787,4.559047673534946,0
4618,0.7317188057810821,0.44947706295847384,5.622644357920819,0
4619,0.3925396748784759,0.6458170980028142,6.067794632774676,1
4620,0.42772570405834653,0.30933942758562644,5.6176041064947935,1
4621,0.5215183282472655,0.6808394006505363,0.6958794805147632,1
4622,0.7209245317215659,0.17631774331045455,3.4647628099433843,0
4623,0.6448112202605226,0.3185965052054107,2.0441348053204558,1
4624,0.4783518197559398,0.48771055752298836,5.070108651475903,1
4625,0.33875151745906573,0.6224690799514652,2.9212848426278577,0
4626,0.6524457852741125,0.37220295444890045,1.588330672314926,1
4627,0.6926812168068162,0.4309177866689029,6.072698139145794,0
4628,0.608841452238599,0.5902747276583434,2.034645161547461,1
4629,0.5866131788312038,0.3945131141841591,2.0858426693063583,1
4630,0.3925053230592545,0.3276280542615781,3.8228456873109686,0
4631,0.5678133113673787,0.29837586400296323,4.20217463410223,1
4632,0.7244970958710356,0.6123675940674217,3.5047528502622125,1
4633,0.6797013907744264,0.553872682354458,5.835556588996044,1
4634,0.2845494464437157,0.5724860953479433,3.8398169681435577,0
4635,0.3288918774097242,0.40491189205549366,5.245692045670416,1
4636,0.43176838883284535,0.36406532249805346,3.7693238192712517,1
4637,0.23517589202518743,0.4728832413737227,1.146484948284925,1
4638,0.6087618335007526,0.6276743185071575,5.1516657115561255,1
4639,0.44625698168518485,0.5869588332323286,5.251823856806454,1
4640,0.40915975543237315,0.6418767533145608,1.8829726384914693,1
4641,0.4935104847199068,0.4294198425538782,1.7103575364259516,1
4642,0.2648002259495044,0.43419451052074587,3.2749813467674853,0
4643,0.2791343324582751,0.5076403421665845,1.1671980093671392,1
4644,0.5464969521455147,0.2904285365282848,0.17506979463285713,1
4645,0.521315081876177,0.7169908062610376,2.8078723796187606,1
4646,0.4312011181026746,0.5618697798707025,3.6051759769377036,1
4647,0.436201701059354,0.427899711713216,2.9436145761205545,1
4648,0.7341191938777949,0.5352216686547893,6.012897025241759,0
4649,0.10312704848990571,0.9210124810751713,5.233048655839726,0
4650,0.3279842151636145,0.5780242557733576,3.7302867905883432,1
4651,0.49975542634165054,0.344177344743827,1.6237160998192928,1
4652,0.3685505213635289,0.3828306676124032,0.9782643468176561,1
4653,0.016719159433967304,0.042547877063686276,4.074671706275399,0
4654,0.4763771007230441,0.3064974997497349,0.6371012593004248,1
4655,0.6457045318698136,0.4643152140115045,0.009402444658979575,1
4656,0.6021036766609671,0.2833140663538688,5.860236802092154,0
4657,0.018296891262772876,0.783629233957188,2.591344351629189,0
4658,0.5978655594323236,0.5671786851234523,2.847586095700749,1
4659,0.528360808675044,0.7862877213432548,2.320848500823335,0
4660,0.3837762786563903,0.35498398390323,3.462934901835207,1
4661,0.5078498538426038,0.7584244046459868,1.2125102678095956,0
4662,0.5745622483576446,0.2781680424632956,5.1690490742006565,0
4663,0.6005260017739625,0.47454506843029715,4.043384990229521,1
4664,0.37203050892546147,0.35217472342340334,0.6192178819764352,1
4665,0.6662226307373227,0.6675089389149269,0.7835222800261115,0
4666,0.58531174397261,0.6853464658517635,1.7139821370421227,0
4667,0.8543260289781106,0.7749019327691236,6.050135491318728,0
4668,0.6275317795617532,0.7018859267964975,2.7122431869709867,1
4669,0.5807241142698422,0.4712991692348345,4.210198293198287,1
4670,0.38591277162151466,0.5272347196636572,0.24203643583723514,1
4671,0.5944010107664809,0.6037823350226037,5.5376441984537905,1
4672,0.6855811126032565,0.40008441862093486,4.621918457226335,1
4673,0.6002714707874697,0.32994423348696483,2.1121619588067135,1
4674,0.30190003461161347,0.500947343443203,4.42498233856803,1
4675,0.2874141804890556,0.5478461687637269,1.5566649651851436,1
4676,0.4750055528596158,0.32267127371652676,0.23412615129990727,1
4677,0.6060508612000718,0.5970494813681025,3.2348539216108603,1
4678,0.6121514626944045,0.4890794411829566,3.914881590532124,1
4679,0.3754987395655086,0.6116888295402012,0.03743023789582561,1
4680,0.7029370954305655,0.5679049706566907,1.2544864838383236,1
4681,0.49860785207953745,0.3573876608479315,5.480079659230556,1
4682,0.35923995442664164,0.5075262295678599,5.364486433280951,1
4683,0.6887263655928753,0.6152041967469569,0.5757992855392814,0
4684,0.3911094463078189,0.7308293117709547,1.8300581758862526,0
4685,0.36970766293224533,0.6626478815371455,2.388769327599402,0
4686,0.4209585890623724,0.25256933548278393,3.387350191858587,0
4687,0.6205147490985303,0.37893582133886994,4.180653688785667,1
4688,0.6651564710755187,0.6900063778097774,0.028622650198976807,0
4689,0.6534544204120082,0.3839490422696329,5.282811784094368,0
4690,0.45996282205023187,0.338071547149275,0.03841833986200799,1
4691,0.6150050029561055,0.7284309601689938,2.199432921364177,0
4692,0.6755396126059241,0.3904198412088657,2.1817107464227723,1
4693,0.528559766765978,0.6422669297920294,0.8880300248613141,1
4694,0.5651086126519422,0.3268100624492601,3.3967431217037096,1
4695,0.6952656015128716,0.5755506612040182,2.8775751030762495,1
4696,0.5577674176346163,0.7125275738032907,2.447316690548448,1
4697,0.5240924358349464,0.7141142915812476,0.8725483450223772,0
4698,0.6959044650404573,0.33637386461843055,0.5185480552339878,0
4699,0.27587268294702755,0.4603618408017914,4.084674556322983,0
4700,0.749777414969983,0.5709857303007739,0.8203650976417574,0
4701,0.7345835581466972,0.5277728371582401,1.5725380297224762,1
4702,0.47136409405184937,0.280525352321026,4.88772935832416,0
4703,0.5308782312439277,0.6224245083622116,5.311376387505579,1
4704,0.4613998898562925,0.2640673665152695,0.5618316699786418,1
4705,0.376149381995897,0.48759952608198254,0.45560016992362296,1
4706,0.30848139781104367,0.6079863603388471,2.50866862478141,0
4707,0.09378400653785043,0.0652700373531573,5.1557801694435925,0
4708,0.5746053834133877,0.3077950487731183,4.631178280969159,1
4709,0.629290177487406,0.6437635214094757,5.547885279728593,1
4710,0.3338366423371528,0.6644650588817215,3.8687063711985603,1
4711,0.566489043453127,0.3720496805456548,6.059040440602619,1
4712,0.6481597469001277,0.3067535076088839,3.7748194576276615,1
4713,0.30358889155957586,0.46124306862695,2.9940676598317566,0
4714,0.4017668708023129,0.42862014916533137,1.28926210395946,1
4715,0.5112735417374565,0.7140160423485077,1.8437084516391826,0
4716,0.7869028123833022,0.5028741783859703,0.8735909307268891,0
4717,0.6095546045794861,0.6453118706428186,2.8581953143660015,1
4718,0.25876580891994094,0.5778078085349244,3.96742956819161,0
4719,0.33856960827602917,0.383056529522013,4.381437255930088,1
4720,0.3955983693034422,0.31267462698614457,4.9140746428758595,0
4721,0.6150728474002706,0.2897461253666376,5.461185229845774,0
4722,0.3103224955046985,0.5233200503844917,2.702976686765098,1
4723,0.9130048950377139,0.8751394881319349,6.055986001567194,0
4724,0.25856673503722016,0.42111038199772555,4.855146542458781,1
4725,0.7016181657510536,0.3465391433908798,2.2881790483724616,1
4726,0.5400168607873103,0.6115570308839378,2.3763286134437704,1
4727,0.5474456068734183,0.6615274931030217,3.5227978356113097,1
4728,0.5776178067152625,0.7177789793385568,1.72996338747656,0
4729,0.604624716622506,0.30688006625428305,3.663454004576285,1
4730,0.6907365677543692,0.31552808224768336,5.83932629080495,0
4731,0.314181365687721,0.641687914100609,2.9601966845249064,0
4732,0.47555130143525653,0.44741389433088347,5.947480867941803,1
4733,0.4039747571895176,0.6718760937068974,0.5530450608072885,1
4734,0.6421891866270575,0.5092536494348051,2.7761666256357826,1
4735,0.3945848474220609,0.703805745121235,0.9941206901225783,1
4736,0.7107601236359311,0.552858512205266,0.8378406073085283,0
4737,0.5466364621255179,0.6211313760895028,2.6606098705656387,1
4738,0.4123767687157893,0.6247277933743418,5.828703218716099,1
4739,0.41169089392557173,0.7075229839319619,2.8920532156756353,0
4740,0.3936882497180595,0.571839328931238,0.13085234361940667,1
4741,0.6848462860680874,0.34439079019046515,0.4382872922319016,1
4742,0.5846639191356253,0.42740615077161365,0.07360634664754251,1
4743,0.899488830618596,0.10275595959403182,2.706769677366843,0
4744,0.7273720837337165,0.47415614004872136,0.48034250632989745,0
4745,0.5402924259227858,0.33818906148808203,4.920347147453176,1
4746,0.45828221016318527,0.5429698640899893,4.099201800938263,1
4747,0.48789149783485797,0.5245571301434826,4.590832717192754,1
4748,0.4899676814116662,0.45024860685601453,3.4071168278084762,1
4749,0.4460381852514649,0.3016263832361732,5.377168294222354,1
4750,0.013001998993359467,0.7554641675721766,4.497284557177428,0
4751,0.40341333607492974,0.4626808136213496,4.050719123768321,1
4752,0.3106672657029358,0.5016341342705412,1.293868422506863,1
4753,0.4556743833989642,0.36968039353044446,4.943807703018624,1
4754,0.6882234034113472,0.5981084772913843,1.226445202111951,0
4755,0.45988885415843167,0.2926709981101745,1.9640338531794836,1
4756,0.36412855609673944,0.3313208670109992,4.904949288687462,1
4757,0.9566762076018906,0.15477069376810393,0.3735765868255636,0
4758,0.4425914071860203,0.6715774627780872,1.0781964971406597,1
4759,0.7048364279303938,0.4457558882644541,6.1362536224197965,0
4760,0.2718088545387932,0.5454532922472076,2.095053816711731,0
4761,0.5235205599019863,0.6693890330105462,3.133013408443711,1
4762,0.5046926832259198,0.6787208946072215,0.4202956648351167,1
4763,0.7104211742478022,0.4837118689836418,5.301476390887159,1
4764,0.5200892439921746,0.5446466139060981,5.583874798066837,1
4765,0.9026034419823584,0.0751704419969749,1.132571406260757,0
4766,0.33887612329324307,0.5574710838242127,0.07292403937211467,1
4767,0.46496976069930324,0.7176115625400658,1.5630001009628534,0
4768,0.3741037335956511,0.6425705326906476,0.689440407495683,1
4769,0.35232074667068985,0.38731540828887545,2.25028048954611,1
4770,0.47077081326684894,0.6260180086075438,4.621001185152372,1
4771,0.41900765485923913,0.4970277268880068,3.3645842749503707,1
4772,0.5973614898913818,0.6351078592306675,4.246883980354886,1
4773,0.4196712861551441,0.25523587465355685,4.617602826029968,0
4774,0.7436895758819616,0.46074353861713696,4.144801255300541,1
4775,0.4020974158461903,0.32610444081971945,5.624769435545271,1
4776,0.5817397747693714,0.34157474180523606,0.9678503156613627,1
4777,0.52588326439042,0.24791328641738553,5.388835512312724,0
4778,0.6251897778513816,0.3835925826724379,5.643676025866017,0
4779,0.3299978211473254,0.6798068908003422,2.452992711962452,0
4780,0.4807845809011015,0.6840944690962126,1.9493861225819622,1
4781,0.6790515941502446,0.328211077678008,5.398800276380566,0
4782,0.4805197298018962,0.41073766290157326,4.346795316553394,1
4783,0.6611245822171041,0.624742174038964,1.1388600907797586,0
4784,0.618676465495906,0.7024799347435191,1.3773906044845154,0
4785,0.49828476299057595,0.3495612640774193,0.78990795265573,1
4786,0.4434176126924578,0.6913115628156282,3.59524362436134,1
4787,0.44820216351560416,0.439250802638923,6.080811931775211,1
4788,0.9134832633971491,0.9933977216081947,3.098420758070883,0
4789,0.3104034988896202,0.3835635230406298,3.4020546309966075,0
4790,0.5801855583133215,0.6238731519874587,5.039491832203709,1
4791,0.3662919512442379,0.48521075949317344,3.3817248960200037,1
4792,0.5204119514817209,0.5779283594255031,3.614519333963163,1
4793,0.4984522207125734,0.2613364407768434,5.202320307958581,0
4794,0.3414501638801892,0.46739378604805637,4.32739003710835,1
4795,0.34770821057762463,0.30817306590452553,2.8313394715535187,1
4796,0.6660826469313699,0.5365234870114493,3.8645936652778454,1
4797,0.4442368297324274,0.3316987710195531,2.7485351380797622,1
4798,0.4055410184538127,0.4105526467106866,3.443914629732457,1
4799,0.6400978498784278,0.3819968909383714,3.6646675594074343,1
4800,0.36970318636203575,0.47838358198563075,4.4188339946224895,1
4801,0.576341737214808,0.4589540592212757,5.627978160842084,1
4802,0.060277146557330054,0.09912415733498174,1.9190707010259045,0
4803,0.7253829671016186,0.49554875613572896,0.8525355294826832,1
4804,0.7108664860854578,0.4540974587232881,5.025089885030149,1
4805,0.5593945807768129,0.5965820226128585,0.5328025476272263,1
4806,0.1348593836789954,0.9751807326230337,3.9330506143186286,0
4807,0.4927137109888705,0.6301494822332777,5.123524279704503,1
4808,0.4538881421964621,0.5912102439509517,0.40549683498517564,1
4809,0.44964453437337304,0.6611832597858335,2.317414370297352,0
4810,0.4770833117550542,0.27514482815033314,3.3758656778245615,1
4811,0.7282712328657106,0.5042322493938644,5.89170225139129,0
4812,0.6018934182080677,0.511275993466088,1.342248029625047,1
4813,0.7416525528820875,0.40549734506139096,0.12631341226295323,0
4814,0.5157606726437667,0.3869770866945399,1.2813340625548022,1
4815,0.579165964830779,0.6187254679379444,1.763405952794878,1
4816,0.4983609131952255,0.49830004591386357,1.0785261857432116,1
4817,0.6773256595723834,0.6147769192825968,0.339695839765914,0
4818,0.9357630434909106,0.8613996935376443,3.7957286421590006,0
4819,0.2990595481985584,0.5010939194849644,3.1543701277247123,0
4820,0.6946446637406699,0.6523073638586512,0.5079303646818748,0
4821,0.588965241771139,0.31404085040273644,0.05023156450570898,1
4822,0.6080649435102428,0.3071665828285797,3.6650116820489163,1
4823,0.46931108776509767,0.26641478832097415,5.911861575104254,1
4824,0.6313710378583661,0.2551513556097546,5.209043929771205,0
4825,0.6764871732936375,0.54470134505732,2.029199819606655,1
4826,0.4524502024479474,0.3006280690130947,5.1172749600888485,1
4827,0.43943327092093853,0.5969014488436172,1.568408739767011,1
4828,0.4067695350725833,0.6486960908361473,5.4659956611392975,1
4829,0.1968092835497388,0.9689946982406717,1.776780014410532,0
4830,0.3469914550482049,0.3738116162206165,5.279239696303003,1
4831,0.5158209717935186,0.7034721809474722,1.302509079716081,0
4832,0.5870350715003757,0.39006194548247275,0.826788057069431,1
4833,0.5431857571670918,0.2707877587922286,4.159087290543212,0
4834,0.33819562882251153,0.36654690051332695,5.496154031783676,1
4835,0.30632046919671085,0.6932507057252472,1.6167579127676683,0
4836,0.5875289702907635,0.7014126700869636,2.0805877428075163,0
4837,0.755645900200842,0.7133480508551244,5.602312605660527,0
4838,0.0028012643999407666,0.9622222701768242,3.0713594754756675,0
4839,0.45879011565487987,0.4435494491037439,5.038253670910023,1
4840,0.7500052544789643,0.42467084831388474,5.511283894811446,0
4841,0.6547775053464026,0.5484255029942602,3.2700571705130215,1
4842,0.2989197679886172,0.44978869112404213,4.319621778724924,1
4843,0.5917441471058651,0.47057250330969974,1.8506505285213393,1
4844,0.3403939109220685,0.658251251630829,3.840372816526225,1
4845,0.49037849833226177,0.7101246988069043,0.6992639010153321,1
4846,0.3127731437100795,0.5699169641549754,2.8807020680069684,0
4847,0.5041831106717817,0.33983912789765625,1.6342941456794953,1
4848,0.5131572425017193,0.7083319109479134,0.4340608140047694,1
4849,0.43228389619806334,0.7097715316008092,2.913797837760416,0
4850,0.36681567710976887,0.4787996918865463,1.3586529312811002,1
4851,0.5883546643792283,0.7201861089123733,0.1877176594017691,0
4852,0.30578917889245044,0.5719294512163243,3.377896116153586,0
4853,0.45876824769252694,0.4278202889301495,4.473206738244477,1
4854,0.41572815578759825,0.46194331655375137,0.30364394687521506,1
4855,0.3642950710454797,0.30804036662181483,4.6234793812862165,0
4856,0.514244755670559,0.4406504185019057,2.886568698177591,1
4857,0.5215595815550899,0.4291253722047162,3.8052911123338724,1
4858,0.5907455684366988,0.6935836820123645,5.866031950706892,1
4859,0.737516085819936,0.5137267931416899,0.7671869982630881,0
4860,0.34065305166467097,0.6666660887470708,5.041360062683162,1
4861,0.5852222838584235,0.37266144654329014,5.964757984407368,1
4862,0.5816617542861208,0.29106090321430034,4.776611613242448,0
4863,0.37657368500046884,0.3266251336337981,4.714060480909794,0
4864,0.718026800943189,0.3953399276270792,4.983326302147998,0
4865,0.7076166228934113,0.4747094734037433,0.3590385143713037,0
4866,0.5923069279459233,0.5945265950796942,6.112646191240517,1
4867,0.5511238406872876,0.3931357896140836,3.6950179649782586,1
4868,0.5229285315510755,0.6260654212788932,0.6189644776858416,1
4869,0.6933823515840263,0.28287124346889264,3.120461111662846,1
4870,0.564581125915002,0.4123552521700589,0.1579222997559562,1
4871,0.2976863439679606,0.5543182553579731,3.469899772546386,0
4872,0.263956188947394,0.4563951575976651,1.9876532540180185,1
4873,0.4432597732011734,0.551936891540215,3.9863967879894924,1
4874,0.12489928756829748,0.9402787110018862,3.6362341330032293,0
4875,0.5895564558569598,0.4070350915320684,6.225467173382679,1
4876,0.6243600531946577,0.32358629114225074,4.653177957924546,0
4877,0.5142453255592297,0.43732643192672965,3.108132830654132,1
4878,0.6287723076979207,0.6860098295650475,0.9190161962663042,0
4879,0.345603851587553,0.3487345833715097,4.739639654582213,1
4880,0.7079668817580516,0.5086591577273608,1.4495191231521685,1
4881,0.6248558662822624,0.5015388630294517,1.6661341026492367,1
4882,0.5223248400696909,0.2647237466072478,3.274359755829404,1
4883,0.35798952812747464,0.48098160556020536,2.1303533401728756,1
4884,0.33436951289661443,0.7259435226248708,2.7281904836784445,0
4885,0.5693995726767476,0.705586823345946,0.7031162194969229,0
4886,0.13191651549656766,0.1140875282296217,1.4312142434343726,0
4887,0.4086272918144013,0.7064683049090223,1.2077197661798265,0
4888,0.6917558274206081,0.4832323362688159,4.177111990246182,1
4889,0.38764889981089606,0.6093186818909575,2.7223901422434285,1
4890,0.5508644337153331,0.7252964028574648,1.9626096855242474,0
4891,0.32268796444232717,0.42657438054567215,3.5974363959344338,0
4892,0.6569013672627829,0.45462463020969796,2.62165907530743,1
4893,0.7147176898982067,0.3811442830960324,0.4629301006974882,1
4894,0.5003990298692707,0.283099960600076,4.785387465582102,0
4895,0.5588108051404299,0.346108327429483,4.66462653840891,1
4896,0.4003285112572078,0.712671814746137,3.238374813492743,1
4897,0.4000366621209474,0.6351443246958507,2.7078527177827865,1
4898,0.7191360049451346,0.489820894218112,0.34459860344581833,0
4899,0.43582160452561697,0.42462298471304577,4.551135510277578,1
4900,0.3688144828960636,0.6473526052162303,2.7798755791208998,0
4901,0.264753441474634,0.48036117068808537,1.983711195288856,1
4902,0.3871921020455158,0.34806022634805944,0.25406074012713326,1
4903,0.5981103110868543,0.3033799130739835,4.971047189148584,0
4904,0.722687049297802,0.4903358532310636,1.8154755113941803,1
4905,0.3222013302656319,0.5379701443983071,1.15891627302367,1
4906,0.34872226882580554,0.3652129200842731,4.866485174388821,1
4907,0.5012023376507038,0.2687170318232224,2.135854628945445,1
4908,0.622454167216,0.7171253227788429,1.1788465873139138,0
4909,0.35594189898480466,0.5688803049405925,5.602744399210278,1
4910,0.5858160329011549,0.3683823007254679,3.6990898021413243,1
4911,0.42743860016253626,0.3061563775800187,3.71530472585152,0
4912,0.33594449658123293,0.19975786575461754,4.743109069820527,0
4913,0.34738953960642316,0.4210701327402126,5.489083406809945,1
4914,0.7193441974909057,0.40914387807452457,5.455534300088996,0
4915,0.32780265821289056,0.41817916404716765,2.591892775679086,1
4916,0.5016328431893892,0.29302016562170674,2.319913241712605,1
4917,0.4234092579461687,0.45479585724747695,1.467446568203721,1
4918,0.39139930527115685,0.4814996212472289,5.581925029719463,1
4919,0.05083858404497806,0.7707773045697159,6.080203633294259,0
4920,0.6795168167044481,0.3589058899646323,5.645473288897072,0
4921,0.3240207493147113,0.4409848225518285,0.4583805099622521,1
4922,0.5393669240619845,0.6488690702476807,2.3686419996468002,1
4923,0.5877004977523871,0.7138783648789412,0.4305238202925553,0
4924,0.3869902507079661,0.41558136245388877,0.5758730951717583,1
4925,0.41763912224525496,0.6650028981509094,2.1903950176124503,0
4926,0.32021846745171684,0.3461025474218131,2.8675150613850424,0
4927,0.5026607424292108,0.7332146130017169,2.997982569859945,1
4928,0.7395127098843656,0.4668812526890191,5.106931101250216,0
4929,0.2927161353195995,0.36786612296315035,3.8340593764110387,0
4930,0.7293479174301327,0.6564678432850357,5.613927262449065,0
4931,0.4483848073107354,0.25851882645325025,4.011028056146149,0
4932,0.4138130285198835,0.29867160503310086,3.505647630659002,0
4933,0.4968570967694748,0.2986563753110245,4.682671404508636,1
4934,0.6860943914612648,0.5295153874379378,0.07592995477235309,0
4935,0.5448681451161874,0.41280794847834756,0.33651354196085337,1
4936,0.5004664199232034,0.3944120753062153,3.404157256156129,1
4937,0.7025508100132125,0.4433596499706898,5.812014382301979,0
4938,0.4286095105707284,0.645501450178215,1.1017187957886938,1
4939,0.3120341502924461,0.7207615224805274,4.120746984219447,1
4940,0.6368851144292825,0.39259948410273776,0.4521703907196881,1
4941,0.7671858704564429,0.4199139619812588,0.6794903092383651,0
4942,0.2691174900567557,0.41052436997655367,2.4198647081294244,0
4943,0.4836924595994652,0.3019830483086289,5.288015280740003,1
4944,0.4810626766198226,0.7189315574752421,1.1663723068584053,0
4945,0.5801751741498736,0.5471099424254323,4.135665248589866,1
4946,0.5421320897172321,0.48384500461403646,2.0090446844453487,1
4947,0.5539892075081614,0.46396035757098636,3.6366439725213744,1
4948,0.4801619652599062,0.6184907997522336,3.980237952030776,1
4949,0.7316802589283476,0.38404890415380355,3.9659867311208936,1
4950,0.752792472373826,0.501543618054664,0.38272959917235816,0
4951,0.4548679377379444,0.6309105552111292,6.053285776539586,1
4952,0.512632906642506,0.26937434299360236,4.79891504603608,0
4953,0.08410814033248692,0.9524795615077145,1.7732246037889017,0
4954,0.27544349805015617,0.6196924378361154,2.2019969888939173,0
4955,0.5906282709261966,0.27269729661730485,4.973594739520791,0
4956,0.5714447760900476,0.7215677424740192,1.302160900909483,0
4957,0.5471304350273442,0.6609944596935616,4.6431059604370395,1
4958,0.3504331105611874,0.36302496580716626,4.996996271068046,1
4959,0.5606098640635391,0.27354775504800516,3.89494604701147,1
4960,0.2696207565559423,0.559642672795528,1.3873837041511088,1
4961,0.6309812787625331,0.726398642552226,0.5375102037508125,0
4962,0.6083276748593178,0.31218147736188784,5.210360179665121,0
4963,0.3798795781480267,0.6890140438688702,1.5815086606446136,0
4964,0.4983267841804782,0.7094575444474625,2.062778098938012,0
4965,0.5070360089107686,0.3866564370541912,3.0763996497420667,1
4966,0.3790534698264041,0.6593260490384094,1.7446498775681303,0
4967,0.4872494000938143,0.709562891880446,1.6497410760931384,0
4968,0.2681558021402002,0.46029710656589495,4.733598150600475,1
4969,0.45574202365702493,0.2674845695782219,5.303926343892566,0
4970,0.3851967196065404,0.5639742403297289,5.445505052070234,1
4971,0.49309927796566516,0.4198146062169865,3.7180659693440963,1
4972,0.6592886134179266,0.635094641499789,5.613594722370857,1
4973,0.6089957289582683,0.31443103702588715,5.038240355748736,0
4974,0.7060947204100324,0.44301574950841627,0.3354891983284163,0
4975,0.6342181681240279,0.4376358276248372,0.4433982603989195,1
4976,0.37708710030038156,0.3293697006907863,3.497368537750788,0
4977,0.5162850244961639,0.5108966048937799,4.095729241073631,1
4978,0.361264995233063,0.646471562459031,1.5903398022702435,0
4979,0.3549383547533926,0.316468972578654,3.745752490964923,0
4980,0.4000338291733159,0.6425523701558634,2.3560114401492083,0
4981,0.45176749299808594,0.26831919153371125,4.128559740428184,0
4982,0.46287183376656926,0.3852404810632278,4.098859393606034,1
4983,0.4997800229238776,0.2500469033257117,3.9339361729441715,0
4984,0.29945546867701833,0.5609623092932595,1.7932694999739478,1
4985,0.6151041705294056,0.6951240807735712,5.696858425043906,1
4986,0.5314305810089065,0.29847340338933087,4.860111533536678,0
4987,0.4436593468777792,0.25103007366640784,0.30972512309108213,1
4988,0.6012122286582454,0.6557315386701349,3.3302701477428043,1
4989,0.3660178944324633,0.54978789318782,5.360119361590534,1
4990,0.6196378721935901,0.6322316800253777,3.3929411296717404,1
4991,0.5616928456842522,0.6326679075029092,3.1468135154742574,1
4992,0.5079841801270991,0.39601927141904036,2.172321396473732,1
4993,0.4767367436495314,0.31689639561395666,3.1582973983819462,1
4994,0.3577320777501168,0.6492095145978595,3.9150760915688196,1
4995,0.69702676133123,0.4315438719214371,4.992699230867304,1
4996,0.651505878025532,0.40587897574346954,6.100955147394119,1
4997,0.7026769232066314,0.5046007577930582,0.8371358318520425,1
4998,0.1920939950639385,0.5721325344450977,4.483223782598097,0
4999,0.6952336588578821,0.6560875273023354,1.988660733687191,0
5000,0.5985775620495336,0.30371734734503447,5.725949650682714,1
