14540,555.338
1,0.9858683254224558,0.5679857373923347,4.394737810928282,1
2,0.5191160740109886,0.7766861037531242,2.7259599638929544,1
3,0.052056323559408355,0.40716926885492477,2.708089110349397,1
4,0.6453138334500161,0.5091670210842109,3.1785033458363556,1
5,0.022138735303829288,0.8831805508170778,1.8360292640750555,1
6,0.6806165874638445,0.6947920168131825,1.3785578018054712,1
7,0.46025283261436356,0.5163282893314585,0.13366331713384558,1
8,0.8184321174784156,0.9370707206958909,5.816455495630466,1
9,0.4816024512112121,0.5929832385733937,1.6148409655225238,1
10,0.2980149290102541,0.18204194385238123,1.6412629699061927,1
11,0.8812924054804686,0.0,3.968992270004418,1
12,0.8772147888959614,0.2395370561760708,1.6123204231726125,1
13,0.5595006066469607,0.031247880090601882,6.067611879522352,1
14,0.2361397029001716,0.2709874336977986,2.98327602215253,1
15,0.07810984112857106,0.7222608794148851,1.816515190857942,1
16,0.6838494780067599,0.29167246846303596,0.448168291983594,1
17,0.07752112612066693,0.02980216151121913,3.0362895001100734,1
18,0.7382591616376538,0.5921887833451782,6.180389862009305,1
19,0.9986012948365401,0.659544057241587,6.163791973010267,0
20,0.9422809908740155,0.4637945244393878,5.065533195393925,1
21,0.5822146545425149,0.34820733043469737,3.7216975341886585,1
22,0.5586595156722833,0.719217299025952,5.805555697832902,1
23,0.5105408572730074,0.24516380068601765,5.3082988368819635,1
24,0.3921919611355009,0.668749904478245,3.0236608889797045,1
25,0.30412302667239627,0.9508062028849288,1.8192004272784235,1
26,0.2328212178738263,0.4446130756581312,4.369644110293688,1
27,0.30316335648132336,1.0,2.5799035644679957,1
28,0.607290821623599,0.18656598128717938,1.4834526859313852,1
29,0.9997651253185527,0.5314048074466843,5.788704501576054,1
30,0.5870364112055596,0.46580143866693463,1.0310385222953737,1
31,0.8041386003527777,0.2529578644776903,2.609477734849038,1
32,0.2472506641635696,0.2105979154601212,3.5236080217237813,1
33,0.03126758848417597,0.12005111391632363,2.76030284208279,1
34,0.24590508015881046,0.5905469194495346,0.22897021209014679,1
35,0.09567602979855479,0.0647432963342437,3.956424018433804,0
36,1.0,0.8270952448833783,5.906249810895092,1
37,0.8861903371973128,0.17556247687748935,5.303285019828213,1
38,1.0,0.8526211594812125,5.400596247418173,1
39,0.6555746740023667,0.2786766838701533,1.7106748597854748,1
40,0.7276336057731557,0.504450268334002,1.1622239766598266,1
41,0.1391160534337944,0.683355880474874,2.5241082614613366,1
42,0.6295407815381173,0.766622942944418,1.4193436449140004,1
43,0.48812227204490977,0.9978367515912532,6.052208531731497,1
44,0.9791623322661696,0.7606322486843509,3.8463651968137387,1
45,0.3181144197518626,0.6210844748731537,2.3510393157365312,1
46,0.7255401157700639,0.2524837994692467,0.7135736838809148,1
47,0.08524632349769316,0.2205365425164773,5.974641223567784,1
48,0.4350141195188002,0.509799743179329,0.7616257763084987,1
49,0.8229989824433565,0.22594879137096044,4.1025566537982785,1
50,0.7286839002938095,0.631279073523799,0.8058273141012073,1
51,0.8030734650026904,0.6195444712803745,5.637661206571272,1
52,0.8093463061547859,0.8906372325938913,2.459555962065762,1
53,1.5092287516530581E-4,0.2471968896944597,3.034785613497166,0
54,0.3539235490701997,0.6944755845374804,5.322316769193265,1
55,0.5433025028948315,0.7225823204077189,2.125492526902235,1
56,1.0,0.24833054581518388,1.2437769407163504,1
57,0.7196911237252219,0.3803529730622852,3.191486530036441,1
58,0.9009984135732814,0.6806013455395641,2.5255797588709052,1
59,0.8525503579310011,0.40626488796810345,3.817614312337915,1
60,0.7275593135449572,0.619543107648612,3.166366351112186,1
61,0.7878745924663,0.32853017634360165,3.3061261295809348,1
62,0.5465617762128744,0.3801155476293993,5.631962151638993,1
63,0.4974879207244049,0.6114145313305697,3.561073857277482,1
64,0.9904146074637965,0.2939192000580363,2.277455604093396,1
65,0.4056378350144552,0.7735582607622641,5.180685148501389,1
66,0.8825324280999953,0.3550469457868409,1.1447912665404032,1
67,0.29564773740956696,0.8914181130227145,1.4580971202697697,1
68,0.9647902638186684,6.335395093799966E-4,5.132811588137227,0
69,0.4051857300784066,0.2420021534141631,0.26524073456018155,1
70,0.42056403915557494,0.56444674162359,2.9421552286378763,1
71,0.523553900702443,0.9976579053648668,2.8870583642182694,1
72,0.7278982296066495,0.9649609464326406,2.937778747100522,1
73,0.428793120314561,0.7440662979445212,2.516504349605402,1
74,0.6866521845826988,0.7370499872695324,2.120658966090804,1
75,0.5080777708255534,0.22887127686005027,4.843708642967432,1
76,0.15195511120903896,0.7776063395236373,1.7195232017119362,1
77,0.6648398095627717,0.15949150078527718,6.27235953965296,1
78,0.7507972523413996,0.20405140986349893,2.270747960291463,1
79,1.0,0.29576369142700387,1.143094265560518,1
80,0.5042524086469041,0.24810401718561997,3.5176815740238316,1
81,0.46099538622561875,0.5243107048779748,4.051590843406118,1
82,0.08034150014822856,0.8826057985571679,3.628082034985927,1
83,0.5904536103191812,0.05809926810770156,5.254923395866207,1
84,0.44537388128150207,0.11993591731655777,3.310041301214097,1
85,0.19415733906035634,0.7605244455818576,2.4677188645376917,1
86,0.9196348492439723,0.18731638327087552,4.502806711203621,1
87,0.7224750901073032,0.3901519974693295,5.875911376909623,1
88,0.37216164398364837,0.2911505730453627,0.9036911640668255,1
89,0.7643665689759255,0.955978888310618,6.042529563349295,1
90,0.7948234555864868,1.0,1.473355541031558,0
91,0.25844382242224273,0.9172170921498649,0.7259003739951126,1
92,0.0,0.3066625148871826,2.8188117367122514,1
93,0.3835022283545781,0.21727608945095278,5.363901218779491,1
94,0.08793678316137511,0.12680914634220428,6.195668938847426,1
95,0.7811137692094521,0.01615524365989696,4.974255509336472,1
96,1.0,0.8668223217156082,5.755226673392346,1
97,0.06232883216940629,0.31229403846969844,5.291749692133985,1
98,0.31440658537391997,0.19313969406379158,4.74014309561018,1
99,0.6371415955750682,0.28884863068493766,2.6722353477131024,1
100,0.21357054994431388,0.7296518090609803,5.333208376871158,1
101,0.7710854700756654,0.020115579751022076,1.7423284219192121,1
102,0.9718884131762292,0.45415454181613807,5.586152289613848,1
103,0.3045152915451538,0.784824448087474,1.8580889230530493,1
104,0.9680686017529616,0.9964403740528024,1.0963833352945223,0
105,0.6718373738621096,5.651508451051299E-6,5.164506362898692,1
106,0.3247182017761387,0.0505096348924198,4.814680167567029,1
107,0.9215939554572883,0.9364202537261747,0.28836634246067583,1
108,0.9975689620713706,0.43197816465349026,4.817463332021291,1
109,0.13999663159497303,0.6091646798683169,0.9673728289019973,1
110,0.7623222396439754,0.20781977965014087,3.324924722891783,1
111,0.5258165837473009,0.6242543306692921,1.7357459582903911,1
112,0.7402670539016882,0.9989513626084655,3.542076892458505,1
113,0.09843509552772024,0.5130572184248687,1.901998864652031,1
114,0.2007700406889996,0.23872415212231624,4.9208007553375595,1
115,0.6838122077862863,0.5529393484620158,6.269706692683642,1
116,0.12042387967951533,0.21414195811673323,1.6054953887435521,1
117,0.644043245558469,0.25995023067135986,6.186878198559981,1
118,0.39653398512281857,0.08993668742338244,1.7148097487467886,1
119,0.2592810540119998,0.6396886939595986,5.402953724936043,1
120,0.39910949233364806,0.973786050377325,3.2046392127534142,1
121,0.6749356920472105,0.9095634471754168,5.839397685330869,1
122,0.6934636164738281,0.8116126321624209,4.265164080692749,1
123,0.14872366138021664,0.3440830329652815,4.575622073897084,1
124,0.25489022086692126,0.9986526918069256,0.16677817041309784,1
125,0.031227406184767995,0.6852444973678691,2.04116115531824,1
126,0.148304903758653,0.8809002332231001,0.7582307302805738,1
127,0.6761045224730465,0.026680746924090705,4.05003403626321,1
128,0.5789986389651012,0.2670558076873198,4.156656466425912,1
129,0.5797344432597543,0.5266787907612054,2.2380156625497287,1
130,0.3761367949830542,1.0,2.75643704973552,1
131,0.21243217847091897,0.7479491013792738,2.6163096168209616,1
132,0.5500055058520289,0.46584074942585796,3.646454290645629,1
133,0.332719477393583,0.7038705098138057,1.3812152410354672,1
134,0.7817544759630835,0.28827940332015656,3.377143780038513,1
135,0.8020565660602661,0.48094162556495595,2.8143197951136765,1
136,0.31719900703520393,0.003176240287583086,0.5143896807302117,1
137,0.37225664902446903,0.4894091778790969,0.7348894581780454,1
138,0.17841448494572001,0.3840816341636538,1.942113382390425,1
139,1.0,0.46748917868259127,5.893000169992867,1
140,0.07609900852414958,0.05454602281128645,0.8023381839805062,1
141,0.4731894865722375,0.41202845821066647,0.2206139784292347,1
142,0.813712717607803,1.0,1.4568460346619738,1
143,0.789904356695701,0.8315967699102841,0.08523072808795736,1
144,0.6184935072272834,0.8705680928571795,6.1849798357739,1
145,0.9624372842474176,8.85043728125188E-4,4.058355867152758,1
146,0.8022692236447514,0.6766398819514796,4.839781107961336,1
147,0.3628915731347981,0.8660619722631208,3.461789084130062,1
148,0.09173579243830408,0.33217096580431354,3.3876768043963854,1
149,0.994330562647096,0.3288289053548982,4.766134797026989,1
150,1.0,0.31475188772426094,1.1212816456215742,1
151,0.30321664878028654,0.999678947607957,1.8876859039160185,1
152,0.02221008246759433,0.8673109703775974,1.1177795475319383,1
153,0.48834779402907663,0.03624865945901635,3.119744145642166,1
154,0.7735280362345187,0.8209768551276306,0.2250876014063613,1
155,0.11333626431832056,0.33571051615201114,4.502902874386064,1
156,0.4106111461097463,0.5659448604697377,2.6687260078880706,1
157,0.8319640774068696,0.8518021222737105,1.2431419524312406,1
158,0.16462957432418635,9.668591424463744E-4,5.391625353012638,1
159,0.48845145844153787,2.4827383824098945E-4,3.9816764093909596,1
160,0.4450458262410726,0.7752319805906436,5.732409202939524,1
161,0.9992163884435816,0.3991843574317331,6.212346633274482,0
162,0.5090904632651665,0.7183855467400885,2.1133347482698697,1
163,0.10413115100116728,0.9812984536025638,1.7580796110268273,0
164,0.2553658734731888,0.023472752352333114,3.8368564603459916,1
165,0.5196610422015214,0.9631411074715766,0.8463051349170669,1
166,0.43421963784835643,0.5372935693777809,5.16138326041719,1
167,0.8975118937608682,0.33217062612461085,4.252716683160874,1
168,0.9803333638221975,0.5294424990079962,4.921832065626518,1
169,0.4008468159041152,0.17309998360967785,0.2861543699301853,1
170,0.9478859400989064,0.6766515583578763,1.7739286649820958,1
171,0.8093457565638529,0.15913012299143517,0.7414084724960619,1
172,0.6178659083912756,0.013652644253785758,2.951999363769579,1
173,0.4235087240837471,0.8249262766658982,0.27036204775702355,1
174,0.8783523479558308,0.34471246832244606,0.5080909909679091,1
175,0.0015605189941293514,0.926629347063591,4.103698646662818,1
176,0.6481623015153073,0.36566082405394207,1.656426464618881,1
177,0.0011581220635107925,0.26507208422653944,4.836176691496438,1
178,0.5262816057961504,0.09584889306344295,5.649867609665188,1
179,0.43392304222340927,0.4978209749091522,2.6516385328183643,1
180,0.9153116061095536,0.8962842211032559,3.116979958948122,1
181,0.8365063802845998,0.3121412257323391,1.8032135949817454,1
182,0.6909272120767032,0.5461089251904937,5.693267815900697,1
183,0.43713363241174236,0.12012536670204126,2.9028554848305848,1
184,0.9946522177153316,0.6969689453392098,4.380200514274948,1
185,0.11474075491332773,0.6202359846400719,4.2917551390583375,1
186,0.8087329242715802,0.1339447176052815,6.027029547383575,1
187,0.5313438374039088,0.0,4.286010256971155,1
188,0.32597382276898523,0.1722954262363198,1.9991326352502607,1
189,0.7434163213188156,0.3867152495203567,2.6095251848007393,1
190,0.9333037905059548,0.2906659788159085,5.93754219662085,1
191,0.1356231354192945,0.7340469108093131,3.7495573250613154,1
192,7.266728330435717E-4,0.6868005288722439,2.636127724567749,0
193,0.3047853201095806,0.701305687326616,2.102637693272658,1
194,0.8438999876795138,0.30243983906915894,5.541530789170138,1
195,0.999639394250179,0.3478882486375042,5.084412366086763,1
196,0.07657671069531781,0.28231521265884457,1.6738505522214997,1
197,0.9139772372083784,0.7304056552621024,3.463605897488768,1
198,0.4634221646692696,0.2960682808305429,4.7325683380393855,1
199,0.7663556422325182,0.24933635435723495,3.7661212306486873,1
200,0.01194372099552679,0.8551307888993976,4.8144136308690735,1
201,0.7060368277032119,0.004873094862832558,2.9822094901520164,1
202,0.49931178026436124,0.6349280299176561,3.2768221531248005,1
203,0.0013467191843015893,0.0,4.0767938406957835,0
204,0.9107288852848913,0.1538841946464158,0.13453251192303742,1
205,3.543703195592581E-4,0.31605993456187426,2.943793906804523,0
206,0.7662819657745056,0.235205410555924,3.9486692278561355,1
207,0.0,0.7553320634181818,3.1966403198013587,1
208,0.9990785902086137,0.6723396652130178,1.1649805176501278,1
209,0.7163284238259714,0.13307771694194998,4.745981443843786,1
210,0.8208485341822516,0.7980860355343445,3.379934485356385,1
211,0.9815038402694118,0.8701432336344159,4.717415832246441,1
212,0.19090034248253981,0.0,5.802160535770939,1
213,0.23363266234645857,1.0,1.1523688767562317,1
214,0.8231088569937594,0.9306668771225507,5.415977491652617,1
215,0.6747647436003937,0.8593623982098201,1.117061932788707,1
216,0.4006936397543163,0.7926768074832895,1.242601584215443,1
217,0.23832370382471318,0.809106822598815,3.427048303813896,1
218,0.7428248066032918,0.0,4.240954370863899,1
219,0.5023228483980405,0.15397543265159017,1.9052356343184114,1
220,0.5600790138574855,0.9588341164993818,3.1254012257624337,1
221,0.6752921251452284,0.9841281646262527,4.314915820500673,1
222,0.01926381026327023,0.10946578376922717,2.9699275395235043,1
223,0.3560152839814621,0.652819015282572,2.1346301361084508,1
224,0.7629936198879411,0.2763914379746016,3.902942196606143,1
225,0.7432992186646032,0.8087487657304383,5.6435168194926195,1
226,0.25393847431907685,0.08691821701628938,4.053824630283821,1
227,0.07945316633460633,0.9267582017426471,5.345470741919451,1
228,0.20475466306642168,0.9234154981678381,5.253873161325182,1
229,0.9890985811966302,0.933167419460679,5.530286620418851,1
230,0.9990689387970126,0.1747269308291701,0.21521759553118086,1
231,0.9841925640573961,0.8685272888898313,2.7268972433405994,1
232,0.0,0.07937264963494772,2.950395709655677,1
233,0.04222044223322004,0.989396257661707,2.8479381596843165,0
234,0.6221166193009653,0.846992737152021,0.6449384422256026,1
235,0.8838943560456083,0.22241692113040998,0.6806088779943101,1
236,0.7702155941285145,0.24736871699841775,1.9572214665606569,1
237,0.0,0.53176524050805,3.7671710563603042,1
238,0.7427241034612833,0.20260023668422542,2.6725567756091677,1
239,0.1653607969669146,0.5660719113614102,2.2738537681649116,1
240,0.033916232159051395,0.48560621157135014,3.7604627367819563,1
241,0.6758496227547953,1.0,0.9856365864016332,0
242,0.9496410031690216,0.9535913603163757,0.2059423702988969,0
243,0.013112522759980724,0.384058993387049,1.9672768785813233,1
244,0.6213334507534384,0.7086101771266301,5.796767872099532,1
245,1.0,0.9485489430407823,5.450053094625574,1
246,0.533477555653385,0.027746246281575234,4.181487735861309,1
247,1.0,0.4878136772136666,6.051797198957327,1
248,0.13407910366219353,1.0,1.5331391866210577,0
249,0.9996552724511251,0.8281914593714073,0.8804985788064532,1
250,0.49623053633911646,0.7263393072955759,3.002853278919125,1
251,0.16487940473783025,0.417991905742142,2.5443628992650993,1
252,0.1952646231440399,0.6329754057699989,3.8655855730330058,1
253,0.13295820442189965,0.7832496307143728,1.199672007257733,1
254,0.31018041663894397,0.8219631267583386,2.854278869906581,1
255,0.8596746761081939,0.5443032105552024,2.7452789554390464,1
256,0.9141442140353426,0.7678854842132722,1.404028882734224,1
257,0.04351189277367242,0.2768567475719105,5.668869725959955,1
258,0.15706420933366522,0.5740642975010417,1.4773475369488445,1
259,0.998241277769712,0.7778050870530423,1.1812033682404832,1
260,0.19343995149757962,0.4417333168678251,5.7619363092552085,1
261,0.5849730550742754,0.8684025087093928,0.48699645414797427,1
262,0.5579515897051037,0.9869830798978284,2.7058335701326017,1
263,0.0067069419830572494,0.18728958450854816,3.613078131405275,0
264,0.27348387952159625,0.5576699069069367,2.838375181074572,1
265,0.810822062261975,0.9244213390254636,0.6821476984052006,1
266,0.9578085575077255,0.7712763465038689,0.5942749371535745,1
267,0.312670562572054,1.0,1.6983200973316934,0
268,0.8895453570694418,0.8106621858130959,3.7272085932726333,1
269,0.3097485172358306,0.9672494969047684,4.142227309077713,1
270,1.0,0.6693612399469763,1.5349335841798057,1
271,0.9434788914144864,0.9097607794547591,0.7462521360956726,1
272,0.4088730786064355,0.2602245239584703,5.1656556995203,1
273,0.3044986594023872,0.31636455865030233,1.7379597244290461,1
274,0.11778787026758974,0.7133353681415998,2.3110481271815178,1
275,0.0026414921772198127,0.4222951377612846,1.682988898871175,1
276,0.28478912152094416,0.8755234525867046,5.659840905759959,1
277,0.9201101073352991,0.22512724525598934,1.2763337881786547,1
278,0.20659843065782899,0.3493982820577892,6.107878438904382,1
279,0.9265699487510715,0.946767474858507,2.9714148359788695,1
280,0.9061241600651037,0.999416209183955,1.5157409500312204,0
281,2.965465739049746E-4,0.57100239625139,3.422276369569047,1
282,0.2369406042083446,0.6949324546704319,3.294047537169573,1
283,0.8450825627776438,0.05656223324506262,4.0243066545596395,1
284,0.10570482660251079,0.7456608348851548,5.123063924997964,1
285,0.9307524778116745,0.48220328743016583,2.112644805210484,1
286,0.0808866579879364,0.22934329540001222,5.844315041972629,1
287,0.5267814177390068,0.6551541044488378,0.733227548995494,1
288,0.41934782675121907,7.973285024723644E-6,5.304843383134416,1
289,0.6147464131460909,0.03940040751475644,2.38096946999579,1
290,0.38892856158867767,0.15502977509787233,3.0960124847957293,1
291,0.7545389088033376,0.010661835572548049,0.19236998746334527,1
292,0.9136338215261158,0.43006122986402556,2.9660812242269396,1
293,0.16120738522436223,0.9476227945689464,6.140739719208975,1
294,0.33752658701115257,0.49922970659472643,4.809557493053072,1
295,0.9339492896481433,0.5630047046364696,2.0472251145331435,1
296,0.5923718519691469,0.41650577419128465,4.1950609780058405,1
297,0.7279374155614725,0.5288569640520764,0.6402619864602458,1
298,0.8803879219075645,0.1702623679888898,4.95205491503569,1
299,0.9995692011089183,0.26350751561439884,0.9776848347562331,1
300,0.9997352210554183,0.33743749465470696,5.727454809162584,0
301,0.4817034003725338,0.3313324853921862,1.1256128543590016,1
302,0.690190943449666,0.6846111167325177,4.521184147028935,1
303,0.7588600433895254,0.007046268204074408,5.838083504426031,1
304,0.7559159794224367,0.3534124048101872,3.2368469125684167,1
305,0.8430733948662644,0.16556042776909682,1.2955278948619036,1
306,0.0014985808241053016,0.402834045360847,2.881870640837552,0
307,0.7489472328623685,0.7662730075337018,6.210535776607406,1
308,0.8399415765266266,0.37915608119048405,0.014848107045072112,1
309,2.991562700001434E-5,0.72214392187207,3.8656821376871746,1
310,0.608848874288548,0.9117958683046739,4.778669108666917,1
311,0.7326039806887664,0.7561650290111156,0.9624974896645045,1
312,0.37383576121424344,0.7209756148541134,3.217158639309683,1
313,0.0,0.8092666648755069,3.941585576782837,1
314,0.7096803394257613,0.90776478628097,2.4550644856393853,1
315,0.23035759749384438,0.09324229658997507,5.807384680062674,1
316,0.15682351711144382,0.6003742252093676,3.425624554209762,1
317,0.9180901091327295,0.8702721673939399,0.09564573261967867,1
318,0.6345971585316972,0.3726665598957241,3.7724902394859634,1
319,1.0,0.9535838531321451,5.53177423948294,1
320,0.7370739505018818,0.7416189090708596,1.4939107072293707,1
321,0.3779986680895772,0.4221833172004305,5.38351835638823,1
322,0.8383623820139324,0.001330290974332693,5.8193405452284255,1
323,0.5149405848327351,0.8939448511501252,1.4685685378090423,1
324,0.6380416769908119,0.6279999263380076,0.38134797201801696,1
325,0.17984169235456587,0.2683668798774688,0.41171930963831077,1
326,0.7084737551331544,0.3919486240018717,0.7527259679034197,1
327,0.23807975204410223,0.8492706382718102,6.275230883174595,1
328,0.02682927873431344,0.7839729072587133,5.282218222856955,1
329,0.5438968970658444,0.9753071303456331,5.351523642452925,1
330,0.026616307220110397,0.1567955595163524,2.854336553782633,1
331,0.4881915927577145,0.6827444924757308,2.9498145262949067,1
332,0.37839060057888674,0.08866196684313599,2.1292112073418816,1
333,0.07106409091629615,0.7601727717260642,1.0966673705719248,1
334,0.01999546180997334,0.3436901249557603,0.5863561864663037,1
335,0.46928514838918145,0.45442893680658636,3.2209679821137938,1
336,0.18198243636629927,0.19762368723175877,1.0534949016033923,1
337,0.12541849975078068,0.6468373993827323,1.6893860864326697,1
338,1.0,0.26880081744960765,6.1755438184534235,1
339,0.9857678036324504,0.6333935506020905,2.901528282493137,1
340,0.9849698399701508,0.45646072556892786,5.979856119259961,1
341,0.18254541745843622,0.9994288996900437,2.765052909200532,1
342,0.5970450017496948,0.7927795795641484,3.438949893619942,1
343,0.8445863932339985,0.0,4.391917465958062,1
344,2.8723462242361014E-4,0.06744605609284082,3.063805337034499,0
345,0.8777314969682408,0.8951796465516446,5.179537307446642,1
346,0.6884011984640156,0.48959694071029897,0.08981983601990405,1
347,0.5857025620804642,0.8394696559518856,3.6637033453220607,1
348,0.3416583844277529,0.9997948756741335,0.36922227008582875,1
349,0.8037857762511158,0.4204484315070071,4.5623856945792545,1
350,0.46303229290149434,0.35894619433429475,3.6524679098507637,1
351,1.0,0.9832615036847948,5.726701403315442,1
352,0.8402532305407809,0.18354938921656597,4.07419734068043,1
353,0.7197510059515181,0.0,4.8510507354817864,1
354,0.05361721489243811,0.8660006083413287,4.8507920973447485,1
355,0.7493435899684201,0.3235379573142318,1.8682769348963892,1
356,0.8009521136540649,0.5155304498481872,3.4173419554019726,1
357,0.35665448801734234,1.0,1.9337925855063547,0
358,0.24502876978616184,0.7471799636298335,1.073662002380515,1
359,0.6022632575295059,0.563167920228051,4.9706878713401235,1
360,0.0,0.3630786532492322,4.532759021708595,1
361,0.0604284685302616,0.48229651464847867,1.2505884465900587,1
362,0.24606259762874022,0.027474687625613912,0.0724699380772921,1
363,0.8263153127398549,0.19824093099679108,6.059866329788956,1
364,0.7618592287135598,0.600724256673959,1.2866490660179368,1
365,0.7658917628828081,0.004254897234114009,0.21695045825697212,1
366,0.5961098477902945,0.0026573632164227485,4.88034752044745,1
367,0.3000234790954386,0.2351769298221965,4.06723993560537,1
368,0.011716166302805777,0.8667494127188587,1.2052872147366587,1
369,0.5487726094233705,0.15068292923010013,5.154205210712621,1
370,0.3650630428285658,0.0,4.590357870954473,0
371,0.26359461879556595,0.3052131079064812,4.581155018141473,1
372,0.5382907541941296,0.5045117088528442,4.890192853675866,1
373,0.5385011051860316,0.8769309318777039,2.962491298821065,1
374,0.21639506883789597,0.0025523901969201827,3.9069465235798213,0
375,0.40819706306295617,0.39441500390774376,1.2461839365093421,1
376,0.2961825992427154,0.412690390229189,5.58021800821945,1
377,0.07704709048545202,0.9364197151122116,3.639333188128559,1
378,0.33340358383754204,0.11130938496681289,4.617676667902604,1
379,0.02240041749799321,0.9714879182231949,3.4059855561306462,1
380,0.49197326925097046,1.0,0.6698192295301029,1
381,0.39521057037351587,0.06068674276032091,2.5294809069248814,1
382,0.6379032625704898,0.13700965040549368,2.1847299268935814,1
383,0.8408497902273305,0.07885331766616312,4.810186233710765,1
384,0.0024146159852519128,0.6968358377400766,2.7976042884700263,0
385,0.7834552383876007,0.0,3.5882663534127373,1
386,0.38495533698016043,0.4871825671670835,4.337134068912473,1
387,0.5730683891015476,0.6724835320348861,5.46937761344875,1
388,0.6596207992478058,0.8648270340269891,5.416830281950364,1
389,0.5562166572297307,0.4535763100418426,6.170244885909308,1
390,0.00966233353419889,0.10576538124725154,5.365579649806934,1
391,0.26606336842528233,0.9171617130824641,0.45827162192116666,1
392,0.3738302477850818,0.18097595194178945,2.4287705289564316,1
393,0.6779587301948868,0.09065775555915602,2.4631605891442003,1
394,0.43952413811248814,0.01590357268900901,4.705954519609816,1
395,5.339013347252253E-4,0.6078303030800849,2.7663740901634295,0
396,0.3774079237279193,0.9220192953105594,0.47431125002297564,1
397,0.27613510426937316,0.9945631172044038,2.1734865724888777,0
398,0.7267225210185061,0.34881563042287667,0.813646032442578,1
399,0.5519696813995648,0.6487988109932826,5.088025388500466,1
400,0.7472738426880958,0.7069201906003342,0.5022084595507,1
401,0.9715256479050348,0.03218148545720477,4.472963473805847,1
402,0.7526513649871638,0.588909306031557,1.9081276096939639,1
403,0.25708260181653825,0.8071654467750653,2.5933611648545996,1
404,0.3955506005698452,0.2395080860302836,1.4310555790442065,1
405,0.8693581902093581,0.8019428365158086,1.7585868647858967,1
406,1.0,0.43962738888724917,0.4762392919273333,1
407,0.37646702617510625,0.9995833024364275,0.6982374792750967,1
408,0.7555723968451248,0.5120636785972984,4.280616489413102,1
409,0.8278637845074763,0.5878332654785905,5.225052245437704,1
410,0.30820841265640603,0.9914330626629324,0.014802457121624868,1
411,0.06459304869105736,0.6247016608990168,3.7506490235687155,1
412,3.241616430673364E-4,0.630003888536914,3.361322203134857,0
413,0.8070115891639383,0.9994136571066564,0.7873015612663021,1
414,0.04057685956096217,0.3542121387052376,0.23589302707752977,1
415,0.1762162635135245,0.9972253431136119,2.413782724880161,1
416,0.44397943256860184,0.3962278201594498,5.6750377989523955,1
417,0.7386558196642151,0.35059628730981884,5.083228111317392,1
418,0.9918127660653637,0.06433903417987842,4.656482018694407,1
419,0.5215435053350913,0.0,5.071516120238383,1
420,0.7724809917184554,0.7072991847635944,4.1000342547897795,1
421,0.3757899669842122,0.10862984274825552,2.3788148046830044,1
422,0.10938323723017837,0.26778334413545124,1.9988675776110318,1
423,0.6925848158314033,0.636226808414231,6.13032725759382,1
424,0.8951448538688169,0.08730768752966583,5.060594095956666,0
425,0.6814627613359523,0.2270489161684705,2.113407016788702,1
426,0.1573748344700493,0.5938671204398829,3.950802729494354,1
427,0.23695983972890666,0.23996664541189963,2.556195112962144,1
428,0.05299811091158896,0.06531097987948185,3.53619671716611,0
429,0.6423610636711833,0.9453427287922819,5.023540119252459,1
430,0.031967385723440066,0.6203682279539898,5.799859745095124,1
431,0.5898928829139614,0.25695308015141194,3.3082441616326563,1
432,0.001838495117393151,0.06933153110759102,2.322587127161262,1
433,0.515403681051691,0.6871613003664723,0.40324850751615493,1
434,0.0,0.7724675759161009,4.321835218209071,1
435,0.30761278331382763,0.7414865548358649,6.138514318483509,1
436,0.9117967490636362,0.28695439381217025,4.213342276458651,1
437,0.17579559039168607,0.03207450250309672,5.512706356726813,1
438,1.0,0.5374075493022988,5.321977574666657,1
439,0.839062352946884,0.3205306529020855,4.321471545256725,1
440,0.9463158289964738,0.6221863092719911,4.630527433781275,1
441,0.3370767494758675,0.098339711863129,5.752011234679608,1
442,0.9354382311502559,0.4893955059712492,2.800549547306289,1
443,0.37509574200619056,0.4111803519345492,4.573855378744149,1
444,0.0,0.5318491530011653,2.828548499728518,0
445,0.5868862533074531,0.37147687710326116,2.861639100238267,1
446,0.49256755081571324,0.8500415524501544,3.108104909974942,1
447,0.7048821445056793,0.3373802442193458,4.953684998171985,1
448,0.9409213221777288,0.4258531047941246,0.14116214151013748,1
449,0.22550780778708995,0.49049747620033074,0.20784118863105405,1
450,0.15420216162023126,0.382261653296614,2.0123276329179385,1
451,0.8611186270751584,0.9960256558909024,0.7450019747384585,0
452,1.0,0.30305516311987013,1.5482747416090257,1
453,0.37854287385563634,1.0,1.9607056848858995,1
454,0.22156066515984368,0.8565499887229292,4.021100374105255,1
455,0.044229491587848606,0.05698911927025348,5.109418117858937,1
456,0.8472407918360618,0.033121785428887475,0.0640227557521511,1
457,0.7091385475366705,0.4100032206008579,2.6842386044057087,1
458,0.8356277585263228,0.1561634773919102,3.4074579446843463,1
459,0.43246789167401317,0.003920367355639333,4.129840888688048,0
460,0.3209928262178128,0.19904806233493014,0.2362555898284367,1
461,0.6175167943002108,0.9466296921815809,5.016451882310059,1
462,0.38740674483258924,0.18137998160453714,0.7335039844110656,1
463,0.32072832017738334,0.5153647341504208,5.923140857283987,1
464,0.776220391518294,3.7004311656365914E-4,5.201806933526725,1
465,0.4044877247191891,0.5654088211795596,0.6516969067623686,1
466,0.0,0.6045735673813879,3.9110176581513207,1
467,6.304674277794336E-4,0.4201784933305363,1.8807816467293805,1
468,0.023672180585077866,0.7563551788589332,3.953140404396688,1
469,0.15272738200328317,0.9761109982708708,1.6178237411658316,1
470,0.028443792185108657,0.7091111632860705,0.7083491940366125,1
471,0.7925318454973075,0.8760551227856056,2.612941363712556,1
472,5.926653125255013E-4,0.3604413592378512,3.382065013329226,1
473,0.3260805327855341,0.09729799725918538,0.8861130492998728,1
474,0.7649941638941864,0.8860976008300976,5.908898483459217,1
475,0.11391311275594719,0.11662043638752825,5.027480845971975,1
476,0.994770979350926,0.8790178037511017,4.7749495770878845,1
477,0.9542824770959981,3.050152688655652E-4,4.292297269833463,1
478,0.7011993570423175,0.7997319380073759,2.949293093871684,1
479,0.7941004937848325,0.7874118222852069,0.5357021301556016,1
480,0.5851771701101586,0.9333840272880115,2.944792379393928,1
481,0.33426869443582913,0.12028416434340983,2.555080466158229,1
482,1.0,0.12932049737712317,0.2439147940185976,1
483,0.151552929905109,0.6943286729905043,1.192349670978332,1
484,0.49337102781061304,0.910597377998893,4.292940054147872,1
485,0.7576231557592675,1.0,0.9855906289880632,0
486,0.291440817601348,0.46097782091090184,2.609699724335829,1
487,0.21415152764838993,0.505088085842397,4.032755573638518,1
488,0.5347235890727248,0.905348887695092,0.4209522671027672,1
489,0.6721204673544213,0.4369337035131246,0.06873293647794577,1
490,0.24117661582670497,0.6981787909501334,5.3196856826969166,1
491,0.3896467351420303,0.2354932793040789,4.680784447206978,1
492,0.8800491736266487,0.4478474511196302,1.4698813958753478,1
493,0.8371169236559505,0.6833349688467025,0.3415812418500344,1
494,0.3637552890991848,1.0,0.6970501221566952,1
495,0.7974907928740101,0.23712525115087538,1.1804711961408811,1
496,0.241733136922646,0.29668898518747755,4.690177844083946,1
497,0.9409706680975137,0.8304579704363633,5.671458695411269,1
498,0.845552734740897,0.49637859650472466,5.470461323652701,1
499,0.9976840296064147,0.6063398869150823,0.4238093570868622,0
500,0.7083815322300272,0.09111718620963469,4.5450577385018525,1
501,0.022861136321824703,0.20147092406986308,3.178207251002074,0
502,0.905260901145162,0.32114444317852486,5.941916487028727,1
503,0.5677440540987335,0.8461640704153269,5.706497847428393,1
504,0.8692844890358609,0.17336321274422187,0.62533292500298,1
505,0.9987720649803644,0.18281908043668016,1.4889789293447742,1
506,0.15747663300780115,0.25892020973084345,2.0277661261278546,1
507,0.0024188530032984586,0.66051817132028,4.421592501774646,1
508,0.6529430657569617,0.8782483403011515,2.7329109277956865,1
509,0.12540768773724253,0.153423334196858,3.5152227679441967,1
510,0.7017662755421342,0.7862392034825609,0.7108050375096873,1
511,0.7253986632105367,1.419635945101645E-4,4.706349600241085,0
512,0.9885235806888916,0.4528729434212716,1.8659824767809137,1
513,0.12810625860810562,0.5581122155673917,3.472869723758744,1
514,0.6030090750427248,0.0,4.024193318367415,1
515,0.6205647199679355,0.9987009541506897,6.100792748195233,1
516,0.729475769628833,0.48059557322415214,4.925097590608726,1
517,0.5476270937893588,0.9981795316493874,1.1681529141974756,0
518,0.059197727334407736,0.28515146911659883,5.85707874969574,1
519,0.8686384655536553,0.6512955188085525,1.504888015554312,1
520,0.9988139085268606,0.4556019366957313,1.5641523523327743,1
521,0.165755695942453,0.7312032909892371,5.240502781454361,1
522,0.02372301369769797,0.1847624314225219,0.9611355366397968,1
523,0.30811736940417767,2.381112876118466E-4,4.738281892476171,0
524,0.9999498684127425,0.040252954333486475,5.142104418166705,0
525,0.6692366404021772,0.0,4.039521548022158,1
526,0.41492325338863806,0.5951518427660732,3.9181751117699744,1
527,0.16682359401577038,0.6934951309242482,2.506592380251005,1
528,0.7347734750966299,0.8077055464421745,1.0104606438434192,1
529,0.5914793298620898,0.33764631556714325,4.015492989244723,1
530,0.16530896675536383,0.5104456223572955,1.4860689097610877,1
531,0.8939512975358728,0.009064661953170357,5.105189331241618,0
532,0.26152410348556604,0.37464503218700024,1.6762405843220791,1
533,0.044205229809827905,0.42848947098495627,2.5392992041219653,1
534,0.5339672223427399,0.1383358438651432,4.779671780242515,1
535,0.8843205814873561,0.0028234202011517755,5.297299982893989,1
536,0.18280907727265605,0.23038985349163232,2.9401106552856238,1
537,0.8264994316051472,0.3008704619674989,5.253455942682292,1
538,0.5383137727878978,0.5376494540629613,5.5920356650241825,1
539,0.0,0.751498685618999,3.006477740585382,0
540,0.9339877851323424,0.22998073276394548,3.4066369008083086,1
541,0.5268888434415933,0.0,4.5323436781936115,1
542,0.8484043057208845,1.0,1.7409902630079785,0
543,0.766012438325169,0.4808421909938544,4.438968337443827,1
544,0.963031422903365,1.0,2.47209043426092,1
545,0.7359268438952719,0.2660566687298092,3.864367058409776,1
546,0.5818138558022721,0.15431585871456557,3.3485251473245103,1
547,1.0,0.2564513545025273,5.989046356711138,0
548,0.20250493749214843,0.8945253836350944,0.044878318758025705,1
549,0.9848227287764311,0.5992044110647333,4.322330676269775,1
550,0.2826659285262245,0.7881459165850996,0.5321122885167334,1
551,0.05749909157920892,0.15996397911413449,0.23950614866689468,1
552,0.8071989313718577,0.07789123498883786,3.767519940053956,1
553,0.007257416971874624,0.6558261038403694,4.944608415590052,1
554,0.15674067901180425,7.368599370236511E-4,6.157913411714611,1
555,0.0495313155585056,0.8802791447513152,6.0059160168265295,1
556,0.9214073874228982,0.9977384035994702,2.522138084834793,1
557,0.8971310585128262,0.983365928867532,0.9893460058784675,0
558,0.66954476287606,0.9616266268398606,3.572361152243668,1
559,0.8192682666136738,1.0,0.939679562835323,1
560,0.4084301603410566,0.29472776577211024,5.390238753778904,1
561,1.0,0.9062228975402696,5.397715397827619,1
562,0.2458993314883148,0.29354006394176074,4.850136863970344,1
563,0.9502582935010946,0.18514319994642847,0.28830654542763334,1
564,0.9993507408108812,0.033654182269269736,4.514869915116166,1
565,0.5810298099221041,0.5224018055937437,5.08797496909988,1
566,0.39053099505429484,0.08625823883033364,3.26726956377933,1
567,0.8114091997139505,0.3317296151216189,2.442277541449295,1
568,0.6604871464603752,1.0,2.6474297652640946,1
569,0.5103643070256553,0.5173422281485919,3.6168214485140164,1
570,0.31560069688423453,0.7331653030052406,3.44591593069297,1
571,0.35342827129335647,0.5064419859346321,0.994938489301833,1
572,0.5943577544900781,0.9442045727449884,0.20254480145855785,1
573,0.05405072805007921,0.8947411171554547,0.6190552704995624,1
574,0.06909329727661774,0.6582651393947787,4.782241200219859,1
575,0.8107310511279671,0.1778281948672484,1.844997360305632,1
576,0.45651390331706937,0.02441872995944474,0.7225333713164582,1
577,0.3438064283453492,0.5889112994526723,6.260471192712835,1
578,0.9680673386165362,0.7087370946341417,4.471226242202137,1
579,0.07003356940453419,0.9304290645427269,1.898660951102279,1
580,0.14802268968941837,0.9476771169996534,3.6793842560733654,1
581,0.8391252293826723,0.41321529332798973,3.5392500067943273,1
582,0.6348169727705015,0.8031364532059215,1.4322608073700824,1
583,0.7699108076212162,0.01835713650053612,3.1527431194691293,1
584,1.0,0.8797202282522943,5.339246261823139,1
585,0.015535975524145033,4.3681097499482076E-4,4.640916045798096,0
586,0.9124185324274189,0.3617465315454937,4.686004855358386,1
587,0.172947492607316,0.13107927325160912,1.4306052865071373,1
588,0.8289668250798968,0.0,4.7553506331398285,0
589,1.0,0.48354276682395037,6.213381073932146,0
590,0.24016069365839376,0.8631812676918955,1.591308841191753,1
591,0.5050061228078632,0.3204820863627542,0.09844316508434137,1
592,0.9139059520830737,0.7237180095418698,5.351523575094531,1
593,0.29102689681590993,0.41734687153605865,4.275985790667989,1
594,1.0584993248559469E-4,0.10766158471718361,2.0010877739536874,1
595,0.3362858574166084,0.6033961289532758,3.614181443005725,1
596,0.856934871159634,0.23292103561025776,5.998895332917554,1
597,0.2675181572032345,0.6727633846454638,4.801733023942036,1
598,0.0660075132035622,0.47270095804136136,0.4608845176164114,1
599,0.6988003536409151,0.9532963879679052,2.31741069136943,1
600,0.36086856701358344,0.3468204235124473,0.07110557757261787,1
601,0.5273257506435554,0.523574892140794,5.410963527065885,1
602,0.6975823504608506,0.9170766615521891,3.7837003432141385,1
603,0.005088755394257418,0.11066686961411688,3.9258267853041637,1
604,0.1583565271601864,0.5560171322132489,2.8921828775332474,1
605,0.7742422076888282,0.6920365897880771,3.888863288507487,1
606,0.4283449155697182,0.15797759460954977,0.7341768111930109,1
607,0.7510779284287302,0.039047351171858875,6.202467473419653,1
608,0.03917253152374686,0.3821800760220789,3.0250081354422735,1
609,0.638335468561442,0.149877188896777,6.219703081562745,1
610,0.6509291363710356,0.46117393110389726,0.8788649253423794,1
611,0.7443790582043374,0.36972323277217756,0.5747864801594277,1
612,0.027812018963962154,0.0021786566591845344,4.939870711228587,0
613,0.5236827962551583,0.0,3.3632185319966132,1
614,0.9999252953668325,0.17558393009501894,5.825305500473341,0
615,0.7592694581363661,0.7098909078363943,6.029907660364951,1
616,0.6709413103548468,0.8653439899122477,0.9294122279058482,1
617,0.12724155494343586,0.2699805731381622,3.0528662635330006,1
618,0.2825805300339947,0.3585900386784499,5.201966568854702,1
619,0.9991629710844696,0.24144518779481663,5.918155287414907,0
620,0.21580428775022917,0.8799139242598394,2.112583519248162,1
621,0.26636590656988235,0.45314764761899456,1.9081323711275697,1
622,0.017161093676791448,0.32855579024289744,1.1386290165269728,1
623,0.6540126223902362,0.6996257636653958,0.9340326182138377,1
624,0.2566148511181985,0.48788645413545995,4.314308981913092,1
625,0.12213052231905663,0.9077164085542498,5.372711909026726,1
626,0.7747194303015886,0.3069545935833643,1.8798802535572865,1
627,0.918201572586863,0.24974787673244053,4.533413905137571,1
628,0.9703462769398377,0.3615610116791979,3.4447842758973377,1
629,0.8130939965913396,0.7305215072026566,2.019706639122499,1
630,0.158346675834596,0.9994983470553115,1.559039624428874,0
631,0.49484123757449267,0.6612719919158816,4.669895470888907,1
632,0.7672993342457343,4.469840319948535E-4,4.693659980976866,1
633,0.5487571623988373,0.4875001299533809,6.0232735453552975,1
634,0.7201463865654968,0.17631266094745146,3.822482456674426,1
635,0.6706575108141908,0.35404088258188865,4.345096207712037,1
636,0.23376559162211166,0.4461539265955674,0.4861563050175315,1
637,0.779982199388695,0.006133378388097331,3.155581390969687,1
638,0.9798125345652022,0.644410837640065,5.766939923801887,1
639,0.9449288681173941,0.36407265494827884,1.825750947462693,1
640,0.9092466243228556,0.6978283122464305,4.349146313922241,1
641,0.30515389536137305,0.5775145717441883,5.8953034243053475,1
642,0.9987102899122668,0.3913451303555645,5.1015843023160885,1
643,0.7969576286232422,0.0,5.576532114682528,1
644,0.5554656136809146,0.009856580011901291,0.8764581592840602,1
645,0.34869089628184124,0.7232948752333946,3.2431764316861775,1
646,0.7994742932497049,0.001626897208145398,5.119750029461123,1
647,0.5179939874047992,5.30658030909291E-4,0.34252007247552596,1
648,0.18912526852442665,0.1380445483398979,1.0101326306436653,1
649,0.17186550698015146,0.9992320526981235,1.7391473400581785,0
650,0.003690207191963321,0.9455579598409632,4.748641105179065,1
651,0.8399793949918444,0.6456855757831355,3.35846680401624,1
652,0.3256652322198387,0.6280597205306142,2.3484309705251465,1
653,0.5343037553634773,7.985947172932819E-4,4.281355514847667,1
654,0.9376926977059823,0.990106206807938,1.9471066449384438,1
655,0.5052226301149226,0.6501812312606178,0.7657244888903396,1
656,1.0,0.9223044649795231,5.661643287236946,1
657,0.9089953325818966,0.55329654229453,5.483596441454484,1
658,0.41075160658202564,0.1927005583462887,4.20442202789161,1
659,0.7486546178940436,0.5662555514332948,3.474188682852823,1
660,0.0,0.08945985096529699,2.4785349005924213,1
661,0.9108177912837753,0.96130284278231,2.8261299445927306,1
662,2.090072342759933E-5,0.5738307639379123,2.7022545061433947,0
663,0.43601993060109917,0.3389502506434756,4.8638598252146545,1
664,0.18988951729379625,0.6131037829860493,0.14951112050451254,1
665,0.9993762602937698,0.44584006269365706,5.358143004478075,1
666,1.0,0.19030653846979131,0.02003860991196227,0
667,0.45093242701800695,0.2138511262968909,3.8819010092476804,1
668,0.7072921896344783,0.91559998275176,2.6046109902332244,1
669,3.785069995963722E-4,0.34441407788567235,2.957266327581843,0
670,0.3612494844673004,0.6221263817281523,2.632795824468268,1
671,0.3119860508144478,0.9473445221127806,1.6995220448948414,1
672,0.8071328909218525,1.0,1.8999399895322449,1
673,0.31414084410439364,0.3933558158696046,5.3095639637329635,1
674,0.5763477352167036,0.5276718093035957,1.1286327895703454,1
675,0.0,0.36203961205522506,3.7934188313417847,1
676,0.796690593961446,0.5023918049631794,4.9157105015592,1
677,0.6723335521522609,0.3180124290070975,0.19590374357182314,1
678,0.6138224190175952,0.16113502195848833,4.480119157469141,1
679,0.016349395754381595,0.8397600049732786,1.6170126314848898,1
680,0.2095925235486322,0.0029533491167358255,4.438465683226663,0
681,0.7872589333549361,0.48850156328233113,2.567846440293032,1
682,0.5799520887862372,0.0,5.089650828782813,1
683,0.540405642088297,0.6826446669514324,1.146500624312038,1
684,0.9795199659682805,0.8239294041304729,1.700644456094168,1
685,0.22875902180100274,0.2740010686511078,4.893616672928263,1
686,0.35082661536395376,0.8331025388250243,5.157950667945127,1
687,0.40886807588956764,0.9821860862999723,0.20893703196695462,1
688,0.9688467486211649,0.6645216369168422,5.104079142450778,1
689,0.1526578353124368,0.5769056905076339,5.464103333071892,1
690,0.3856260962622734,0.3655441946386309,0.9408998996805433,1
691,0.6650772282469332,0.4950752666990036,1.7461945153808056,1
692,0.7749089534359176,0.7255844960606022,1.5988094703325455,1
693,0.08736308500462908,0.08769067334123243,0.18349706500898363,1
694,0.9039212126842313,0.3158724307786654,0.13567287843813475,1
695,0.2809346183853427,0.3221203147850647,5.112205497407247,1
696,0.3315376493739447,0.018425817286451093,5.175882223699461,1
697,0.9112550870980324,0.424735946508737,0.5193319374313903,1
698,0.559071366527463,0.43063081585507534,4.215511180373656,1
699,0.1658276305210672,0.812693721009909,0.22715481696128229,1
700,0.25205322133881475,0.8841883995315548,0.8770142612503684,1
701,0.07310861800088284,0.5992393737625556,4.016564911718058,1
702,0.8945793385097487,0.7260385969977429,1.9379401271920986,1
703,0.23885222389502872,0.8001316528874505,1.7797650031947758,1
704,0.8941471176971068,0.0953197296358597,4.003621012475961,1
705,0.7601707580257786,0.9987120156755683,0.5424807048256142,1
706,0.5375839399044756,0.9996483792551897,3.1250996695360223,1
707,0.9203958808386402,0.2298936436405284,0.21270919888698925,1
708,0.10939036391331165,0.43435779418428944,5.5939416945000024,1
709,0.6277606320372899,0.027540758553970188,0.09199748832531413,1
710,0.9279622444355538,0.9765905956208726,5.543800564058744,1
711,0.6639951150991051,0.6164970841359109,3.6326367234507777,1
712,0.012665616290417894,0.9990871684641494,1.4873995537634326,0
713,0.6900069518641436,0.526762492081986,5.687002636428152,1
714,0.6995756232774817,0.07956979644244443,0.5641959025469337,1
715,0.8234398847110797,0.9995257860780811,1.467453659970811,0
716,1.9730175940572243E-4,0.932067738159555,4.625569595693145,1
717,0.14234591577624256,0.9995597911955475,2.122322380484436,0
718,0.3594909718638427,0.269412458900482,2.8625077708907227,1
719,0.2284758192181022,0.3799787519589435,0.18059679266642542,1
720,0.021641163507720572,0.4194304120880295,2.0001743369615124,1
721,0.2202317365426913,0.309352669680327,2.701215549014717,1
722,0.7854858124305075,0.2687503117330234,4.148310842812271,1
723,0.7222525791381827,0.9665671578062022,1.4817913861683585,0
724,0.865754437552201,0.941703331291962,3.9210642183629894,1
725,0.3499453103806666,0.2386832162789077,0.7869088799443211,1
726,0.7790867354777435,0.34776636371789,3.9328827791096015,1
727,0.8413310614352212,0.5306927762390151,1.1738212930482508,1
728,0.18774418941565713,0.5586298300456436,1.4407966636280616,1
729,0.8322037045386207,0.7649165560763753,1.823829502841982,1
730,1.0,0.13399524542448368,0.8407365971325045,1
731,0.22152766266824012,1.0,2.248203629361891,1
732,0.8057252802938767,0.053511691165722505,3.743221402689488,1
733,0.35045289127103774,0.8718841403599781,5.62129621745132,1
734,0.545326516813,0.3245226659198475,0.9177417796148539,1
735,1.0,0.042412550929297056,0.2509651473904382,0
736,0.44960484940100975,0.2647481267794147,4.421895217825533,1
737,0.6941236887214618,0.43797549025805554,3.09304769410505,1
738,0.0026086281039243214,0.2775900906421605,3.4920182472240087,0
739,0.23482473156161576,0.39866379708362526,2.8241193594919984,1
740,0.13368621916854306,1.0,0.6713661834469041,1
741,0.6229155227089319,0.3149533827580015,2.9666521491160105,1
742,0.34687846639088993,0.9536812834844852,2.653391070897668,1
743,0.7429878760898195,0.8653830564396998,2.7050831630456864,1
744,0.18193550894334606,0.34941910918795677,6.147556457944202,1
745,0.08808472795402676,0.0,5.111049577976037,1
746,0.7879362051055258,0.4265160239525434,5.796607387195813,1
747,0.8800161135351516,0.01464896237368131,3.5007750270852487,1
748,0.6836869771971152,0.9667120008820974,3.5174654517075687,1
749,0.11549583660217948,0.48682130895109416,5.94187030768781,1
750,0.050639497819069935,0.5240978982782083,4.016559556087195,1
751,0.5669727246134402,0.393655901253383,4.178825758395841,1
752,0.15778033318824036,0.8100471226101351,2.325645907720583,1
753,0.14728457127058403,0.5860715386006664,5.490502186943703,1
754,0.6267171541999556,0.45962199595063413,4.461019948595678,1
755,0.622027289268811,0.5663668432145744,3.683515844717718,1
756,0.9412537670023049,0.17943766342813525,4.262839224866091,1
757,0.9983830810394732,0.6421387966583237,0.2689794111999219,0
758,1.0,0.2776701726881238,0.2765428917820547,1
759,0.8825332419509764,0.7418383260711388,1.315357938722517,1
760,0.22324798753966335,0.9263152206577994,6.227124048853757,1
761,0.3801424129189427,0.35157715970446035,2.2579649539813706,1
762,0.09867603524520764,0.9885437835446284,1.6271718659627583,0
763,0.6413160914486018,3.897549292637043E-4,4.3611181252135305,0
764,0.4270438866550452,0.7571882458585917,2.756961658827912,1
765,0.9991875953988332,0.3409498425916384,0.14196381069896236,1
766,0.7992709074925878,5.165639293495878E-4,5.565018836966744,0
767,0.8845768299668028,0.6514031227200848,2.918689611751881,1
768,0.2638024731737966,0.5314898828117663,2.4337199661180593,1
769,0.30584792361897134,0.24940714236533443,3.941771327078161,1
770,0.7520245031596913,1.0,1.2035164150157858,1
771,5.348231812152764E-4,0.8076659909185755,3.7904686318513763,1
772,0.32864149305437546,0.0015512311411993423,4.830726318619713,0
773,0.507537076339084,0.8314334195648494,3.3312012725714317,1
774,0.009950653710036334,0.9103653315036344,1.0823016992140835,1
775,0.7990296398019734,0.26987233126823,3.835732379188141,1
776,0.2907045716098026,0.3950076265082108,3.3068819118601,1
777,0.31111254626372387,0.935799156781768,3.6332627614063777,1
778,0.9528068347450195,0.887006297813358,3.1592150698710286,1
779,0.7492576023383791,0.35794524492551993,4.377088680121157,1
780,0.6704702291904829,0.015371168887243297,3.118191099769486,1
781,0.4553242655822118,0.48150208948505213,2.491490634909259,1
782,0.4622567670724244,0.19011681375099992,2.184979175021758,1
783,0.14575644656314135,0.7209028312164165,1.4568836580902014,1
784,0.9913455007490677,0.9364953436508366,0.46035924281576396,0
785,0.4249952327005462,0.25843216040935263,1.0342866242708764,1
786,0.19882920954096603,0.23851729113567066,1.4884799727213454,1
787,0.060467611893486456,1.0,0.41598963341778605,1
788,0.6764880295381563,0.6454127130573215,4.995765753775769,1
789,0.9612107948932316,0.29153336912524347,2.953006606148734,1
790,0.11779595724769779,0.22265407491576272,1.1868622969760847,1
791,0.21756029377410968,0.5852191566285033,2.2833935160703316,1
792,0.23889134424789002,0.010803634086516713,3.120608886471637,1
793,0.5767400613524146,0.7502805607137687,4.157708960798613,1
794,0.028205333436120347,0.8221728332216929,3.6890024144918696,1
795,0.6692502985714289,0.7092389662401042,2.541398500841781,1
796,0.0015470979921356639,0.0,4.905576511667296,0
797,0.6393028783594434,0.0814058774147613,2.5043635877016186,1
798,0.8000620025859817,0.3201654082937603,4.432812210893016,1
799,0.8161218056296828,0.5492874135699429,0.7137563119456722,1
800,0.9935134017775076,0.4625806032970218,4.170222989149263,1
801,0.5928321598391465,0.8229917449176488,2.0145916678512665,1
802,0.6506024244775281,0.8832021659705946,3.215543102309798,1
803,0.7563636724244058,0.39776027135980335,5.120494250605545,1
804,0.6132210958436556,0.9218286459557716,4.204710349060874,1
805,9.995551144861452E-4,0.5008525414144753,1.615533751082498,1
806,0.4393552076743449,0.15614679026559478,5.579822003383232,1
807,0.4844425217209128,0.9984338878880042,2.929465835730225,1
808,0.6569763742521031,0.0010981348213116398,4.6728037043707475,0
809,0.2990039803901682,0.16204939208921113,5.216840531346584,1
810,0.9970554803633472,0.20207178287741118,5.202754768001355,1
811,0.7356395671678309,0.9365846445040691,0.9320624196426746,1
812,0.1714390194347588,0.6587925562159257,1.8548468663040154,1
813,0.9667210036217578,0.9653053098640134,0.05766999765544832,1
814,0.4133440388141361,0.30957305431838755,1.2702226937134335,1
815,0.5515789124998087,0.412273259532167,5.451925540452078,1
816,0.6765824361051197,0.489579456385921,2.8679439323641267,1
817,0.3669542278875647,0.16220701160010503,4.223709298579631,1
818,0.9299867656825529,0.7811308502074614,1.9846614421422333,1
819,0.23465287833403262,0.005418495487988251,3.5937679504962508,1
820,0.2591864576499927,3.670132521812375E-4,6.034920564113649,1
821,0.44067236431011425,0.3111664517265645,4.358537500572089,1
822,1.0,0.07820429866024171,0.35247323008115916,1
823,0.6115174706821701,0.7339917569045249,2.7915211309276162,1
824,0.5973254126067011,8.058191384721062E-4,0.058339581106843674,1
825,0.7214629021349953,0.3383375832713086,6.216456305065051,1
826,0.1363933161835028,0.35286962791743537,1.4863505811210578,1
827,0.7084722643159993,0.5326116242675414,2.88645300625957,1
828,0.6201842050470409,0.17612640017484402,4.597265776012867,1
829,0.28913562969747847,0.30935668145810385,3.9951792628577043,1
830,0.45119135152663403,0.6509937295225747,4.692099136886643,1
831,0.8691099912342267,0.770302529487841,3.6436985574701524,1
832,0.6826924483314873,0.0,4.656115304793075,0
833,0.021839915791113544,0.5538654695149827,1.446957062850016,1
834,0.9821821951033263,0.5409193469003069,1.9544162935696516,1
835,0.48197980192298023,0.4027142187505971,4.497201686367065,1
836,0.03477997425451414,0.8197863214130517,0.9845096120163592,1
837,0.8612847661813476,0.3412481854943666,1.5793569811659696,1
838,0.7202415948991348,0.3020730819356174,3.1241276915297362,1
839,0.12774123915878124,0.6121569170262082,4.8922972507096745,1
840,0.44423014690809093,0.9750919511659999,4.14165590801072,1
841,0.7021829625410264,0.5687462902071199,1.9344303202986373,1
842,0.09412998082503782,0.13318128775855967,1.8163718991539237,1
843,0.7477557089739837,0.21969826761482805,1.2434686786696676,1
844,0.9237914818438949,0.9907674170460694,3.049823573196849,1
845,0.4710940238434384,0.8474184294841813,3.7278640243728445,1
846,0.02317340315932885,0.8426319696257076,1.6394143731250403,1
847,0.5126888105472596,0.672988627065463,3.234888650551864,1
848,0.4502159446596171,0.20480718665645878,5.849198334788955,1
849,0.037799896395341405,0.6847443434270692,2.790901167619534,1
850,0.5555849029884911,0.4833508359086235,4.1488914642738814,1
851,0.31136274070376635,0.10711484664487939,5.478765528609524,1
852,0.2713353695252976,0.0,5.7491078505936954,1
853,0.4409025601839132,0.00250952566645211,3.57080029740638,1
854,0.8981162225983771,0.14269642506798544,4.8718605630422145,1
855,0.042239983932574166,0.8407716655740137,2.37876530715209,1
856,0.5427900603639222,0.05220515919422976,3.7994468958041265,1
857,0.16207366610272553,0.6956317838850903,2.3591294033368753,1
858,0.4028946135883653,0.10589656066940707,2.3196830546809797,1
859,1.0,0.259142155767318,0.8089521150630431,1
860,0.5596129278990437,0.0,6.085041496969572,1
861,0.2918335738969981,0.0,4.393465748420961,0
862,0.0,0.24760790709133026,2.172374985237896,1
863,0.8605851497822633,0.6408980744269602,5.491405490477603,1
864,0.2994111265402002,0.9890180344592369,0.007720542544999098,1
865,0.13268875884007944,0.8706335952813506,5.0747957173222265,1
866,0.3605393343525797,0.0,4.955373215114506,1
867,0.8127385985131649,0.7950587475161837,2.639059492871282,1
868,0.5910779721515128,0.6773445585508139,4.294836562990063,1
869,0.6524837216235184,0.4372594857299434,4.514702398682858,1
870,0.3638751954586534,0.1743635698873726,3.876918894984426,1
871,0.6480479850822819,0.7861104659292405,5.705637190362371,1
872,0.18020532223394845,0.4868436152867977,4.346899524511173,1
873,0.2526016450924247,0.37952033087445874,2.24636211705147,1
874,0.15258285788037518,0.5207659979267143,5.221297153569964,1
875,0.9889545871533649,0.516198581952126,4.890443922013009,1
876,0.9984737149451485,0.9609100942294074,0.02064369095932873,0
877,0.9997471109461874,0.8202768048191879,4.905095268117038,1
878,0.4988533854022196,3.9241561500332476E-4,3.694654340514227,1
879,0.45551026511395126,0.5202911052432435,2.3365581065918866,1
880,0.3169632518156004,0.6512490798640118,5.456856979026655,1
881,0.022038869718929117,0.5074957729001854,1.9546921703630429,1
882,0.07018746095167246,0.15874632726028515,2.4741360587418835,1
883,0.7125834023019308,0.9316579488860076,2.3912233824056575,1
884,0.9660674162120871,0.6944224006007602,5.495401666587392,1
885,0.08206732292917723,0.6221009200816153,1.102856192679308,1
886,0.14474798064011427,0.8196490915548396,6.1147268932221905,1
887,0.8639012227154993,0.9299328975008608,5.9728993430008686,1
888,0.5572990716730295,0.08339726022787056,0.8053074113865178,1
889,0.8522782723632589,0.4119318872230422,2.5728795691568696,1
890,0.28733558229150524,0.15352284877566127,2.6116511323693183,1
891,0.6270793688278435,0.02216643854170796,3.9996275953357503,1
892,0.05301024685722226,0.6927174276192432,5.815486894622569,1
893,0.7292167248284697,0.39467011283491865,4.149234712393096,1
894,0.5372658332987522,0.20712573717854885,5.596971787814801,1
895,0.19688132187950935,0.5927059782085491,1.1328645895621687,1
896,1.0,0.1895863921927675,5.959676352551618,1
897,0.39300148040756433,0.9993737203993539,1.9192017868152154,1
898,0.8747624899848356,0.36891918844117194,0.8494472240973088,1
899,0.9118177963344254,0.680284062005288,3.508730086403263,1
900,0.9941329304399491,0.157090088274391,4.339703194271968,1
901,0.9916011204341211,0.4663471469823986,1.8740018987069351,1
902,0.7038260938848467,0.38879901286139135,1.9394975869052458,1
903,0.9038568205392639,0.5920934615457227,5.15250503366295,1
904,0.9183748410564313,0.9943854333321575,1.1810636858078063,0
905,0.29782799984136465,0.3358040410638808,1.3141781998524382,1
906,0.4097680516050008,0.9996605585061431,0.9309230405987295,1
907,0.9974695296920285,0.3581629955480066,4.688728274015234,1
908,0.5696422355595753,0.2570865871886785,5.04045288384026,1
909,0.41728861984413956,0.4625019525980271,1.6738277078991983,1
910,0.22885677166907778,0.30092245224917274,5.28074461239115,1
911,0.29857543094813294,0.31432351305923095,3.7708966796417447,1
912,0.757951520873971,0.32817484458359686,2.0742615052945568,1
913,0.34169452098019476,0.495967239788077,2.8140521833593573,1
914,0.2199264230183802,0.7111584109378947,0.2867169159407433,1
915,0.6975673041307242,0.4026762627398525,0.9800834286252049,1
916,0.5098063425071827,0.09557455214441828,6.14524818130299,1
917,0.8647767406315154,0.9633295357399729,1.0851200420819842,1
918,0.02779662414479949,0.5540255532147855,2.6045869076503836,1
919,0.036074224890382305,1.0,0.9016859095199762,1
920,0.568479187503516,0.39165948975619563,4.011017940831525,1
921,0.462392274106301,0.43507731563636487,2.0444113483342354,1
922,0.7050413950696736,0.5510321674508404,3.8713339882132027,1
923,1.0,0.9092561269818591,0.6172710748277785,0
924,0.20089198680911163,0.48533614665674674,1.0316261298500597,1
925,0.41057046436973393,0.21833323784271239,0.09870098296156704,1
926,0.6071752313140665,0.923423336251066,4.159380935716911,1
927,0.9157184521614683,0.5542883159751061,0.2848624429450483,1
928,0.3514137189972639,0.5962462777081141,4.451251586880304,1
929,0.061254793574626966,0.29409567216378674,6.156513635076799,1
930,0.26495827476477785,0.31797199861817677,2.6441451099086626,1
931,0.1883873240550907,0.9233688106007086,1.7866675462632122,1
932,0.4232787438199361,0.7696382412126825,3.668463494861353,1
933,0.5829874295493052,0.22623794911736486,3.593084636936222,1
934,0.5980272415633031,0.4663885338244228,4.991362160330399,1
935,0.07601939556000184,0.628682114669184,5.612633840367936,1
936,0.06849192471083396,0.9445773075484886,4.846021989512045,1
937,0.439164926889989,0.43498306668259223,1.5466962381428615,1
938,0.009168071805400689,0.4607852955098924,0.4157775342367299,1
939,0.7194854781888248,0.9139159430276886,4.039630200745093,1
940,0.4926649947456303,1.0,2.1742518407914964,1
941,0.7555055071149485,0.29248190244090344,4.838694026506337,1
942,0.4580443332508144,0.7044961782395677,4.211527248194366,1
943,0.5761317916452631,0.7601785205208065,2.832053887434432,1
944,0.11967461926454152,0.9953380605671757,2.6878869329436244,0
945,0.31008185099779273,0.5605977156315309,2.5776010542563483,1
946,0.9354041675681583,0.38815889330332787,5.69646812224814,1
947,0.7956872445444347,0.5805759687147869,3.0704804175238616,1
948,0.21484197581702583,0.9996513883926168,1.1061820614070488,1
949,0.16524420150968464,0.7860061326335931,0.29037603659283284,1
950,0.20721154305205877,0.3209987782665763,3.866153448352701,1
951,0.06804404367620642,0.47567605972946253,5.277802728020337,1
952,0.41720771188959865,0.1854082753651483,6.059956059099647,1
953,0.25577264473506683,1.0,1.7620861185003067,0
954,0.9954764237589285,0.5001377927896365,0.33575743524221147,1
955,0.15696112200678872,0.4138596557789153,5.608314076857765,1
956,0.22698332545131994,0.0013451569454541311,5.150057084979489,1
957,0.059775817208101316,0.42233157961574386,4.845891724665917,1
958,0.2344072109843087,0.013533185719668795,6.044021807002977,1
959,0.018485491204614762,0.5559757353250852,0.8278691157627834,1
960,0.6563364487320709,1.0,1.499882670683702,0
961,0.49956910251485714,0.5091715187000171,1.8373641057979806,1
962,0.9346686764964907,0.06342928772863626,4.41041567989279,1
963,0.27291981448168195,0.1404384282376664,5.376952321732305,1
964,0.5623094934726106,0.8728150008408575,2.3617829812792817,1
965,0.6783448930100543,0.3296224047184621,4.296333490883016,1
966,0.2555929223647083,0.5290347674967146,5.2652763467243915,1
967,0.3503561934945173,0.5980943973453737,0.8261434923115613,1
968,0.012888230553998983,0.14272187236387693,4.949595241058508,1
969,0.5853962947831906,0.5038270293232557,3.179047954440561,1
970,0.43598911610415153,1.0,2.0928158401305623,1
971,8.44593151923749E-4,0.9873210589977298,2.8265336865333177,0
972,0.9100506622209747,0.25375576889464013,5.238316586926823,1
973,0.27060606851150554,0.7062280818467811,0.2759918681084974,1
974,0.6174133743053024,0.8156867152839583,1.8700521354261541,1
975,0.46520724242382006,0.05584002318785408,5.145997728958688,1
976,0.8432822718591654,0.3545386392637602,2.3687484931398073,1
977,0.1577313753393203,0.10248800145876627,2.8617403621456945,1
978,0.7409243862225457,0.11668935195945901,2.0486308935118522,1
979,0.3920441180180711,0.6545006291722313,2.5153223829583333,1
980,0.5867820274368024,0.07012323599718343,3.4924386468892923,1
981,0.9873967810281349,0.4752996440969967,1.3640880687833445,1
982,0.8666399838413441,0.8238898385550545,0.6554917024520077,1
983,0.9891398507749484,0.607097556492131,3.2542146059498975,1
984,0.0025340872192777825,0.8869952235800597,2.5733089344951794,0
985,0.35861232148171607,0.001188264146440292,5.494450010009307,1
986,0.13781615169806244,0.23875990084267096,2.4296476120752795,1
987,0.16453951615920206,0.13420774768109414,6.122204367448144,1
988,0.9964990677540138,0.8628865946786938,4.315166198630941,1
989,0.39460962231160124,0.45097667781348855,5.142025445304393,1
990,0.6405047296335024,0.9064828005887814,0.2164128945682786,1
991,0.4359038528149811,0.5980871431867282,1.894573081499173,1
992,0.18305683666419575,0.27142943965129473,3.721075315388656,1
993,0.10975281623116868,0.6363866892349247,2.06958099466306,1
994,0.9938126244946528,0.7623083700558332,4.858609399182379,1
995,0.8936537395897906,0.03998111051842349,4.351544590677068,1
996,0.6481700777328288,1.0,1.5255137740527207,0
997,0.15579363814610991,0.0,3.784631421135112,0
998,0.10617323579962896,0.8350280015676393,1.7766090944030817,1
999,1.0,0.7427924052134258,0.8061824045280681,0
1000,0.6876109566667362,0.8045589036411303,3.0530799812851694,1
