4000,153.12
1,0.2558037724750527,0.8276282423154597,5.200593189103938,1
2,0.022799772292913124,0.031308025120268514,3.1457270124252483,1
3,0.4506839776689135,0.43342696571535816,2.2324972678394497,1
4,0.11406645728478751,0.10216672012290498,6.1084074286212,1
5,0.5040772995841524,0.9201823859306536,1.2365928080997703,1
6,0.14889955319973722,0.7674245485207308,4.772789717259598,1
7,0.21734458205055654,0.03347692959785926,2.174752811572719,1
8,0.2293010774154237,0.45497591511979396,1.4703062838209913,1
9,0.5478660658892559,0.5729329868658881,0.6391009025813857,1
10,0.2722466257730845,0.13080616103103523,5.98125078873725,1
11,0.8990838725227651,0.32775916055600796,5.451941376064098,1
12,0.2963319435289518,0.011928006547753936,0.45262524233569207,1
13,0.7548784237537063,0.37221058117399086,3.6829031517071233,1
14,0.38580302501649416,0.7862470282809622,0.7595096005921204,1
15,0.7987089246765012,0.7061673454333929,3.4611520640871998,1
16,0.028708247723252676,0.0,5.252082692402081,1
17,0.8347009741875933,0.044120336004354645,1.5757908193988677,1
18,0.5581176159967312,0.05566388144449055,4.944075930126659,1
19,0.9984860227451468,0.3041474685840527,5.285525827779797,1
20,0.6180003762464233,0.11410287818604899,1.4424495460239544,1
21,0.619755828740795,0.5042946938505962,0.7349540830960817,1
22,0.14926771160817107,0.2622046454836091,2.1779150825443643,1
23,0.08218783642549088,0.03519111958540721,2.34759014599407,1
24,0.7652063494996089,0.9745089782018889,5.787767279218331,1
25,0.8251726966862364,0.9915192128672083,0.5545092496513928,0
26,0.24610342119788145,0.11868224290077029,0.272078255636225,1
27,0.28561037301573533,0.03781642601096445,3.8341488044816203,1
28,0.9017503915396319,0.9123273843581079,5.395778803009378,1
29,0.983554847626164,0.6913012822177124,4.545869315099369,1
30,1.0,0.24698567388128115,4.7515932880865765,1
31,0.5018790149462781,0.25860646185301733,3.7310151129699323,1
32,0.14190020202123632,0.7676539499787938,1.0442698471297265,1
33,0.2462316595536431,0.14018660879404266,2.3525481564234685,1
34,0.9797133504398131,0.7461978226426639,5.801892990492091,1
35,0.9671842270386981,0.29589403878165577,1.0824447464712297,1
36,0.0928562496708552,0.3208558080028985,3.9425958882781007,1
37,0.54906686326902,0.8889040905479745,5.241107166323611,1
38,0.5611565718625994,0.739993238722128,0.5941339446218651,1
39,0.0016828117900953646,0.5686264117493152,4.700134034093281,1
40,3.8444819374609893E-4,0.5809455483732462,3.086326413976094,0
41,0.8848033628454934,0.5121604053307257,4.746585035393637,1
42,0.7661568622686229,0.6548122822710377,3.694847801139636,1
43,0.608510776738567,0.4981891686373766,3.023375963421113,1
44,0.9983781026898594,0.6088708100628688,0.4488211309597825,1
45,0.7035409526784313,0.7899073445482689,6.144443083502152,1
46,0.0042940899746545655,0.39485327442298335,3.4514665979841994,0
47,0.9684082174353928,0.9248050290688984,1.2554629808938362,0
48,0.8356906840012591,0.628635446166908,3.9565330228875504,1
49,0.9994846145352213,0.35149148366990457,0.3079810410484241,1
50,0.008413572806828496,0.5191209796332481,2.1115362968458142,1
51,0.598352704488732,0.3305609433151208,5.6041466634071355,1
52,0.1670511147043506,0.6905120315964705,6.136080600021516,1
53,0.30189065088670225,0.4371397693640833,2.762206761659013,1
54,0.0014179217909659556,0.34408190881585865,3.8872710343948214,1
55,0.49029151103851554,0.7783068512460817,4.03565282555609,1
56,0.5913452149564841,0.2865290654740431,1.010679203693755,1
57,0.03784451166582099,0.0,5.239260606444347,1
58,0.7932235791801476,0.11614129302344851,3.941614857724868,1
59,0.44318789680978465,0.4641208641327843,6.031615578265185,1
60,0.2812441339560539,0.9105042340514446,3.0264602295605627,1
61,0.054802590439434244,0.9415147724311967,0.19338337333626082,1
62,0.6874742175854256,0.8877415318584663,2.0535119495159666,1
63,0.823007155234914,0.7703045875850915,2.926902990363288,1
64,0.4839272351760884,1.0,0.5176723183763023,1
65,0.8378034721294005,0.2741082478872963,3.092865713265346,1
66,0.230050972804364,0.8394290739946599,4.836256488805175,1
67,0.4150642722298815,0.607738191047412,2.448141510082173,1
68,0.5477050521512244,0.9607414090409586,2.5651250528338148,1
69,0.015992748604443625,0.6333496073906488,0.4076821655163659,1
70,0.5332330929931112,0.42598384070829165,3.5958361860702217,1
71,0.32930316165269724,0.9570417922740106,4.928206959455841,1
72,0.947348171176999,0.8028640586924533,1.3549451628291027,1
73,0.006666546088186546,0.901155678167035,1.2755418015678202,1
74,0.15972810334770002,0.2807130204688688,6.131892449782205,1
75,0.35324268326931213,0.3769305511474436,4.663064429714775,1
76,0.26191814568640215,0.6624397471894471,4.826714779344057,1
77,0.7901877584311596,0.5466877144724085,0.0668515318694142,1
78,0.0902366186569337,0.20246765613645656,6.023639260514799,1
79,0.19353794574486582,0.3123372484273039,3.6829445534642518,1
80,0.43698001725445823,0.10174828596490075,5.962620489559945,1
81,0.0016223199263872665,0.6421169562170393,2.154816745293491,1
82,0.6350662526909376,0.8831677075841879,5.338699787785461,1
83,0.998419244126288,0.2755453862935069,6.259446718038084,0
84,0.8743934199977638,0.1876549273436039,3.854215660761768,1
85,0.18000038186299422,0.3795596501406043,2.8719551082915946,1
86,0.14975354576744843,0.6651345210934048,2.81214594485938,1
87,0.35227711349104973,0.0,4.127263612412962,1
88,0.9910421968940126,0.8020240817935967,1.2813413056306227,1
89,0.9788058039913644,0.8190751255088032,0.9657214643558888,0
90,0.9995873970640932,0.1808068382069965,0.5772713892206175,1
91,0.3551037934319326,3.675859337639916E-4,5.315390711349226,1
92,0.21661545119531392,0.15977277691935657,2.696184906055851,1
93,0.586615112895843,0.04414896694902344,6.160739607918923,1
94,0.8892134948140822,0.6174422310974319,5.731918647389405,1
95,0.32206106792336886,0.7718878941396776,5.605681386300363,1
96,0.23835038327357164,0.0013172400928600438,6.079606629236927,1
97,0.850636142626678,0.0032750465872136043,5.372293039935245,0
98,0.8230045075353323,0.9766825231867394,3.6121486768639746,1
99,0.7304808374907061,0.8342070868654907,0.6461400959369883,1
100,1.0,0.4580429042707974,0.3616102949951203,1
101,0.8075364880832162,0.141962925198518,4.268809530907756,1
102,0.3980939681838545,0.513698333584266,5.091303661142034,1
103,0.24029420666621368,0.20479732561759373,3.9946078249368893,1
104,0.9997243672838085,0.8780243674882173,6.107886829112489,0
105,0.4913311826758842,1.0,0.44542622098185064,1
106,0.7958882210231669,0.7782158809936448,4.632921021592192,1
107,0.9942048524910354,0.47056106849003243,4.148570427198926,1
108,1.0,0.8848997589220022,0.6021514789489145,0
109,0.08045425747166642,0.09563718921666849,4.451807979650387,1
110,0.0,0.5242513324248602,4.207200620231589,1
111,0.92744418924724,0.5774374043332287,2.8428514246745644,1
112,0.058219510613470186,0.878074684709646,2.9709465127787595,0
113,0.6210008599288728,0.639833774540322,2.114506033042757,1
114,0.785504260233667,0.11874796358712696,1.6484636372204793,1
115,0.05154629294881685,0.9105317602803885,3.0178427978975044,1
116,0.09689552331791494,0.8804131245402314,2.8298404030296194,1
117,0.2430884858449046,0.9185429830763744,2.5555662369075733,1
118,0.8213097588791496,0.13867064562225384,6.228904133459731,1
119,0.5415393789459051,0.6341185213129987,4.347101707198551,1
120,0.7581470419434984,0.2682725780302144,5.673813746246009,1
121,0.047136964201052,0.9515414420327388,3.1427993761619613,0
122,0.5718802585236569,0.6729447756427452,2.595894155929669,1
123,0.8049343431142044,0.9583169036068413,4.920166814477723,1
124,0.45339599510256845,0.7622197210852806,3.4440566088453255,1
125,0.1719181930093405,0.8038100550164048,1.9586253826146902,1
126,0.025570556521724082,0.7850641776124274,4.961410999403464,1
127,0.8491983330315365,0.32818714939377475,2.5209622279785293,1
128,0.8995540483607392,0.9431252175939328,2.466707779168528,1
129,0.8736347688932166,0.03779295364687477,5.055801019060036,0
130,0.34787483494484867,0.8438507087605966,0.853448130940042,1
131,0.9133015922929336,0.9907268873769218,2.823582344156641,1
132,0.305947645780719,0.29291021174658105,3.6108756169027516,1
133,0.3720821995165045,0.9450671267163417,5.410699600031197,1
134,0.32929418527582877,0.04501450153215166,4.349738572800986,1
135,0.41695025155506765,0.8029820856364869,6.1466636056558,1
136,0.7809702680303039,0.8042111167206049,0.535294948094585,1
137,1.0,0.40304002208908823,0.7812667135464623,1
138,0.2673496647335148,0.10645170434808346,4.627333810693101,1
139,0.004708539027754012,0.5436143833986415,1.7109546452036317,1
140,0.8215479007505844,0.7780087633809529,3.6362756286819526,1
141,0.8381037340121618,0.6182101220932209,1.3260584795913064,1
142,0.8676305499232158,0.0,5.577558410865838,0
143,1.393406196203853E-4,0.3073905420739037,3.6005069617350247,0
144,0.6696494519301027,0.8196328941095784,1.9095196626987818,1
145,0.28471957527941966,0.925044418092812,5.808100189203521,1
146,0.5696981760809121,0.7454781775980793,0.3130180206710998,1
147,0.1611874406638314,0.9492012509759445,3.137871568582449,1
148,0.1908811602086569,0.5121849951566371,0.2598801126931804,1
149,0.33079076564574467,0.6859233558799612,5.621631291484331,1
150,0.6149845989701472,0.10100412789458921,3.701053344669314,1
151,0.4137578698789016,0.9764293234855761,0.10932440802843418,1
152,0.04469186664264254,0.007868952310077013,4.663690467927654,0
153,0.9183189979137023,0.5291190526401017,3.055517640341607,1
154,0.0,0.5655130496265992,2.3213543408466566,1
155,0.4871282056479746,0.8034749566156802,1.6775454681681432,1
156,0.06991785843815436,0.6153506211978358,3.2630983043415123,1
157,0.43555443176727004,0.3986013231819004,3.2570607672022973,1
158,0.6322056239530353,0.6233397805597687,3.0640796596613726,1
159,0.3163561223562903,6.247193987957823E-4,3.7906965730524527,1
160,0.008021947037141427,0.21018119525478993,3.4375452830270063,0
161,0.6019347684295738,0.9988242972501911,5.356493129104181,1
162,0.6147306225158108,0.7681357637866295,5.508786343945146,1
163,0.9587397298246895,0.3483208323979056,5.468482463673359,1
164,0.8622442469744351,0.8401396828918827,0.09361562359731314,1
165,0.7200155029285404,0.8426612266954575,4.235938081046789,1
166,0.9184701967114999,0.5010264418903603,2.8152371907374096,1
167,0.9990265455199221,0.7463125374366226,1.072096970783915,1
168,0.9986257368814085,0.8229569829118539,4.653713978137952,1
169,0.6709782844090774,0.23781853145689066,4.906536117550938,1
170,0.004966930229944612,0.5288411925922422,1.6567314532600839,1
171,5.5204936554248104E-5,0.15510417147244757,3.646566062481373,0
172,0.8263456970177008,0.13277612093360092,1.1882668688205715,1
173,0.27971519977003567,0.08923983043562475,3.0086593134369326,1
174,0.316680291516947,0.5732279826087034,0.1708072970045685,1
175,0.9958620032848907,0.6779271321284064,4.538927998232526,1
176,0.15175476282068642,0.7322203384375096,0.3406128932231628,1
177,0.6604640345371556,0.3747469895310047,1.0038550551904353,1
178,0.25033629797008333,0.8738898615066067,5.410339919826798,1
179,0.005014051275544924,0.6852916167859646,2.0824522154144787,1
180,0.2658489704101723,0.4924293548704479,0.8586647242922706,1
181,0.061024914764128184,0.07436344504015618,0.09728220213485747,1
182,1.0,0.6210305903899527,4.985380405790801,1
183,0.8450158510160464,0.9330183068771837,4.707167003349125,1
184,0.4567156405601347,0.08398300442295972,3.7407984274652346,1
185,0.36562418929104223,0.8513479502310021,3.261950986796876,1
186,0.6340132136707762,0.0016571147516301393,5.232021138342535,1
187,0.8924535230845334,0.5460775593185503,2.5724037607166417,1
188,6.726493772697431E-4,0.5002177123408899,3.1594623577322722,0
189,0.5044123130037289,0.7020451096944395,4.162618810810694,1
190,0.22770822565074234,0.0,5.179101490737252,1
191,0.01500552571071266,0.8230647714040107,4.259883627877927,1
192,0.15880790679934992,0.02823232184088261,4.461779868032594,0
193,0.0,0.6069074870676114,4.198630434361039,1
194,0.833950151896299,0.438530694269464,2.2826399784064004,1
195,0.43356023391367166,0.6868225444118221,1.401128725908164,1
196,0.0,0.4123304032593255,2.827838184081723,1
197,0.7611658582227611,0.6682036671708198,0.15915259414200383,1
198,0.6065580402460485,0.8887175102555469,1.9426495609251786,1
199,0.6636492575602257,0.29573531711080053,0.006769650146409047,1
200,0.578294162921001,1.0,0.20913178249913114,1
201,0.0,0.13096151825655522,4.266908169024418,0
202,0.9288468345931419,0.7763795950323227,5.032623765338551,1
203,0.7452086773758004,0.1814879056881135,1.3539482885956196,1
204,0.2272373219940324,0.7808022460941206,5.411753388261557,1
205,1.0,0.7588296126298475,6.152024054361799,1
206,0.495635774287354,0.5583423332510129,0.368716492121471,1
207,0.41596332804943853,0.9990035781642658,1.2210543733502797,0
208,0.2624313701083792,0.7045984130305023,3.8775221418660832,1
209,0.9549218275285454,0.29339437409365976,4.9784902427446704,1
210,0.5469161725648903,0.29394172460444173,2.950851268715431,1
211,0.030372387643195255,0.8720593369094923,1.359303828075437,1
212,0.7650074544718811,0.01713628778061078,6.245559208459463,1
213,0.8759646140566876,0.7382268312271422,3.3838710885080627,1
214,0.744776002871179,0.6649863208544322,0.2052754023956404,1
215,0.49505891391371937,0.04722620669009469,1.1855013756454635,1
216,0.009937489326359803,0.7410375644709154,2.663678680665615,0
217,0.0023723858646349243,0.2869323201727912,4.332947070885949,1
218,0.7378237547689155,0.4858976703361172,6.037308966678237,1
219,0.15218351042429198,0.8658725917200972,1.408021944034319,1
220,0.03234883892755799,0.10243190474857013,0.0534628598279457,1
221,0.8643975708630177,0.3867158027011193,3.217519216731975,1
222,1.0,0.34890204269716957,5.528293119340629,1
223,0.47114798947195713,0.29160575287835483,0.6679087047550378,1
224,0.28452451440026955,0.6077492621232817,0.8335852536888063,1
225,0.31862092722852875,0.5873964072203808,5.677577170839447,1
226,0.4986926363151379,0.3875773882703466,2.38136910710703,1
227,0.5215896506883544,0.7545086748231422,1.1432330260972712,1
228,9.246981138493987E-5,0.620788482193871,1.8205749375572857,1
229,0.14140975600641598,0.5093709251970837,5.324883462470904,1
230,0.17027925073216732,0.6311223094993232,5.893061971893562,1
231,0.24516100117389522,0.6008484025003442,1.3795869140609114,1
232,0.28590208793140515,0.7304377207627276,3.6075396889115465,1
233,0.6077848951545936,0.7484895526583136,0.2708300039203237,1
234,0.16772810951000344,0.7035637435535511,0.5002151887519308,1
235,0.5180132315909093,0.006163128444875361,5.614671529490178,1
236,0.06335429074857865,0.38325407791872074,0.7514990872568232,1
237,0.3264181759183353,0.484836413958171,1.15873756051805,1
238,0.6810297747660123,0.8077567248112151,4.691012784331771,1
239,0.25200299357302547,0.25367426682079974,3.5206025155207468,1
240,0.9938298826126075,0.19873641899937464,5.379558835198388,0
241,0.4692161590872414,0.19408128345813574,1.4586273037824478,1
242,0.0,0.5378964682671395,3.734730127957959,1
243,0.29548473183541407,0.6700813531371095,0.38536077171748584,1
244,0.6177751522609696,0.2741542694907394,0.6523670258351206,1
245,0.07146983392495934,0.28712275988135355,0.636678814983726,1
246,0.021710921975232618,0.6469303182719295,5.070263131366742,1
247,0.6926693276382567,0.35353184687606914,0.4808411666061455,1
248,0.34772417956188306,0.1434233245129777,0.6714641682808827,1
249,0.2796635665445187,0.14990750828571017,1.5384260492247275,1
250,0.8490839527194335,0.6390837727243658,0.3359005844849615,1
251,0.9097746927576185,0.919614662093735,5.051998467908975,1
252,0.8499171421907102,0.6751370719633023,5.7851010930041324,1
253,0.2820634638016217,0.819531067876893,1.3276564355501157,1
254,0.3681643989540647,0.785274745506657,0.8173430282000953,1
255,0.499668976218781,0.24449237610823757,5.238732767141469,1
256,0.7205532969101036,0.999767008772252,2.6390585900657606,1
257,0.27614553086816673,0.0,4.080257936203869,1
258,0.0,0.22489141156676745,2.844728449457427,1
259,0.2547471538400099,0.11274470020281664,5.186172181410453,1
260,0.5484170502554884,0.2157315999310187,5.011374727621319,1
261,0.3949858887845289,0.7096042737730813,3.446134854292324,1
262,0.9422966014451987,0.6039811720142756,0.3678924756019691,1
263,0.6850195820173467,0.5545064999357538,4.254788118422016,1
264,0.45700020821562537,0.3543807584083985,2.4618413199005995,1
265,0.11526821200058224,0.5647789489106942,1.594337695845078,1
266,0.0,0.35660996522355587,2.146507048441693,1
267,0.30509683001813753,0.6169324331257439,4.852032911575357,1
268,0.3869713754188019,0.38696035993405536,1.7283771528602951,1
269,0.9343648160813365,0.30166795967462334,1.8600096144068374,1
270,0.38547356547837514,0.6396053710533238,0.09381784952572533,1
271,0.28532771101813775,0.32022846001518285,5.858884026362486,1
272,0.908215686004617,0.00877344414788646,0.20018855449725148,1
273,0.45736462910685716,0.3198776960852531,4.246142328090624,1
274,0.07109224889340066,0.304559045073808,4.209136439913757,1
275,0.12282059761748679,0.8742937868953108,2.9099225446051498,1
276,0.6496031542412991,0.006721689901189255,5.390150154359706,0
277,0.9997012056539072,0.39857934016777036,6.12140942840842,0
278,0.5919415034370622,0.6150985204765268,4.964643583779576,1
279,0.9511195790513064,0.48349097983405953,3.7215609395463543,1
280,0.17643295168732906,0.46319253598497306,1.6894693918823631,1
281,0.28910948554297433,0.7758832602135995,1.9988769138928038,1
282,0.5922222477063993,0.2756930709828344,0.7312581394619111,1
283,0.6311880568661202,0.38578404130434707,5.157622562754974,1
284,0.5322635606246267,0.5938216035173448,0.6972371602153076,1
285,0.10037117128586355,0.439315905441914,3.4607643706269067,1
286,0.28319303344269664,0.7353766983975212,0.9452928580673162,1
287,0.07368258522933864,0.31291496401818986,2.9850998488755973,1
288,0.5448167619427147,0.7539731778061505,3.5496216827979086,1
289,0.5472464318987014,0.45554867939143684,5.808707208553917,1
290,0.15999976282921172,0.15831702558882532,6.014181061107139,1
291,0.010298478138169916,0.7049865099902084,3.9084932558684145,1
292,0.005986855478949244,0.5391810304824635,0.9185368960114282,1
293,5.390317601907794E-4,0.7675404502238714,3.415144663961348,1
294,0.779123612775457,0.5233945978337688,1.182880519929279,1
295,0.06947119485281598,0.8459399706214491,1.806954476532123,1
296,0.8850542595866467,0.4339751792967317,2.4572808374693778,1
297,0.44812949038141814,0.0,4.374352205513872,0
298,0.1478916311197333,0.672018172220046,5.934011701622993,1
299,0.5653322781246648,0.01050010182842427,3.184177623308205,1
300,0.41801900420760807,0.28121092883431703,4.425474634296051,1
301,0.7379284718681192,0.38457244661068873,1.693947313209896,1
302,0.38237316919106423,0.6621147793568648,4.13127049671944,1
303,0.8354856313374315,0.06747293092312653,5.826638697078708,1
304,0.7305975344620326,0.649860524122145,3.6221087725461127,1
305,0.38352329173533783,0.8200222346249779,1.6102754141265934,1
306,0.589984097477906,0.9536387613532459,5.361676743355583,1
307,0.6047882307495478,0.2370372757814381,0.7153243731795683,1
308,0.2400518315801047,0.9716224398810611,2.37097311463951,0
309,0.010939794370696632,0.7028509874643593,2.379199005258135,1
310,0.774000371063527,0.8450003144880386,6.198877531595103,1
311,0.23985021702425546,0.0010013362477532095,4.816655368852933,1
312,0.1218912773007783,0.9463973813278017,3.37969235484437,1
313,0.38054188445925086,0.16046394096464384,3.443614232540425,1
314,0.12522261416796418,0.17058084792679448,2.561375508747087,1
315,0.3806045391339505,0.2761884393787472,1.3515950835131036,1
316,0.9465740055751065,0.8278422357602082,5.368217908369519,1
317,0.0,0.5101581677337103,3.693872430728825,1
318,0.3929090279255239,0.04682304944416123,0.3723349781353614,1
319,0.5138701445093395,0.3582072623909113,1.0452103386967009,1
320,0.1847568268061612,0.1370491109579316,5.295101420424215,1
321,0.30397485876901637,1.0,0.3531013518280144,1
322,0.35760976361491414,0.7605093392231995,0.03296327789699526,1
323,0.511818124218963,0.3157997456833425,2.6441283747211273,1
324,0.8257341110744616,0.391380412059093,0.25933576590641216,1
325,0.6190786061738012,0.01199534297291934,1.116269033082403,1
326,0.41087765257465186,0.26113569095945693,4.172113210998474,1
327,0.17106741557179803,0.4261733284670257,2.0458254259652806,1
328,0.8176187101575986,0.9915256095057737,5.983997680676488,1
329,0.15977614899647344,0.010905806655573278,2.080003759679037,1
330,0.2571403219885892,0.810634861658058,1.2429111879435204,1
331,0.907939408369929,0.8086252125289854,2.3231983182685774,1
332,0.7130494981195786,0.37229806534152304,4.691042831640941,1
333,0.7573979434072377,0.1857467534034748,1.636163527172155,1
334,0.28246839644208394,0.5750896687568482,0.8885016160289811,1
335,0.0012329238955731217,0.1398215610016394,3.852964192178351,1
336,0.9160769938391409,0.449210646623137,1.5563066348478576,1
337,0.5822583823022434,0.1598308260078778,3.5649837920113123,1
338,0.7775616644542946,0.14364011036120236,0.4780732195576298,1
339,0.5884772343136099,0.030374523226337224,2.5823544116451282,1
340,0.5293625766111842,0.8091587707926323,5.566441826422661,1
341,0.4951881086056267,0.6024116513549321,2.5843463314448365,1
342,0.9981190413796067,0.7744972684295436,1.28459213759475,1
343,0.6278040459458161,0.8156201493455044,4.222014637087694,1
344,0.009236639887837805,0.15016948667927738,5.117641952660744,1
345,0.27147985147705256,0.5624197189000508,3.2627749844575464,1
346,0.6019188272938206,0.526014723663058,0.044678654338105805,1
347,0.7336693542882888,0.07016165213773799,2.533292458039819,1
348,0.01770634170046647,0.08743712553663077,5.341647478389249,1
349,0.447022257950915,0.14530274421750655,6.040711681524362,1
350,0.2674761733439786,0.0076348484440887845,5.321699144552023,1
351,0.07088598644374308,0.713143284922463,0.4417901618552984,1
352,0.5183616399936106,0.3204977751441109,1.3096539447560016,1
353,0.7138881233113358,0.9988947035409216,1.368964552074782,0
354,0.6730730783294174,0.03204050720894224,4.471417323043782,1
355,0.5202798279927231,0.5182185076749685,5.183755353116033,1
356,0.6987137163717482,0.021858552016368188,1.5241394525648242,1
357,0.3408690724483266,0.21231194104935316,2.7253803842760123,1
358,0.6761774361959093,0.6725580363616652,2.9220557009111485,1
359,0.5324432919421827,0.06835635740854079,0.28222795744992024,1
360,0.020981059563184683,0.5927744624024086,0.6345489629263054,1
361,0.7290442429874523,0.805331985748835,3.8025848293055824,1
362,0.34157115602201915,0.23341762827249254,1.1483441686835523,1
363,0.7051422481299097,0.02415749589762148,4.945226114570705,1
364,0.6433387601652807,1.0,0.6702512378536932,1
365,0.8620479731519155,0.9974097548039197,1.7796370980824376,1
366,0.29804707255020435,0.0,3.985233361621622,1
367,0.05505314276699328,0.7492417457432183,3.483845133662098,1
368,0.36271903245807424,0.036143757041835534,5.6197459137793135,1
369,0.8680289885253184,0.9986504823607285,1.427757755919689,0
370,0.845591435507769,0.08064011671195077,2.7421346449870208,1
371,0.41999118128811463,0.8602396219018067,2.524237982601273,1
372,0.8025071928545818,0.5901274760996825,1.002837758633438,1
373,0.5774272884359366,0.6663357981332636,1.51533063688402,1
374,0.6772942722698343,0.741159342715387,3.278119445832847,1
375,0.34333095400789054,0.15772985911230364,1.4320772354775617,1
376,0.001397186878700174,0.520230877767368,1.7333944138641675,1
377,0.9833219465659975,0.21075800743518328,6.260762015544345,1
378,0.28949385877018907,0.7183606519615567,5.476107110439661,1
379,0.8905532660127338,0.7087196690969155,0.05621137396385428,1
380,0.486295638619494,0.8945705724622155,5.525295235441852,1
381,0.5334873573279051,0.9173561798534725,4.8690821330012595,1
382,0.42949579186416803,0.07665558577889064,3.876787242537739,1
383,0.3299017383069403,0.13953608519798522,2.9346179475069363,1
384,0.1489082830243695,0.4591613897548672,3.6303043524311382,1
385,0.4531254907520182,0.696187503061525,6.072222397691991,1
386,0.024893392548428053,0.8411952283076346,1.5171498931090754,1
387,0.731380031996522,0.9998273903287899,1.5919739800557682,0
388,0.4850084535130721,0.5495782529215598,0.9669109921256756,1
389,0.5814089395744461,2.538550587892816E-4,3.631315814976195,1
390,0.6871827562862601,0.13567324103710862,1.2832122132317967,1
391,0.8054481032401524,0.44480473765716433,4.555109567859387,1
392,0.48572785456135986,0.9937956428534961,3.6638411357392022,1
393,0.835058380253043,0.07652383141417873,2.1168635844411448,1
394,0.7795035644500878,0.7165108592118689,1.7824538852255916,1
395,0.5074139659355811,0.999793682538465,0.7372834611803667,1
396,0.700742740571826,0.42479552337131243,5.115976901432856,1
397,0.0025464990338586067,0.6608004401793175,3.4995756290466047,1
398,0.9835160555638516,0.15257785584262226,0.792808011540296,1
399,0.5086781245786175,0.366153639421655,0.1792213383447671,1
400,0.7575481455239141,0.9641998410641546,1.3733688501537933,1
401,0.2543263363917305,0.9837009459938563,3.598808731062201,1
402,0.23931634003445165,0.5875366029340359,4.3521789787134235,1
403,0.018574423211843907,0.9232997812919385,3.116786823969807,0
404,0.29817072779526943,1.6743923147288884E-4,3.849651097704077,1
405,0.28562599165002106,0.3084235028090237,5.860575566535276,1
406,0.3238758565027118,0.11267283774946632,1.708390791206314,1
407,0.3847343486564803,0.7073853113394342,2.4322236374189785,1
408,0.6183612405635053,0.0,3.9391823261183525,1
409,0.912045130665121,0.9351144705620738,6.236293482105522,1
410,0.9334155326078866,0.9065456634474738,2.5903410254541965,1
411,0.7860734989945676,0.2675538089331094,1.3727310079814827,1
412,0.8489687166725265,0.07145831600438159,3.007296232668524,1
413,0.9147298044740028,0.5921920368862276,0.9593721377242241,1
414,0.05704296515312434,0.954270791654079,1.698690136374386,0
415,0.5036029221301277,0.10869018505745526,2.561817329133892,1
416,0.5439264189916877,0.47596548843670006,4.34329493432163,1
417,0.1132490731612311,0.896540538485902,0.782574016933043,1
418,0.23159312470324359,0.2922209968019203,0.17911205385756737,1
419,0.02365388166519425,0.15161588000368825,6.152571321605257,1
420,0.00769159516446562,0.5068515356295477,4.863484770720951,1
421,0.6377080238928783,1.0,1.8906569353169276,1
422,4.369240600815503E-4,0.6218545684457206,2.699298619975307,0
423,0.6265630284936767,0.8161289007103263,0.22874190736273967,1
424,0.9476418562293698,0.19668184505401543,1.109975818710589,1
425,0.013944063833474376,0.43751942235006097,2.53464912969611,1
426,0.37831599646700725,0.933547878338814,3.001157484112239,1
427,0.6906988786753381,0.3388923336552361,6.227835113354623,1
428,0.752714652973365,0.0016948062860499744,4.8336244563007895,0
429,1.0,0.21304224515772893,0.956896191287186,1
430,0.27491926031665503,0.4888519095977387,4.921559082001841,1
431,0.3109389481238044,0.9781664708802327,1.7373239896504173,0
432,0.08236142730128172,0.10890438165280547,3.61364091055958,1
433,0.4140137472591018,0.09134536451238733,4.954345955925669,1
434,0.39283881291371814,0.1582201379559861,2.841455231294454,1
435,0.4617784698280796,0.33738219826050175,3.5393360194803902,1
436,0.6903157215700382,1.0,1.768904505785268,0
437,0.40880131369818895,0.49242990000167836,4.053839961879833,1
438,0.8202721206917265,0.1403535042415579,1.5166496204011801,1
439,0.46066946012283205,0.3795541871851629,3.0647561340108878,1
440,0.7154470287042876,0.5831317310310353,1.276871020627969,1
441,0.5586241991816757,0.8332552587607566,2.372909601089639,1
442,0.6092338916959641,0.3607867404104597,5.694127767799999,1
443,0.0,0.1428592681666302,3.592267266378768,0
444,0.9189141072151303,0.77094048038378,5.523998812800118,1
445,0.15002515622895032,1.2435179510109193E-4,5.089087656840465,1
446,0.9835317347410236,0.26942300041373096,4.512333795165072,1
447,0.2944838520709905,0.6102054060922822,2.0990546770445824,1
448,0.6184265716011406,1.9517249594208955E-4,4.775180687025464,1
449,0.34607262970677705,0.04510291029775498,4.741420223862897,1
450,0.3598721990066746,0.3107513129754775,5.294036446917749,1
451,0.1972423229090999,0.4382926620783686,0.7677385758561255,1
452,0.34939121495465336,0.8739972198848549,3.1953939793378137,1
453,0.8618025948357422,0.31469443768132066,4.873217113727958,1
454,0.49195126352354357,0.4882447698046367,0.12830356651704394,1
455,0.39572804179652554,0.20381261348563848,2.792773471881555,1
456,0.37734578402686675,0.6577423371240091,5.2110925047811865,1
457,0.23433377508749118,0.7966122743813893,2.624663132621241,1
458,0.659928024388055,0.679423157510784,4.200920979401501,1
459,0.4389473328873348,0.052626389507486514,4.693066096979702,1
460,0.624453629237557,0.9929633680061997,3.3747076440298134,1
461,0.3451769063075005,0.2246019146597468,5.18120508123803,1
462,0.3766075874253578,0.803186710480734,1.451871037406047,1
463,0.7568663999305102,0.858069746296943,0.18388206985938277,1
464,0.6376059798448873,0.4269480981654756,2.137361463129431,1
465,0.9988917056392023,0.7620170406555983,0.2830314015962988,1
466,0.7183678700503436,0.24481979700202977,0.08889804108428412,1
467,0.1730497363497751,0.1682558835209689,4.083972998161794,1
468,0.9238133599601831,0.7211113161266778,3.7732932882628307,1
469,0.6836826864065612,0.11692508867026966,0.388484173036456,1
470,0.11360423173390725,0.5001952623714042,5.710898532581746,1
471,0.3355420057998534,0.8923410915787563,0.43795718892549673,1
472,0.8836340051109977,0.07966498372506604,4.534045346448658,1
473,0.029522989102498422,0.6763731116675157,2.4798969758379554,1
474,0.9807670994408635,0.3949467354029806,3.8970675916724136,1
475,0.41488159003126823,1.3832529199367285E-4,4.179520162980228,1
476,0.9213603153025309,0.9994129489882707,2.883352799304093,1
477,0.05152754839937558,0.9122316929175242,2.9401060958699228,0
478,0.0,0.5106848277676788,4.138010173027173,1
479,0.516476699139863,0.9969115920616712,1.5363810051536133,0
480,0.7049135377481839,0.6688386584289305,4.337996748137697,1
481,0.9019633470426929,0.49216256418415777,4.943016746322576,1
482,0.568773231603019,0.6586379144019124,4.165296681406741,1
483,0.9014190777780815,0.7550270192492402,3.911887540696688,1
484,0.596365387184746,0.997155781231832,2.7422483220027787,1
485,0.5806815037501925,0.2778084742490016,1.5651573396401437,1
486,0.25008260974316715,0.0878481180806918,5.719878973160393,1
487,0.7019104574101653,0.9977551672344555,0.5111330543720918,1
488,0.16270508023372854,0.9350401831597104,6.186270852850939,1
489,0.4456935504696884,0.4565878395389315,5.988464538446311,1
490,0.0803168873428476,0.29335163604875664,4.828720751593817,1
491,0.28563254535572735,0.10245311841755272,2.9034085624996413,1
492,0.9991792898500853,0.25172611610096063,4.891986728426736,1
493,0.9946066758326478,0.7584477549924475,4.631453349259762,1
494,0.5475931800156558,0.49590169233498255,2.916227588373733,1
495,0.8063924340034987,0.5560439178433904,2.732290347420848,1
496,0.8116681860870616,0.03972198847767262,0.4550650497893195,1
497,0.6749305444566163,0.6222396044739044,4.185636361617788,1
498,0.5534194440478887,0.44755787384202467,1.1280752367292683,1
499,0.31701316679987246,0.5051268571697264,4.330124315926379,1
500,0.2309930556084464,0.27069507750582905,2.5494931261000358,1
501,0.004638735772827161,0.10304285981786201,3.903893933541906,0
502,0.7341779349150649,0.6844227003300306,4.087235501866414,1
503,0.937876921051426,0.5433152448514593,3.35442159890178,1
504,0.49268382548166867,0.9694226949627297,4.372873598182765,1
505,0.26848708206369803,0.692022483965808,0.9173603533076876,1
506,0.03220869831031363,0.6328693343761709,6.250950728499111,1
507,0.3984787528565129,0.8260086477190247,4.941237419417645,1
508,0.9819948170245008,0.1768408096252482,5.441995416216519,0
509,0.5640657494382914,0.580800409164594,5.417567821532027,1
510,0.9897734329082207,0.6615705487110759,6.253625958087358,1
511,0.6680092073181615,0.8413609396587517,4.991510924655575,1
512,0.44129092821447913,0.7873613674637743,0.2801160884568254,1
513,0.4336856182812299,0.5013441773400664,4.9046025629673755,1
514,0.549659881339232,0.7896800488342316,4.443875606748208,1
515,0.9400181696878881,0.5398521904066642,3.2222355082221896,1
516,0.1729275962249055,0.9919043123624108,2.605775660738464,0
517,0.067736630545725,0.8879131707387172,1.2336051489350932,1
518,0.3174244327140341,0.8706069651344418,3.198093109675856,1
519,0.1358655861904568,0.7165197180082548,5.684114429607406,1
520,0.2020776383882134,0.17166555851565038,0.9827804249639758,1
521,0.1279532493963187,0.322148566247115,1.5932652345911897,1
522,0.6210382087467198,0.14204087812733773,6.254381486411897,1
523,0.7259514501934173,0.29374010830746516,2.1916726004370513,1
524,0.6593474874549382,0.2975168019204462,0.9902690077824101,1
525,0.026098428244116675,0.19872419647705375,0.7460848022950974,1
526,0.0566025034021808,0.2788152681445517,3.656651253386467,1
527,0.7549928128473605,0.8304513078330302,1.1394439532773348,1
528,0.45229386416691375,0.5138271375273037,5.3226050347689355,1
529,4.127155725249009E-4,0.5631475578901389,3.8482005704029154,1
530,0.8912725218297873,0.966203782947047,0.1403112059195175,1
531,0.4325777981421125,0.6673423179534503,4.739507387696147,1
532,0.46409865528015604,0.864160657851539,2.1542661513129797,1
533,0.1275431522296371,0.0,4.3666992163977225,0
534,0.04922409689253842,0.14869243672280946,3.4130914529858623,1
535,0.7965899718833832,0.7050220388569858,2.3479538760714815,1
536,0.21817338003234277,0.568807721945306,3.340050133632492,1
537,0.4846080555124365,0.6021376434330415,3.5971098366168657,1
538,0.5052102802102078,0.8992730084557313,4.001209839973872,1
539,0.6307489367811867,0.3600275590771941,6.04586841477284,1
540,0.1741075067321739,0.839900649247048,6.259034277109332,1
541,0.7766157678409011,0.12819959123288427,5.4921955324652565,1
542,0.8619615722636111,0.20296698611509997,2.1088767480596347,1
543,0.6533985138091856,0.9186573407134084,1.1273651549068755,1
544,0.38439503871721337,0.7158478769197874,2.856174525858887,1
545,0.7808021607467193,0.9717778732770012,5.2533723667236405,1
546,0.6065246078389345,0.7740014573120839,0.9505106938802868,1
547,0.4618746796423737,0.4873219293407959,0.662398088168101,1
548,0.30950981288620255,0.008236687256300427,0.41559375653646163,1
549,1.0,0.7563256372810448,0.6906678760126934,1
550,0.8882975830521692,0.8141773122598412,3.649950260390864,1
551,0.9750990322695612,0.8031276238754739,2.096218486608824,1
552,0.09614513220355626,0.8593316279172626,3.768700420627166,1
553,0.8948486877838823,0.9946202079715745,0.8220453668426138,0
554,0.33588417935088366,0.4757959317308985,1.4103360226181882,1
555,0.6519453835791871,0.6914880538604374,2.5778982873492975,1
556,0.9438643292457245,0.8933818452363771,0.7191763686789083,1
557,0.6514045376018572,0.11039143402314627,6.219489952920773,1
558,0.36665468679377194,0.6792586655344763,4.09181437376453,1
559,0.18348169599274808,0.7875365011566476,1.4247370022093768,1
560,0.3247985034405213,0.210435398656886,1.2764985622600795,1
561,0.05115562340870479,0.6155388503589474,2.3193584532275593,1
562,0.3890774518252694,0.9532243351569073,3.388385620466471,1
563,0.9199269965034234,0.1886383335973059,4.786624563376683,1
564,0.18791419375889243,0.538867646228715,0.7915051986228975,1
565,0.5948076500953801,0.0010677515308001072,5.58146852377753,1
566,0.29030280492103394,0.6050208574674693,3.821519230775782,1
567,0.01837292793846445,0.3167422030547176,2.599095150824257,1
568,0.6560669147098079,0.8400835248632381,1.095186437277758,1
569,0.5229133252282385,0.5163016752138053,2.8367781124491795,1
570,0.6770144310100723,0.03796679392975773,3.5814190208141015,1
571,0.2903949420574861,0.8112789162333194,4.341940347576583,1
572,1.0,0.5836499216570736,5.154702019936876,1
573,0.0931380208776965,0.3747877811543203,0.6183007068745401,1
574,0.4105238155974399,0.5372663764263318,1.9235845682582249,1
575,0.9744053677633845,0.9481616679502377,5.527746476154155,1
576,0.13501547664320313,0.9358070930934806,4.984998901882557,1
577,0.48880432946408975,0.27366607878416666,4.681308468938396,1
578,0.29705943275084734,0.4660862938464355,4.6351230566231205,1
579,0.021753609443275118,0.37013360739365886,2.9416761614644034,1
580,0.464382226099771,0.5381747674318721,0.821948351842246,1
581,0.885847537886502,0.19091519813633256,4.104462074037625,1
582,0.00237300732479031,0.32107780172880246,1.8653544019085042,1
583,0.6126519391532965,0.999497866581688,1.466186996801003,0
584,0.7382926796764613,0.8026843707678375,5.010477918017763,1
585,0.5865320613315765,0.6335150431571117,0.5695185385610935,1
586,0.7980633398273284,0.10249404109670493,1.610581788302817,1
587,0.3875396384515584,0.04486961044480378,2.9805871860048074,1
588,0.9969223580615546,0.7614572006529625,1.2833201893071213,1
589,0.6134916214978183,0.9095323574331877,1.9488990742527952,1
590,0.06239846578571391,0.876463108665758,0.24810223396904396,1
591,0.7065573230017981,0.5506927669769344,0.5478468910975157,1
592,0.41041198082313557,0.3434697804647572,1.531554982343802,1
593,0.0015779600687659964,0.8252230188740698,2.722427742806613,0
594,0.9559243058912574,0.7445680107743983,5.128302886974587,1
595,0.24173686598474073,0.7985547597633683,0.8452818703338302,1
596,0.9012384605187833,0.3345230746405153,2.374013813880137,1
597,0.31294518641804125,0.17812306023707628,1.0507194463946732,1
598,0.32364562955472487,2.5916626405101794E-5,3.7543391533017023,1
599,0.033601177264333426,0.1373793009789002,0.23221723585089582,1
600,0.5929861132085964,0.5289133512770967,3.719707094548415,1
601,0.9985939714175097,0.6135308249771974,6.140337998564233,0
602,0.0,0.5565128333165306,4.1882082798295786,1
603,0.5639811863013718,0.1733248079963803,0.5131288336444195,1
604,0.8343168579031486,0.08220456687899347,0.8784361410790082,1
605,0.7832536753006221,0.7433816528442081,3.547080550501538,1
606,0.273101593769954,0.2497189264606873,4.057171040100275,1
607,0.3359102028011132,0.6667303679118229,0.1482704596279399,1
608,0.113252026597309,0.9355284647721419,1.1700022687613292,1
609,0.7450053282613138,0.0,4.577007796797726,1
610,0.9897363946093972,0.5378322051527724,0.5970113302855657,1
611,0.05198590301163221,0.5707469299555089,3.2003920194062174,1
612,0.5917938053041961,0.4626412663816422,0.18181600063724696,1
613,0.3810921947441347,0.7886804511055566,3.2703290842894512,1
614,0.5662487750527565,0.07717583767207091,1.4885318482105454,1
615,0.8901992011457087,0.7401269125337121,1.986582496657005,1
616,0.3415639306668638,0.6543714151105401,1.282746405021447,1
617,0.8235728149619957,0.3468071264283382,3.9293427937323813,1
618,0.2239239801450591,0.9209909777278832,1.7147778246096963,0
619,0.38849691576423095,6.018729980980563E-4,3.2269427247865523,1
620,0.3159444181463494,0.6491284552685629,5.58476741366382,1
621,3.233446049284326E-4,0.2678720082633302,3.3821847455081375,0
622,0.7894000758810995,0.22253301448814283,2.3338127886702384,1
623,0.09935258144090044,0.30211271023438757,0.2912112574667375,1
624,0.8489222991246624,0.024648217276308514,2.517197982129554,1
625,0.48534453177281883,0.09379271818981773,2.694270811785184,1
626,0.05634692276341304,0.251530986139043,0.3573901019632861,1
627,0.5774456005947766,0.9555665391446152,4.278167734622599,1
628,0.997408199113029,0.5810732741010796,4.455898813037839,1
629,0.9913124909172107,0.3085895221606279,6.092924118934245,1
630,0.11361281339663915,0.4656524925534257,5.446031892297923,1
631,0.6324558480299262,0.3487340778510717,0.8938342895032727,1
632,0.5698620453831934,0.9502931465869788,5.794287732010385,1
633,0.7461529733631381,0.28845388655081017,5.686230062198769,1
634,0.9686787406715108,0.849590631205835,4.232002319352019,1
635,0.09365416738733212,0.2641131418408158,3.4223692927256657,1
636,0.6416164852113366,0.0,5.398773127871309,1
637,0.40857148161936074,0.11280576171133126,5.60934123038706,1
638,0.29463763059114706,0.6223313901274732,5.780356164420478,1
639,0.11715404708190266,0.8547201235707425,2.5338541683095026,1
640,0.40056328820699033,0.9712231670367966,5.455075424360434,1
641,0.7926670658358739,0.16034396700559214,5.408710529276467,1
642,0.3814338456246886,0.525565590465554,0.06507323969604933,1
643,0.3481100091320676,0.32988662618202563,2.8365351135191115,1
644,0.4405833169064756,0.45468843635085565,2.9133679440463274,1
645,0.8623662244251937,0.42876097859660317,4.736658103786224,1
646,0.8397276992691128,0.07197566100771309,4.9306420641848225,1
647,0.9477027516396609,0.16623819176030755,5.86486060864391,0
648,0.4096463652206594,0.0062291524837713155,0.6991435930403125,1
649,0.23762641257525674,0.3181779685912591,0.7834231669813291,1
650,0.4458302107886611,0.8317343631448019,1.367130043785007,1
651,0.329999849887498,0.0,5.553054041671446,1
652,1.0,0.7412071430340423,5.18816864992967,1
653,0.31891674858689334,0.12094510365178779,3.9071000481195344,1
654,0.6893702737305115,0.6972768709647699,1.5102228657320127,1
655,0.8578771164302488,0.7499196567579085,3.988516706867246,1
656,0.995332332938951,0.6790015889789105,5.359282312278774,1
657,0.33652270071178936,0.5813398034101155,2.8523805942808003,1
658,0.8552716152053546,0.6309739920436189,2.0074126010096096,1
659,0.5102654116003543,0.842365720505901,1.7407736809265137,1
660,0.8492564711340097,0.1857670460214076,1.003019137773133,1
661,0.11265236264003645,0.6512093612213098,6.05295964909397,1
662,0.963376820360091,0.461974964348422,0.9773535765711038,1
663,1.0,0.3319338612507975,0.20791211047277589,1
664,0.821340810367609,0.8594187653698123,0.4130945226146987,1
665,0.5666851899031146,0.7793614954115905,5.562968367098221,1
666,0.13549122652934056,0.799093438131222,1.7598622417843954,1
667,0.9997238891007101,0.780872080666972,6.181164582455892,1
668,0.2953402241355459,0.2447817042885508,6.281311084842404,1
669,0.014787771439541745,0.15375286791483755,3.264815589942923,1
670,0.3229238771954537,0.002386522285353165,4.036753938660295,1
671,0.9718481724572825,0.70472913544127,1.1495974637987876,1
672,0.6527801162366471,0.1626135515836181,3.209880777878255,1
673,0.35581531868119637,0.31621726445094667,0.5687440193490523,1
674,0.20594583447064754,0.5460172542156695,2.6360939444178144,1
675,0.36996228189445385,0.8559103749786904,5.394400098289829,1
676,0.8615263658952823,0.019349248486277226,0.23576768481950428,1
677,0.9425332030820706,0.7398663829299545,3.908774929010375,1
678,0.33463677893973703,0.33657047463473966,4.910738442052013,1
679,0.0,0.23385077570451757,2.523690034970309,1
680,0.10882572855030076,0.9927514479021217,1.7854746872927751,0
681,0.9610010698855503,0.23619132353620734,3.285479068639895,1
682,0.5171389028560023,0.9259629751401428,2.015048798363559,1
683,0.22946237963848087,0.016204952821620988,0.0355730465562471,1
684,0.40068288756015197,0.16523822932212534,3.8925130450588026,1
685,0.01422374672354122,0.22371334911604343,2.4807809735721142,1
686,0.3586649829929203,0.4289882337095402,4.966092237458784,1
687,0.24043462190518647,0.9954250442598643,1.9686106829056116,0
688,1.0,0.7321455136111125,5.592983747843197,1
689,0.3894876150372653,0.201512139257401,4.236949084577383,1
690,0.870711558035537,0.11287836561888294,3.739565717026204,1
691,0.3780008008826355,0.1313130411511855,1.5420616786665706,1
692,0.3145979002104828,9.100564116273468E-5,4.432276764147499,1
693,0.5486804791625297,0.5057208429886955,1.685229113543071,1
694,0.5803968822843728,0.9704259580002474,6.04140704852476,1
695,0.13162701268958873,0.8068526905440323,1.5397938449340955,1
696,0.20767983703966855,0.4517989126973242,4.4549874372205505,1
697,0.8501289919757608,0.586798219632295,6.098713030526625,1
698,0.7603233434166725,0.9978223349066355,1.0606999952580858,0
699,0.40671568331273644,0.2226215377101035,4.884710214381419,1
700,0.26294775410660004,0.6396976383193256,2.4117691350153256,1
701,0.5946879317526024,0.5622309611912409,0.42781470165708335,1
702,0.5843053104413912,0.9233004132206103,6.126103365300803,1
703,0.38691199504771207,0.0011820284917988515,3.2888703173503337,1
704,0.7960610447536767,0.3287084540145799,2.9720593483109132,1
705,0.1642874259096347,0.02633540275724707,4.79699043581736,1
706,0.5105999608986336,0.9430966437227409,4.07059562672462,1
707,0.2897699556451009,0.5741054998155485,3.365248009278715,1
708,0.9631562859965732,0.932668027496702,2.0265110199704313,1
709,0.08996780053409902,0.5946429333039005,0.8682243284712265,1
710,0.9995255182464666,0.6933469333346282,6.184712348948543,0
711,0.5388161325275314,0.5272748042505506,0.8850344798240055,1
712,0.6080277360183364,0.5110248894375926,1.8169263842381227,1
713,0.5263558329081863,0.36647863476184717,1.4530888261144983,1
714,0.0014480286033462875,0.6564136028281224,3.1318734412041445,0
715,0.5111482235435713,0.11731488408185389,2.1523878858308705,1
716,0.5784544015208319,1.0,2.6501239043077667,1
717,0.965661776437524,0.18947422678416997,3.6143423631025997,1
718,0.30008824616017943,1.0,0.5245494046766367,1
719,0.37500709704219953,0.36275297870016165,6.125032007532904,1
720,0.5927271559474386,0.5015143179518834,6.226467368130317,1
721,0.2890224169107216,0.9980514262900916,2.1265448726652076,0
722,0.27085519588619394,0.0,3.755300655361755,1
723,0.0431632794574805,0.10019099207994726,2.6576068103572177,1
724,0.8237882772872763,0.5787990009720165,4.621316027321135,1
725,0.0,0.2445973550771866,4.36539921074349,1
726,0.5301314763624495,0.5344017167666224,5.757990256401345,1
727,0.41078205813965013,0.20684185980596334,1.5057073447087657,1
728,0.7736870810581913,0.6522907636092407,1.3620103915149757,1
729,0.8447598635696778,0.7592079874699639,3.3048773208173543,1
730,0.4538955772701954,0.21699326698979765,3.8447349288565995,1
731,0.5105712326982861,0.5800322847224905,4.627685590391793,1
732,0.9839887525244675,0.2588818023033332,4.513190675015324,1
733,0.7146064866843869,0.6061574678262253,3.3659696664502956,1
734,0.5992980902005407,0.3266515479881052,4.841848119115257,1
735,0.5278189830830906,0.7037932620898979,0.4339664036358839,1
736,0.1855382556142835,0.540758956393217,0.17568122233953598,1
737,0.38396317264770763,0.0045424438317228045,6.014722502973344,1
738,0.4882948491023315,0.2432595001511039,1.8834970250914957,1
739,0.7074493113818684,0.0014386022743254154,5.991291444711119,1
740,0.3485910664717778,0.7047466007797397,5.965581479194648,1
741,0.2166962482907643,0.0,3.1587447128575037,1
742,0.03907579328167558,0.05664670300416635,2.470213145761954,1
743,0.5692164409095457,0.0,3.87499723902087,1
744,0.488734746980026,0.2353261406324836,3.89241031703581,1
745,0.7268730146199068,0.05026331778294596,6.176310517641467,1
746,1.0,0.7018102415616831,5.840874188917961,1
747,0.9096674230374997,0.5715816127961232,5.418164917491662,1
748,0.5587193520819685,0.45916469582716424,4.721714771050528,1
749,0.02123817462527352,0.195750499551336,3.1582053506640846,1
750,0.3952391404802746,0.6820137645037683,1.943934819519029,1
751,0.8001430708726338,0.6373666028031423,5.549529350810749,1
752,0.9488489342261969,0.3881557058366732,1.5767258109274418,1
753,0.3754330058724672,0.15214610340631832,1.5483200149748284,1
754,0.0,0.43985180368626825,3.8707020463140207,1
755,0.16307571748952626,0.4913589212035747,2.5131814717393373,1
756,0.2495085491853456,0.965334306018817,0.5965584668217069,1
757,0.8483472241888432,0.7202551634743897,5.067112300130789,1
758,0.05682897181303603,0.9421166382178554,0.5418111319609671,1
759,0.49899566775392956,0.5359263313549409,3.9323379256179942,1
760,0.992494908945778,0.8735255466307136,0.924060712876125,0
761,0.266476444305493,0.16617226164845322,3.798899117356684,1
762,0.1299318415180064,0.31620367647213155,1.9570917247872868,1
763,0.29730477284852086,0.052692066417487096,5.2019924056509925,1
764,0.06524427165424207,0.6285343431496498,5.608243723866107,1
765,0.4852758634320555,0.7572511427622113,4.442944358053234,1
766,0.3104915358977043,0.623923827376958,4.091318049965567,1
767,0.8960122832177937,0.49926402133813097,2.614138930441776,1
768,0.013500183507262677,0.4381543931370201,1.1980273345458303,1
769,0.28073821782627134,0.7979546057011243,2.320750197135095,1
770,0.006879691564704176,0.06268339573363346,2.880759556550574,1
771,0.04357391514510423,0.4113685263003236,4.790124561105542,1
772,0.19880399484333947,0.8779721350968643,4.377386241773129,1
773,0.9172276712443602,0.9973137904081557,2.230309974225016,1
774,0.8138981740087491,0.45669345008934803,0.453388784386832,1
775,0.9092038004890461,0.8902627620031844,4.238746529011415,1
776,0.9462729443699474,0.6401752087083453,1.2593287189007027,1
777,0.4538620222545686,0.8881267116679533,2.3045496890703836,1
778,0.6230748830019662,0.32657028049933423,5.795062487826608,1
779,0.9979803786322535,0.6992380172004197,4.735431842934787,1
780,0.39157018613364214,0.7774925315067931,1.7466284992486232,1
781,0.6570628512917436,0.6759778199594171,5.249498972143706,1
782,0.2681623039833288,0.3633287467397672,0.5992774747910032,1
783,0.0013768161364694426,0.13538388255277214,2.155060537901986,1
784,0.7385326872805783,0.0,5.336371961096213,1
785,0.007357255859767053,0.30042425233848985,1.7888548223431948,1
786,0.44122230498086745,0.3428506396344169,5.786179639127611,1
787,0.00985695949026391,0.34255266457558525,3.630879381822945,1
788,0.9202173960103713,0.2782730225433755,0.06818599126401148,1
789,0.16685124353943528,0.34907636661839375,3.186935694026072,1
790,0.5988583867459785,0.9426999252472461,0.6474026052567862,1
791,0.04671516839371873,0.6341978482962046,4.599870127795476,1
792,0.6999004558130164,0.954158049686862,2.901975436882654,1
793,0.14124109992503578,0.3482040783753758,2.5588589019182484,1
794,0.028013592725970395,0.6279738869213536,5.780790889505241,1
795,0.8012999347155367,0.8969039855665664,5.23741656283086,1
796,2.902054882982238E-4,0.4725459203475137,3.3896672012205755,0
797,0.36216816037221705,0.8343460172079473,2.206584478151471,1
798,0.36563648927506565,0.9997759754458644,1.427681368027946,0
799,0.9259860115059559,0.7586521318206647,6.210475353221547,1
800,0.6654109678214157,0.3734388274357901,2.602749067268445,1
801,0.35413970598799377,0.0,4.178500977556507,1
802,0.670747697417808,0.371265476896213,5.588107204221752,1
803,0.15859256508335945,0.7841051018223832,1.3545246820041712,1
804,0.500831433536812,0.5659136766428111,4.924965407662214,1
805,0.584781880753723,0.9981027178039352,1.2952288999886588,1
806,0.12231278056690212,0.6196445382856784,5.197039790277284,1
807,0.6470456181130565,0.7327415292917774,2.169959431041216,1
808,0.0012793459791193432,0.4047566373415532,3.5612842510757554,1
809,0.8318465948396868,0.05429984103112681,1.216340947731931,1
810,0.5887153394202805,0.3461888294444354,4.094951424274669,1
811,0.1250341639618066,0.379593465738566,2.140569198583708,1
812,0.006097659980080529,0.27930001968333207,1.3198362140687745,1
813,0.17244813716960775,0.021739492354974275,2.486611045736497,1
814,0.463746488843815,0.35370712072750854,1.1201975591473912,1
815,0.12011340509170394,0.35449943325839034,0.6564706939987442,1
816,0.003053892743989654,0.6566729832184642,1.6040454781847526,1
817,0.6238571101429103,0.5814781124103893,4.531426814792045,1
818,0.1375544960339778,0.08405986372823236,5.314602042582933,1
819,0.999099280076658,0.9415390768467302,4.694478804984703,1
820,0.8884173751839106,0.9607529348347306,5.783920194713078,1
821,0.6639361720127254,0.05462556386467928,3.596668534922396,1
822,0.4893026595043776,0.002412285685355837,0.1598646008290432,1
823,0.07153668364549931,0.6309700442098921,0.6726177276051175,1
824,0.11288045290068333,0.82951790100535,2.0364551397009367,1
825,0.24732769044950972,0.5650114436302879,5.1026419863408075,1
826,0.9053135620246066,0.983159629069787,0.6079363179207189,0
827,0.005221330191561614,0.029245851748761847,3.7860290591978094,0
828,0.9292825148484175,0.5148654137651132,5.820881888694465,1
829,0.3418466543111912,0.8873318730496089,5.12071292639342,1
830,0.0038344854919306016,0.6757915097480701,3.2925285770663493,1
831,0.16878313159019637,0.5489422479983418,2.48353486482202,1
832,0.2585850346178729,0.3303050253305216,2.3439656692462676,1
833,0.0022603312908005945,0.6398099898549281,2.955945249877696,1
834,0.09462385373078434,0.002228328760024639,3.8898495483033684,0
835,0.7143466983642998,0.8901884355277085,0.6665419898537306,1
836,0.5026003107697224,0.11068744523133159,0.48039219997264204,1
837,0.6708562584909381,0.09366960257937657,4.362355853459266,1
838,0.18567445348444547,0.13639521689163292,0.5809698254634471,1
839,0.8611833187734985,0.9649946980365978,2.381408689096844,1
840,0.9987545281507858,0.7208266218959811,0.15085368217355916,0
841,0.5895406848572085,0.46841353253603485,3.2617593340571247,1
842,0.09669204092947929,0.11460042148216688,5.093368030964086,1
843,0.0476671597851388,0.061489226990419144,3.6241836889741004,0
844,0.24720389611679122,0.6867744698494105,0.5217095276352955,1
845,0.9100813509763395,0.08689961547129514,0.5961056640471818,1
846,0.14847367651937549,0.6850684024342909,0.8716438420130809,1
847,0.2692757081257148,0.7999019305575898,4.678591287131932,1
848,0.9680221577275133,0.46787378683248115,5.977857136777073,1
849,0.33283791491203024,0.0,4.672560819854319,1
850,0.5210620688402193,0.6361708410431002,0.42620255170888854,1
851,0.37050787625787973,0.727012651035701,0.7806809599571611,1
852,0.40399793646710364,0.2316057862784166,1.4138658518907234,1
853,0.1508513081869697,0.09695075852147486,5.991587793575444,1
854,0.8410086245718754,0.2850556247844341,0.3063156477569098,1
855,0.7530090772260745,0.7686916454541445,5.950475098220826,1
856,6.115216788921313E-4,0.8635013674657316,3.2578228455204505,0
857,0.2105015976150035,0.9972950214356607,5.741118504560425,1
858,0.134325413013837,0.9023975585803139,1.877876897697941,1
859,0.7730829696536858,0.2668042658407107,0.7948481849501277,1
860,0.039460501324579345,0.6091188491394668,2.9433961475584374,1
861,0.7558370508238901,0.35405844848300994,3.921307450150479,1
862,0.09502365271969239,0.5427722967314977,0.0896425542339255,1
863,0.9550694766657736,0.9681412657531555,0.9748278053188483,0
864,0.9980045191341187,0.3864492138542313,5.831460465980084,0
865,0.6367156098166038,1.0,2.3724188733518736,1
866,0.5992049469185592,0.772088503940069,4.9573279620309325,1
867,0.302053309462126,0.0,4.475097939411973,1
868,0.7432651536663502,0.582037490422105,5.351889667001721,1
869,0.10067297355629515,0.43016165134858475,3.104691043787386,1
870,0.37901280921169306,0.39159594561858474,1.6177883477022268,1
871,0.3328926103035749,0.0,4.897318683392661,0
872,0.0,0.07465223880352899,2.4340846574204393,1
873,0.12427643831299304,0.06911397663061597,2.8491243149283365,1
874,0.2995993832083514,0.2589958948153646,3.9616379515702267,1
875,0.40217306802726327,0.5494755616927708,3.4120489201322077,1
876,0.002466561881704186,0.4948410223336823,4.660958902595156,1
877,0.834530691961381,0.3871651037831445,1.251211347264259,1
878,0.5110055472552246,0.8219047269480075,0.9453794987366274,1
879,0.8068574196156428,0.5428273422801605,4.136989951595101,1
880,0.2742591967321561,0.5380087902121671,2.5082436238169246,1
881,0.49431063679947673,0.6091872794396522,5.117537103906308,1
882,0.5135720037029056,0.0,5.682619036391048,1
883,0.3670438101108308,0.8108754889821179,3.7500555385993746,1
884,0.43431237814627793,0.5430717823609689,0.414032151420924,1
885,0.12582975321376386,0.7617791515807062,2.3960916277471433,1
886,0.352678672248189,0.7135259452836392,0.19158073105426826,1
887,0.4613771547575812,0.5063980681479708,2.5628791911590842,1
888,0.34178233617848536,0.6996275424203351,3.9272383307779113,1
889,0.21736330684625543,0.8843547595431405,6.250942187159634,1
890,0.5573220912271742,0.6120970893291997,0.799046736210846,1
891,0.9454099989486258,0.27450348252005746,1.1010250253730314,1
892,0.0237545820529408,0.8667784074091032,4.873056657128473,1
893,0.7084128359919795,0.6335322597197007,0.4646947773796456,1
894,0.6720707251380468,0.6279610153029112,4.931969883916989,1
895,1.0,0.46268459149252,5.045052885004182,1
896,0.22941855540067857,0.7764472475397236,5.621250096628485,1
897,0.07265564621998467,0.22870086342531168,5.573972162850666,1
898,0.4003968078487237,0.18257394502759214,5.7844450638715665,1
899,0.33213627792134653,0.1251424196214069,3.51987280860952,1
900,0.6327322120274401,0.6907690317384028,5.567238363023945,1
901,0.409893662297977,0.9073018004532923,0.10570993111331539,1
902,0.435004487502336,0.7289989328064889,0.036848994323578244,1
903,0.0012980767428927523,0.8044091965263869,2.945733101417779,0
904,0.7833798234963121,0.0,3.890217782271545,1
905,0.7306550674161322,0.2836831992655016,2.0110316540671076,1
906,0.4287404777193098,0.2722533199158381,3.0949923702490305,1
907,0.2764598239488367,0.17306758626988175,1.113077965554699,1
908,0.34564424317656056,0.9361710260570772,4.302349211586045,1
909,0.31068097102897113,0.21964294485617827,2.412577280326391,1
910,0.49173744603012315,0.8587494517513595,3.559717937905577,1
911,0.8729660032845395,0.8668498040188005,2.744894738169763,1
912,0.16530442518310154,0.6857154920610358,5.5475000088575355,1
913,0.5766432445455489,0.6189650313490626,4.353963141534786,1
914,0.4997665760764942,0.42612409636016657,1.872653303572349,1
915,0.6935832536811158,0.5664117214731699,1.566660103279991,1
916,0.9780843104203191,0.590944429244387,4.483205177690087,1
917,0.8726306707157004,0.011009631032857289,4.408794919056343,1
918,0.9108218935365716,0.4484082190910456,3.0657504213274853,1
919,0.9209438833082927,0.02815257106394279,5.184512812487382,0
920,0.8562304068536327,0.31420011463608327,3.0241926207286602,1
921,0.5084616951341167,7.228723907626123E-4,4.919304767806481,1
922,0.37103353106174547,0.9982525240888739,1.6188620783054568,0
923,0.021319679102493796,0.024090094876360938,4.364055396049805,0
924,0.39113757000241245,0.9888074449665465,2.6604476452303185,1
925,0.7581621039462969,0.0,5.751615256188378,0
926,0.4147087135666138,0.5774999619086967,2.577104782498492,1
927,0.9883325573544652,0.31583525589997796,0.2896446763221104,1
928,0.2733618528507336,0.1940371859605498,4.790872613438075,1
929,0.1314034242199496,0.4976444750633565,4.948223725208657,1
930,0.09233477127497554,0.5062984622106812,1.2180554276992133,1
931,0.46408797482730674,0.41135597898487497,5.240473510906427,1
932,0.20674800205496363,0.249697542611788,1.7994709451905342,1
933,0.10823989301156386,0.6983922943947084,5.237407946372022,1
934,0.986667257677885,0.19235582759794556,6.14203565720974,0
935,0.936939262443489,0.26343364433964894,0.4948388919331371,1
936,0.40553888386985015,0.6140944746725775,3.8938334103616037,1
937,0.07482878801648911,0.39119276054375,3.107563596878065,1
938,0.22225628826879176,0.3978599821163288,3.0500334116234824,1
939,0.9481607448399113,0.8902149685170896,0.9706835604051578,1
940,1.0,0.34515172221040685,1.0361587089419662,1
941,0.35286064173019127,0.5640652999613751,1.3597034397079215,1
942,0.3821810540158209,0.9653256744785558,2.440979846248959,1
943,0.6648841299710115,0.9997079036507941,2.653187871946781,1
944,0.012433224828565967,0.1870576401238607,5.812512826956263,1
945,0.12113771067187354,0.21671068938768348,5.183473576118664,1
946,0.9824412642486446,0.6566946118288591,0.9637580763267733,1
947,0.8744686007538022,0.8469995380134969,1.9217121540530808,1
948,0.1502743996814399,0.975110974203171,5.439076107512927,1
949,0.8090753038473449,0.713772334511857,0.7848371785797852,1
950,0.33108973094845906,0.11863829268562626,0.9650373901402262,1
951,0.20212817851960196,0.41739961631988914,5.391386962596157,1
952,0.9611356035820512,0.1069896014427907,6.08404365180971,0
953,0.9553363037186169,0.18726026588629113,3.9604794010380626,1
954,0.4261410988832665,0.2631385072127952,5.468511118892604,1
955,0.7197734025531569,0.4658924413837603,3.6373694320517593,1
956,0.27573195670266876,0.7397517245963035,0.48213759841296633,1
957,0.8405830711579817,0.6462300157193217,5.879281315815553,1
958,0.7948241741707897,0.9690121910730448,0.7417952089968992,1
959,0.4940055826252998,0.8532217687921922,3.973200290335234,1
960,0.9356812034480981,0.23171716950972734,4.384352270500214,1
961,9.8422424016046E-4,0.49825073145538495,4.321989059282121,1
962,0.17959664184923646,0.645038988176371,1.91185674000154,1
963,0.6216109189041007,0.9050241224121885,3.194874978201869,1
964,0.1167563369517926,0.14964677742501484,4.157640062751866,1
965,0.12486381510383336,0.8111907693038001,4.863884496507992,1
966,0.2421590790650889,0.876056807380431,4.219668219626931,1
967,0.6922791939817634,0.0,3.664517727440197,1
968,0.05146672436589875,0.060623224356318284,0.9770036866325813,1
969,0.14297115879390565,0.02834600706512467,4.403977514805546,0
970,0.9261841127354834,0.15492178926348757,5.7334627096982,0
971,0.6603416578006971,0.4435443281623844,1.18837852641546,1
972,1.0,0.11571611762344713,1.0718495166913122,1
973,0.2873018157781599,0.4605038337365475,2.0353891149701577,1
974,0.09675167868490203,0.9472157608005153,2.647277076946106,0
975,0.9024477806898619,0.13447771276996442,5.764824618345052,0
976,0.9038915361188449,0.7379511442006936,0.9167810020301156,1
977,0.29470123589398745,0.734848640416252,0.9549788234635563,1
978,0.7431327730525505,0.001765233046491376,5.098993421791871,1
979,0.9271423602230215,0.9007236302124716,6.01396144796907,1
980,0.5821270267707065,0.519972764827111,3.747684393064337,1
981,0.9678125210952921,0.5871550618610153,3.055938348705437,1
982,0.029482960600917298,0.7812472399679115,2.8021276234428614,1
983,0.8808130113037296,0.8163915730985465,4.275126848612176,1
984,0.7408761670690804,0.41552965599014396,2.843095318029781,1
985,0.06501029429744791,0.6689347654207836,4.191406988571375,1
986,0.3028172929188927,0.4494174481876285,3.5365058575371493,1
987,0.07345025399989252,0.30320028790426923,5.036651525851216,1
988,0.4421302343971203,0.9006366018100102,2.149050900685399,1
989,0.2672157065429965,0.9493588676357869,4.836829672583053,1
990,0.0051015114720647054,0.07607948623231844,4.616144419904574,1
991,0.8255597555420069,0.186536979381196,4.380670819434259,1
992,0.44061221961062913,0.3071728156159312,5.597466219174851,1
993,0.733675643403798,0.10774674812124106,0.2654010789241535,1
994,0.46354314485153575,0.21533795083690288,4.8319357408724635,1
995,1.0,0.4549190677539686,6.221663652377995,0
996,0.6799953241351387,0.961634684081542,5.723931137260276,1
997,0.9023607042816325,0.31245226470184506,5.9044585148512345,1
998,0.03525136223109387,0.6411945462236192,6.073600492836265,1
999,0.46700214251545663,0.15822947233793913,4.472503221701649,1
1000,0.2567636458175779,0.25530208657572273,4.640896481432772,1
