5860,224.917
1,0.29329792596480253,0.8987836788265685,0.6857520065580578,1
2,0.19468412583136355,3.0486918981032006E-4,3.2028480864633817,1
3,0.3373155179637357,0.5782650103500542,3.3811968060078894,1
4,0.0018646526054597308,0.021489838883591742,3.1796321875252436,0
5,0.2554256473128351,0.7000564822855915,4.558991296690547,1
6,0.4384103376735963,0.9464249455808936,5.46583341762247,1
7,0.19358228694040314,0.35708470382075597,3.8577218369055233,1
8,0.028095190295746763,0.2824695581320923,5.382635122724069,1
9,0.7552329504723361,0.24310962212252166,5.997319506456251,1
10,0.312794743451777,0.09070311873922514,5.3265198363151045,1
11,0.7815513315034492,0.3484695198126068,4.804773594083727,1
12,0.7840089610918457,0.19126873273540063,5.127851890844643,1
13,0.7233255499312949,0.45080306906627327,6.093873417370251,1
14,0.5431674503137691,0.5631786325784666,1.139857222171466,1
15,0.6741423199154992,0.5789671677627835,4.662657348604344,1
16,0.2609142470173135,0.5809257702353986,5.594801148139321,1
17,0.9397123306787786,0.07121121733264467,5.628867542660275,0
18,0.7184706319006416,0.6920747224261679,1.482859279850281,1
19,0.9878748746554076,0.03838522055471145,0.5666472099674573,1
20,0.8912776369939345,0.17726348470173237,3.05512529234595,1
21,0.9312414796491753,0.0029179917214207257,5.704039231305324,0
22,0.3183461024700869,0.3077267302275018,6.182679172627831,1
23,0.0,0.2642292570737949,2.493854174732315,1
24,0.8446112206771818,0.8580886097522014,3.4688193483144025,1
25,0.47528172231394966,0.9303778309937907,1.8873670685360882,1
26,0.4302485901298816,0.6074153101425767,5.642614195798758,1
27,0.6661578334894258,0.03428812125207108,4.478637705112632,1
28,0.8465199851772042,0.9972708367481004,0.17755387619103405,1
29,0.9925394788601594,0.2179924411803781,5.242126569058743,0
30,0.5607843762305142,0.4895323136584771,2.054129902542172,1
31,0.04204012720060603,0.7275947402414757,3.9960005301885793,1
32,0.24304869268417445,0.9216924706235512,5.575491713113564,1
33,0.0868720471186239,0.18306713450134254,3.992627596752641,1
34,0.7618885814695637,0.04848951214755521,3.1639747080418408,1
35,0.8922512481533398,0.9396401649379557,1.0265424842963453,1
36,0.2641157213882748,0.08579571331463107,3.863140836919886,1
37,0.11040992737594903,0.4308520760738877,2.303808756804317,1
38,0.6680136452171531,0.587538351851135,5.586005768756258,1
39,0.9730668071401106,0.559271542830506,0.07087873867188213,1
40,0.5130156599935334,0.020614550586055408,0.8674093462376837,1
41,0.9319288011704707,0.18470384717485192,4.580998724866584,1
42,0.6484926976993386,0.6181538516417878,1.3770698584671355,1
43,0.8563504845903003,0.9463841066876549,2.307668859530128,1
44,0.9983402352017872,0.6084226711588615,0.19899123304122102,1
45,0.9615213361916064,0.7655673221704307,2.4301159940642303,1
46,0.39143631940528323,0.2439428155408905,3.1723056680220147,1
47,0.8547681659184014,0.9398560811650241,5.12572042976963,1
48,0.9571807413692296,0.5631593960053106,0.08380300167903282,1
49,0.6646698625854086,0.10214490241895507,3.8648284490349654,1
50,0.3870790477498042,0.8151063536320838,0.8859560265288968,1
51,0.8657727911688837,0.24099611636796092,5.453022217188073,1
52,0.0652849904665348,0.9273122806175712,2.652716067917019,0
53,0.0685371091956631,0.3459079527853551,3.2559381562295924,1
54,0.41115607203956145,0.5184077735709319,4.787387527019933,1
55,0.3363998263098782,0.5488487857446368,0.4696042746161196,1
56,1.0,0.3040769013978354,1.108096479825345,1
57,0.20407675850950652,0.1194550074182103,2.6394658203814534,1
58,0.8840281758830668,0.6975757033467604,1.1679803201191001,1
59,0.9671740530580678,0.4691393443856394,4.175438390477364,1
60,0.49746659000717036,0.9027521771701902,4.110088591740816,1
61,0.821854367877041,0.8190403292955386,5.442939636649192,1
62,0.5918821603059662,0.789253933209116,2.2161141212142623,1
63,0.9963628665180698,0.9096291004191344,1.8215571661255527,1
64,0.8275209625941361,0.9969825288765154,0.6242240570075981,1
65,0.9144231192806851,0.39877569846286304,3.6684227110188092,1
66,0.40496866778402113,0.9558033904438461,3.7332669207307134,1
67,0.2788623622620937,0.8522256757758676,4.24493520352445,1
68,0.8887501054290502,0.9903514699433911,5.297845570783696,1
69,0.26646428092925845,0.959703434402333,3.563838123032312,1
70,0.2341086454150401,0.026348612933395965,1.7155905919339278,1
71,0.6754020564921951,0.965730724141646,4.799214152537954,1
72,1.0,0.9432171822387314,6.071502087267474,1
73,0.2833906589898408,0.9555198864526696,5.176960182879195,1
74,0.7424461758491846,0.15446408617638938,5.820258065869439,1
75,5.936977825503287E-4,0.7647927204559067,4.923054602706085,1
76,0.2475607711592015,0.9869241764362245,4.042279748407905,1
77,0.7827729380797618,0.9272134657229951,4.928152338574482,1
78,0.8761313295373389,0.08901260072038172,5.247080958409689,1
79,0.0,0.41882538583151274,3.0536025005096685,0
80,0.7011778833144257,0.08653309100231961,2.084396514813305,1
81,0.6892397283443354,0.16304046647101972,0.432145403251446,1
82,0.6513248904419661,0.6484207025746506,5.773143823386224,1
83,0.5623333305295313,0.0,4.308933185492951,1
84,0.7722724832668337,0.002299015289371846,5.56645594755212,0
85,0.05440422277854707,0.7258948756960849,1.0132362768292185,1
86,0.045477226883834494,0.5429839754044931,0.795974419020118,1
87,0.3114421606387971,0.3196853048515779,1.6094385898728094,1
88,0.999602301176014,0.6112973562652946,0.1733817416896214,0
89,0.5075448401214432,0.8868347634304754,6.169542967029436,1
90,1.0,0.5567836988407733,0.2049641941391732,0
91,0.3429148083514164,0.4087146958001151,4.0692394872901465,1
92,0.5487902135913293,0.3461210718136611,2.4405951821979297,1
93,0.9914911321485318,0.285090882885261,0.8146520262018195,1
94,0.8757299284735942,0.0015077785286606506,4.434560387677321,0
95,0.8803480777422811,0.831123956564657,5.648717117318401,1
96,0.01589010570635727,0.42035765831097327,2.659548689512411,1
97,0.9085076064658179,0.03801332786838027,0.15060928338370677,1
98,0.9995043416882604,0.9256299881490511,0.9291214208964058,0
99,0.9994170090596594,0.6018667779754556,1.10344374178818,1
100,0.6424760599251078,0.00553853238032482,4.263922242979529,1
101,0.7350452994006481,0.05171897741156074,5.805422121967403,1
102,0.25875733704590015,0.6406557936900275,3.3225204209283623,1
103,0.04708614267109689,0.38542319934793007,5.2364225836585945,1
104,1.0,0.538437694026331,6.2490495684524525,1
105,0.8993572504313594,0.3424070198104875,4.587927479817884,1
106,0.8575686046036236,0.7592357540679932,4.108512231920251,1
107,0.3355504002253007,0.01649251169550571,2.3073033400482936,1
108,0.7467322766213152,0.9124577746464513,5.129297967211372,1
109,0.0,0.038291861887966266,3.749047477328108,0
110,0.014213198082321184,0.7822396467309555,0.40240881860888933,1
111,1.0,0.7667242874106994,0.0784325845490169,0
112,0.48678304283408236,0.6733473714123517,2.932230279122778,1
113,0.6202312485489893,0.5234610761690098,3.8494626071581393,1
114,0.9353175393561477,0.4428923273873638,1.0217020402835446,1
115,1.9377198040489222E-4,0.5032346579234402,1.9186107760160602,1
116,0.21435078153656534,0.9063649614223177,3.254437340479443,1
117,0.3431804701077181,0.7159842553918644,0.4859062788475505,1
118,0.44633301965253935,0.493157872733617,1.842515917521425,1
119,0.9713957633230923,0.21442975799646774,6.021843409290028,0
120,0.995512007022937,0.7933478440093864,3.858354924523149,1
121,0.25112932782242586,0.9547304826596603,5.246423192045172,1
122,0.6015087788043669,0.21610987116442212,6.1599206330643765,1
123,0.9224064752037583,1.0,2.010262395823479,1
124,0.16626137801700477,0.9114746903507083,1.81737561358672,1
125,0.08076340779594639,0.9116018845938942,0.39639738736801955,1
126,0.08777891728987977,0.29928930593321895,6.198246762427087,1
127,0.8258922463107681,0.6221531509697202,0.10079950033956082,1
128,0.9988997032504443,0.8054883721300654,1.4080332924415113,1
129,0.5862381541865531,0.15883615634466736,0.03569699845385407,1
130,0.27464620679155777,1.0,1.9361197298068398,1
131,0.8746112847091426,0.5893791143403286,2.1351407741467177,1
132,0.11710078399262752,0.6661237645503755,3.0136225722154584,1
133,0.0,0.7481968323884671,1.7879000580111326,1
134,0.05848727511105382,0.20369172507585914,1.2451565461300402,1
135,0.9267972559095505,0.7919207609870795,1.1452614316466965,1
136,0.9105473976598883,0.3165394422187672,5.032468321505321,1
137,1.0,0.31550503703328425,6.282370638783965,0
138,0.16334457983041864,0.09051622231356768,3.3411583584115108,1
139,0.13110307056766746,0.36844172313555495,4.071756748584583,1
140,0.3654567666885869,0.4055727357538442,1.9120211293171223,1
141,0.8636155340685884,0.6186737875193111,4.617299071247975,1
142,0.9238134663497976,0.1439075151313201,3.234141297030656,1
143,0.49135859907642654,0.4108928957208433,5.621063749556039,1
144,0.2286052052142106,0.789800543317675,2.9208451964250854,1
145,0.05812919785411539,0.8805619015687255,1.0533239356988113,1
146,0.1057460969797315,0.9270080491813797,5.948824686931063,1
147,0.17903791351668924,0.6132743230105785,3.7651296133207213,1
148,0.2615786584571569,0.4655884683264054,2.2829094978699547,1
149,0.5034264084981195,0.9993811317464475,2.4731682647450093,1
150,0.05033486317092168,0.04598420160572278,3.7246830985654205,1
151,0.8345608407778328,0.8755544224013024,3.4703541266088647,1
152,0.06729104594410691,0.24529238353804717,3.03488543423427,1
153,0.9971502767589816,0.6539670435834815,0.12784993758084484,0
154,0.12147912487524401,0.35087777700824424,3.213702893144363,1
155,0.7011143688825062,0.11914698474811145,4.761037060413242,1
156,0.4834607250313827,0.47357132997594514,4.341182465584513,1
157,0.9337470617661389,0.008605017290964733,0.9613454169389113,1
158,0.3349027731442608,0.919127910239844,0.19411148136282785,1
159,0.48780369050533817,0.35010425444057575,2.0235485519405714,1
160,0.4638966494472065,0.21782465180897717,1.8753818811249934,1
161,0.13059487708984793,0.9062160247941048,0.7188891653629502,1
162,0.5508446717555243,0.5911807979711384,1.983798154550141,1
163,0.8940539212262733,0.32089452866732127,1.554691769409376,1
164,0.5262393269411939,1.0,0.9043937257571708,1
165,0.2082507729970451,0.598044910881192,5.865926725264873,1
166,0.9157038541307934,0.06430420355461716,1.4623734378907631,1
167,0.6814500786161499,0.9988500890543305,1.4564963005954112,0
168,0.7982519068050428,0.7403636857772661,4.430909858093512,1
169,0.6876171667997535,0.0,3.8241306079767896,1
170,0.4423723769169398,0.607103782185306,1.3214682099673705,1
171,0.5330436483352221,0.33489774818308765,0.054875786869447496,1
172,0.891038173101185,0.002415812011925695,5.805215382056722,0
173,0.3411778098420994,0.015235065344842359,2.6476542326209267,1
174,0.1136017594988289,0.46671857176104886,2.4549527810121226,1
175,0.9850952512281326,0.4559936710959848,5.916360757253316,1
176,0.7862849016962238,0.5161043136082856,3.224163576824064,1
177,0.8192491183308793,0.13263833763332472,5.762517433240803,1
178,0.11837145578360238,0.7268896372189255,0.03459499499351182,1
179,0.3177589178532913,0.9804595870461563,5.547799151674388,1
180,0.08051900692985861,0.1439003792172772,5.064277369803695,1
181,0.4971175104230345,0.07542251752352364,1.144572852040177,1
182,0.8225700208878692,0.4102790987691898,3.547772872847528,1
183,0.8713998700657851,1.0,2.3907666743218265,1
184,0.27435335996919397,0.4420447496698222,5.90361722921627,1
185,0.03780201863992907,0.7950457738234249,4.4217306051271486,1
186,0.8624333871645626,0.03583128778404268,4.2640461855519955,1
187,0.7063267719753799,0.868523992769378,2.32895192476772,1
188,0.2993656209158427,0.12598058179796184,0.3777231874222189,1
189,0.7875718108615826,0.32198828000406915,4.073009610648655,1
190,0.27373989625869927,0.39769447275535386,3.607874842727785,1
191,0.5946096572084144,1.0,2.185856610186027,1
192,0.2598614386429316,0.0,5.457944614634946,1
193,5.264670418087727E-4,0.47640573666456826,3.3475514161120077,0
194,0.9990964943073919,0.3147152546308464,1.0921705350276705,1
195,0.8304950391111153,0.942711471987416,4.961629979188209,1
196,0.511048569081579,0.5559610152541309,3.5303280948768423,1
197,0.680881225338563,0.9177031486749214,1.9402371414810158,1
198,0.7379213594416902,1.0,0.39659414858642894,1
199,0.7435535192664444,0.0074332151505917265,0.2959087356969812,1
200,0.9985381432844194,0.7751069105360058,4.915856078522463,1
201,0.6984807002142335,0.28716163775312875,0.17129655693910745,1
202,0.7751049217197341,0.6806207452769549,1.887502852092602,1
203,0.5580166043217001,0.06639915047370251,3.4860545226221062,1
204,0.02356733186317681,0.9142149134798818,0.8487574655943935,1
205,0.8833069755040562,0.7641834491008718,2.010557443234104,1
206,0.6468986308718296,0.052257145600836934,2.57448757053559,1
207,0.33491098854051915,0.8079124950082969,4.961207725651826,1
208,0.17614301338848692,0.5356373496814275,4.074567349387782,1
209,0.9997738996796111,0.5298121920310693,5.886512763529518,0
210,0.24350075145675332,0.35864659998343096,0.3523356354701366,1
211,0.5787986150883967,0.44233621002499734,0.5378283977106402,1
212,0.9620163410634168,0.2508323324396298,5.026170967760278,1
213,0.9256312346424511,0.7224239405712058,5.328516248152473,1
214,0.6693361854925646,0.6739685496794446,5.323730703071234,1
215,0.17217805144655585,0.18629245932585062,0.885335677998148,1
216,0.38017904549510245,0.7731023219254101,3.093616972548696,1
217,0.18885839150959144,0.18760506401819843,2.5146944356797283,1
218,0.6789073918147159,0.08879712033663131,3.350227072343484,1
219,0.3718072899070431,0.4216491063023911,0.17616938592444517,1
220,0.0,0.4330110961416609,2.1489101441897973,1
221,0.9755372879065194,0.3141914866114906,2.525303020974307,1
222,0.7663823436453087,0.9995833544546636,2.6152308195146006,1
223,0.5466288942532341,0.015157551649941621,5.610764093743123,1
224,0.5200261801008546,0.5970355241644085,5.328392903971664,1
225,0.8381926025663357,0.9993330952710177,2.4731643635859664,1
226,0.4833929619335657,0.22997428840433734,4.860790114543013,1
227,0.2757467680158822,0.8477431079200661,3.6677342897994714,1
228,0.5606456267649147,0.8495883467166434,2.9026007866574437,1
229,0.27748883207494784,0.49340345127734925,3.3069710985300276,1
230,9.19212964298694E-4,0.6170540296104943,2.0320408279640256,1
231,0.6019160698204824,1.0,2.4104422880116094,1
232,0.20900233705496846,0.7787087803140648,2.7630680694948757,1
233,1.0,0.5298653339824201,6.158647481586085,1
234,0.24566482777349682,0.4650502672964291,5.461784565634092,1
235,0.837328378021528,0.05837403502869559,3.0875660894974737,1
236,0.7553503754732395,0.3246598842482761,4.222121555459951,1
237,0.23489668780851475,0.9786838024597098,1.743000333794205,1
238,0.6164817807380264,0.6047440178763751,3.8016725133696543,1
239,0.24911988495869272,0.7419967884088999,0.7857789821293056,1
240,0.9347514605195457,0.023410468571449156,5.459774829685611,0
241,0.08913987653896306,0.31686142043828786,0.6612713361843519,1
242,0.20380059171093495,0.41178865851283597,6.178159902382563,1
243,0.0863055833345803,0.9262266992687984,4.256285090308844,1
244,0.34296312714111865,0.1815208223894784,5.2981496436934234,1
245,0.4552007159682658,0.13973111328380428,3.0845719043911752,1
246,0.8262317195373755,0.6126738035153143,5.890661843065136,1
247,0.5112302818534709,0.8630810488618017,1.766099608950892,1
248,0.28782584304215675,0.001073874568316723,3.615647233417226,1
249,0.010270206543406522,0.8680716327150081,1.1204878295266423,1
250,1.0,0.9344615431013409,6.184987104728512,1
251,0.04285889883600183,0.8438995210313198,4.068940615280061,1
252,0.6995480612024716,0.9917557547117155,5.199445509490237,1
253,0.16379110215178422,0.6540514282617291,0.897434096361194,1
254,0.9655584647397146,0.20281192887629493,5.409587173770887,1
255,0.7250284036277498,0.3296795823025884,1.3486420655591351,1
256,0.5553426679211103,0.46420512394167984,3.0894547152728418,1
257,0.4997029930214702,0.2956914095764404,4.551023953519258,1
258,0.12941109768711792,0.6208414395191777,5.289891801305437,1
259,0.7511767516932809,0.3100526707418959,1.6525941798811248,1
260,0.5306086922465493,0.8122014820548453,2.9752580657630774,1
261,0.2847581432177983,0.8276451204710016,0.1839803033871617,1
262,0.9763525811029933,0.6587451409144262,0.15434096370183353,1
263,0.21403160404459104,0.3049578365093432,1.671965595502497,1
264,0.4357225731479645,0.6070663618609772,0.01566055377128247,1
265,0.1900928901444874,0.8697351401244416,2.1658380194283318,1
266,0.16079828965792242,0.49213614689519514,4.196432135201586,1
267,0.9594624118218052,0.9865649993007206,0.7596898950923775,1
268,0.17234632449260623,0.717326449127881,1.4728856053771517,1
269,0.6416183773070172,0.0989129999709204,2.5443718233174386,1
270,0.24624123234477205,0.8688649982857709,0.4328955710375469,1
271,0.008808115653742248,0.6883413937470044,5.496166488076608,1
272,0.8425236094707319,0.00479952027867034,3.0648403259076185,1
273,0.6193287528384727,0.9368060146405107,3.499636706323435,1
274,0.14971665641318738,0.2967000733549409,0.0515676354286434,1
275,0.46330705016203216,0.9625768380642731,6.113690144426005,1
276,0.766126530032259,0.7740844868302071,0.078930469959057,1
277,0.9625443841905212,0.043194426163048825,4.535055515058108,1
278,0.580925429013155,0.07468303533175867,5.011934881634585,1
279,0.9994532072954774,0.38514407764634523,6.0900418917856145,1
280,0.11078287927054664,0.7985011651126684,3.7616976022760804,1
281,0.09492307537217994,0.7094892065066043,2.5885643773206017,1
282,0.7004484348323898,0.18271104509150643,3.2061766945873864,1
283,0.498594637460761,0.0071281514327452885,4.9307100070851915,0
284,0.6120665157911138,0.7512911346233819,6.277403639423912,1
285,0.41710498509379784,0.6748855260611495,0.20104945801170898,1
286,0.1282225553532173,1.0,0.25746843669697483,1
287,0.48104653990610935,0.8256608460247882,6.134694436059971,1
288,0.7692930897079717,0.8631480312769972,0.7299264945029336,1
289,0.8928631088148521,0.8098780127718628,2.608583228823044,1
290,0.10339885126245682,0.03528462593446753,1.031353713018907,1
291,0.29779572239338103,0.2394130527744916,2.7118767547828293,1
292,0.2876415323664941,0.831695351200365,1.0699003151902973,1
293,0.4033481803955923,0.5716413775378413,0.0044444736502217835,1
294,0.4584024041360309,0.3948118834313617,2.71541059854428,1
295,0.44738659711921785,0.7751687474951127,4.762581698913964,1
296,0.8196460862963657,0.9974914670606688,0.8644756853274819,1
297,0.6385892502276608,0.01893986542974422,0.9061021909824952,1
298,0.4314011095954553,0.4928915350668927,3.4882426446827433,1
299,0.5578149851674405,0.0,4.042124061647957,1
300,0.4696137549683517,0.1908548941168749,1.2996201378734755,1
301,0.9728170412093544,0.8504325638282586,1.0640268769821812,1
302,0.8839352672692578,0.8806799115648457,0.5173204772709946,1
303,0.9050979763749216,0.0021081502891395903,4.922519867262485,0
304,0.7529553688599757,0.646825249030115,4.914419649507399,1
305,0.8932530848811353,0.7713576262929533,0.686961828087022,1
306,0.5094399476745365,0.9033595977070754,1.5064368225106854,1
307,0.5701822803079103,0.6551361884698648,5.138563454993823,1
308,0.2665562345799795,0.8298089232986777,3.071646158508622,1
309,0.09675885095820437,0.47363290244759976,5.039507887890539,1
310,0.6205364816136886,0.9754478848076641,3.362796413308354,1
311,0.4180741563264979,0.0,3.9125798466151864,1
312,0.2600455072314381,0.9999469228272394,1.257810666182193,1
313,5.141456218559585E-5,0.15131470566366598,3.3136411599785283,0
314,0.0,0.19780501640671633,2.7059497248613757,1
315,0.41289415677373476,0.5455619642104028,2.144939225231848,1
316,0.967554041418233,0.7698846542896208,1.406389453414501,1
317,0.29938370128378533,0.2538020543677662,4.981031503218632,1
318,3.4393988911460716E-4,0.26826478780291274,3.593485053529069,1
319,0.5820627056757424,0.5052057378780032,0.03711591324205629,1
320,0.17248334537195445,0.23145093828800245,1.6065528678893921,1
321,0.10936519715646985,0.8207136825686367,2.9861287732325645,1
322,0.8020377248992652,0.23556009424395788,5.749636433257625,1
323,0.4028134107986669,0.14238049932384347,5.62592011522329,1
324,0.6808189212444052,0.36105040479337,0.8822685121110461,1
325,0.472503300211515,0.1488998972134715,1.5242489499984009,1
326,0.7593128426820843,3.636565937400889E-4,5.631701115955393,1
327,5.363379105859675E-4,0.4180897225651253,3.5870215320589294,1
328,0.8574474676106822,0.7817671787162846,4.498901443936576,1
329,0.3170593363967356,0.0,5.637000361957907,1
330,0.6209020935348595,0.6160862731813436,0.3610174863749068,1
331,0.8682774744425878,0.6311232081137524,1.7634497842421157,1
332,0.7642255000649134,0.4161558149567039,1.499560269464597,1
333,0.5921347163906003,0.38458719399448904,1.8083387852886266,1
334,0.005194389945329934,0.7371760050444875,1.1870750831731938,1
335,0.6318580258567819,0.29195325703668573,1.7096511201871003,1
336,0.7238803969457914,0.8541244981024524,4.450828130692294,1
337,0.4125011194513323,0.0760277880418735,0.33204589131365225,1
338,0.8859800219009001,0.12207390108926458,5.404729156357244,1
339,0.69772690562118,0.0229284614382541,0.04035037095280872,1
340,0.3463899120581601,0.7432994627387277,3.6085041023788755,1
341,0.9835218511475421,0.5677600436529017,0.8493569771793693,1
342,0.8709132621531741,0.6857769256656784,0.87440011877519,1
343,0.616770179113323,0.44346939363203675,1.18585184888069,1
344,0.8732443069802659,0.3947842556001779,1.250573397964687,1
345,0.07893203075341979,0.16902223262118268,3.6611912611935042,1
346,0.5420767024262666,0.9857073659527,2.62653803909519,1
347,0.27492388640763044,0.4386878666315506,3.513705156213838,1
348,0.0,0.580666536460389,2.1302970324654775,1
349,0.5651124284797103,0.05404327614048712,5.7528238816386255,1
350,0.10974642201098044,0.005663432909298432,3.319581673000004,1
351,0.3905813988855823,0.7697318874069887,1.0634944583350356,1
352,0.1734670329625887,0.03250381098767564,2.2293722106778833,1
353,0.5106470888386399,0.8308835959337567,0.9930479347243026,1
354,0.7482920204769691,0.8199698836523736,6.109327857497245,1
355,0.9868199780409342,0.3114808563897636,3.7216254712077377,1
356,0.9055855575644597,0.07274809463970731,1.8363186832611642,1
357,0.03833085231060514,0.10354100408222396,5.157546714588577,1
358,0.6153015159602115,0.32162076219055696,2.8933372409761415,1
359,0.19716828219509144,0.0,4.590790944626059,0
360,0.46808136743379125,0.8650745650496414,4.830997920724633,1
361,0.9192177892937579,0.7137572215806923,4.0970842045229,1
362,0.6007290064109626,0.2546849387349021,6.280396789993624,1
363,0.6560065955495564,0.3863616693489656,2.017817825608758,1
364,0.7177371073640828,0.47753877899133884,5.656166110998313,1
365,0.8918777974810046,0.9384996834784491,1.9092549652962318,1
366,0.09999739899076376,0.20500862705109477,5.623772823231177,1
367,0.13272704094446314,0.9165596354120469,1.6341078438725738,1
368,0.33135061081991424,0.3281797557055003,2.988900716061198,1
369,0.24232466524947616,0.9019846818867843,4.23870910709553,1
370,0.741724164715389,0.30578841943602286,2.237150210424612,1
371,0.07402325717454174,0.8892653281679374,3.797934316031123,1
372,0.7620930906106134,0.2641267602473387,3.6744864997080398,1
373,0.9840784966817991,0.760973799063271,3.823455000667523,1
374,0.985142995199905,0.9424099318391669,2.6519378473162627,1
375,0.056506840023311466,0.43219825351218405,3.507113048122786,1
376,0.459275310288076,0.18580053528680499,0.46602369673633803,1
377,0.9325824865281778,0.2924903536014687,0.9504921050022116,1
378,0.1833570162908333,0.2646488727081345,2.005710447840567,1
379,0.837510764234983,0.9747443767553735,0.1698790609448446,1
380,0.9835785899351565,0.7231793279125084,2.233077670244275,1
381,0.12237845392069022,0.8421688551653432,1.8700264138198561,1
382,0.5428671283363998,0.12605080076442507,2.2512256994460675,1
383,0.7617228454782918,0.512303048727046,0.9832056721365497,1
384,0.0,0.26894929058300576,4.226809231582588,1
385,0.5397972036406313,0.8973619710605742,5.321996209478485,1
386,0.2674478544239898,1.0,1.5371623876723697,1
387,1.0,0.6197970458308988,0.7214146882940156,1
388,0.9978976457714505,0.9592292948894038,1.0504159081642244,1
389,0.9599631404618364,0.08677628745360502,2.3826410810340724,1
390,0.8076152344808515,0.5392176407548608,0.12763766638401364,1
391,0.8213142459967696,0.2767976528872491,4.654237319801301,1
392,0.9736777724353098,0.6891680262784795,5.1988477078430035,1
393,0.6153299923334323,0.3720805733247603,0.8145428092639816,1
394,0.7217090406506554,0.9937205972998067,1.382675520188793,1
395,0.9122577934300214,0.6726666657269887,5.176407097055253,1
396,0.3094546957557659,0.2880401812934121,4.880602241184371,1
397,0.18102147349771475,1.0,0.3785580454901839,1
398,0.9261277182960228,0.004002814505752511,4.877840412768328,0
399,0.9447771833673395,0.0,3.402533432650605,1
400,0.05983039956896379,0.8844026688702191,1.9366790227006974,0
401,0.6896520276815956,0.7203606597780637,2.5508464445165577,1
402,0.3070661470916083,0.31549526297504193,0.5488054830144315,1
403,0.018310390459019103,0.8728848906835565,1.420864518356025,1
404,0.08547127249278434,0.0038302121098948063,5.975931776059875,1
405,0.545885555963298,0.1861390183436262,1.505744472079521,1
406,0.4182264473723193,0.10753480000356062,1.9161662907188215,1
407,0.021141043443586343,0.7553759369875818,0.7024190790524252,1
408,0.47022107620509185,0.0,3.195731823106771,1
409,0.9108374698229798,0.9363587435708178,4.892120429496403,1
410,1.0,0.893493816556822,4.79443840612258,1
411,0.9671508335636932,0.5623448983897441,2.2336167284540203,1
412,0.44737991761384643,0.29551548299711256,1.8382730120435131,1
413,0.741284200886981,0.8828719511492656,4.338455464164345,1
414,0.08468389574489192,0.49405214362423044,4.550955064913099,1
415,0.1348509222473542,0.22327531895281905,2.2534027294517256,1
416,0.5928817291212468,0.3340187904080024,0.4613040233264305,1
417,0.23743513280788295,0.570612561853307,3.1945240840891125,1
418,0.2319912773639116,0.29175040670516206,0.9066609639115027,1
419,0.00810895936797313,0.8761134433830576,3.007175766623568,0
420,0.11654315370169722,0.17361143124988404,1.7376887674697394,1
421,0.5522363345492538,0.3838649733137161,5.137508274152325,1
422,6.516857005318593E-4,0.5902770413331051,3.8240693726785824,1
423,0.2024445646089431,0.9262699206068636,0.5926006990248834,1
424,0.8557444581097029,0.7491556281000431,4.116596195536435,1
425,0.005948227485932628,0.5509852476369496,3.2753796081018742,1
426,0.029362888392593912,0.4791338116411657,5.875845088823926,1
427,0.9077231460989387,0.062401990607714314,3.798769890417358,1
428,0.8146092139670946,0.11049615791473277,3.8688680658836176,1
429,0.692521690648485,0.379222987725245,2.59904448281855,1
430,0.3553755648224342,0.26863876160878314,1.3169414837174318,1
431,0.2512756587725096,0.4702987148398456,2.004213601058334,1
432,0.19569108804550567,0.6980085315008303,0.7405874157870146,1
433,0.99919730551721,0.30774227992887776,1.3998043594609695,1
434,0.6549798654483531,0.015599715842534296,4.792650367554154,1
435,0.0,0.17764066918725352,1.7733227924899693,1
436,0.6181931175613519,0.8265005314377417,2.925581254547272,1
437,0.18754898164492864,0.5841454464602636,0.9374173272701457,1
438,0.6782217964828505,0.5629031067463068,1.6695797953311018,1
439,0.688652953289156,4.065890492413782E-4,4.181346051851826,1
440,0.3222418843554818,0.6318114507210548,2.148204913928727,1
441,0.47642103652776874,0.6585541393609959,4.2573103622598305,1
442,0.9984704002307226,0.5297733036732778,0.4123327452052498,1
443,0.41297618350811954,0.8160367689152207,1.2050656713834929,1
444,0.5796466738454331,0.8497485431256924,1.162197160580984,1
445,0.08802189916250795,8.172366265395126E-5,5.523414008807749,1
446,0.7836486578707038,0.13365885814674877,0.8697837085526606,1
447,0.6231383341541856,0.815473663007903,5.2721336165768715,1
448,1.0,0.4085327133046853,1.0730112502891294,1
449,0.9503794460662337,0.012371766108367406,4.781864710247772,0
450,0.04984777026884615,0.0049425939439643055,0.6550228242818508,1
451,0.25823471088067634,0.46865103320219953,1.7342034251485914,1
452,0.26301834871324564,0.9751530032000829,3.5251367645457568,1
453,0.5959572798152243,0.15266724509292498,5.467608313814659,1
454,0.21051698578318576,0.8711974682862422,0.11424555796985747,1
455,0.08482179086871097,0.6778720708460797,2.61425722049543,1
456,0.0014600945181821928,0.5212112040393683,1.902795975071422,1
457,0.32749492651169654,0.746691009037606,1.7323182295550035,1
458,0.964588475839393,0.4058284501146027,0.8165871038226293,1
459,0.1506141781447946,0.1424036217663873,5.689419458118085,1
460,0.8166807494577432,0.5199171338331885,3.753403170306584,1
461,0.4890137896675866,0.20643455132731928,4.745052010031009,1
462,0.22464258161180037,0.6518119256360808,6.037672089836243,1
463,0.9799984785683241,0.35159574129045884,4.443595816231041,1
464,0.6041227132676446,0.9284091795215138,5.043966039675363,1
465,0.3900358580578428,0.7283288817870774,4.805754142849584,1
466,0.6402527683574637,0.5165371248468662,2.6586194263754197,1
467,0.0033396982815562764,0.10945819717004153,4.135890343385944,0
468,0.4464857822047333,0.10346279889333147,0.3254522188938421,1
469,0.9653052715383551,0.23691470280827645,4.4219877806589025,1
470,0.4171023368042137,0.5286317445783126,5.064019686807868,1
471,0.6962652512378277,0.8625709902599207,2.8205629388045117,1
472,0.9917652483242179,0.7081251346535117,5.786877436702155,1
473,0.1108611706119829,0.8504031526869537,1.4793798220232295,1
474,0.9197418466321811,0.3443556419103465,1.5168203462583785,1
475,0.8363039534041298,0.050788512559215966,6.183786905303358,1
476,0.9959708244899027,0.5632977617857912,4.228027063765332,1
477,0.47914414099419206,0.8854362073009049,5.59769961136054,1
478,0.08880744676885864,0.6798101786970341,2.2870133214999475,1
479,0.43736771265366586,0.999920339344518,2.1756447733294255,0
480,0.7505911706617718,0.7213900934935502,1.0858910801354618,1
481,0.42708845251746125,0.8337474399780602,3.457836324106014,1
482,0.09118819272874204,0.6564749266987361,6.133405407007768,1
483,0.998873746156669,0.5574871918578432,0.589246334258802,1
484,0.1773329786379764,0.7910843850444038,1.101555936204922,1
485,0.9675692553146554,0.4877163855414522,5.244708556663955,1
486,0.5522068848389121,0.5168177898065475,4.998489269098261,1
487,0.8247679771655833,0.8715698661059865,1.8269551278366727,1
488,0.1352986733198133,0.852496768975092,0.02655762642095283,1
489,0.9839242210548825,0.4066680160443359,1.090283922467305,1
490,0.018845674746564692,0.22876100945901887,1.6212508238317862,1
491,0.06763206556905459,0.0025739619109542925,4.52663529676907,0
492,0.9947616743725087,0.26945091496169143,4.457954025448131,1
493,0.6838063202139483,0.7358503432912673,1.961302487174893,1
494,0.2217467895231412,0.9931853685129246,2.1116857694486253,1
495,0.42123099531829866,0.16983789522921777,2.741669856013457,1
496,0.8671039695071799,0.21585572215364715,6.195051514360458,1
497,0.39836261964095054,0.5639026284360231,1.0572075406952346,1
498,0.7069343596359497,0.6017731942200762,4.077080934804072,1
499,0.14258424461192684,0.24937872399176123,0.9714440921066628,1
500,0.1663588602109224,0.1715427684674056,2.7103595379724776,1
501,0.5364641486849635,0.636367859392004,4.975136756235319,1
502,0.07398345445125437,0.048668779537005234,1.9939307916854268,1
503,0.8573156464822551,0.7328203486622924,5.611117840928358,1
504,6.603990668128628E-4,0.7600703410888362,2.9073431521371065,1
505,0.2771252070875747,0.2731225781417,3.2223440429254393,1
506,0.03853080096844196,0.48628370741579985,0.9922059533327074,1
507,0.10003238776815157,0.6316663484285108,2.3584824252124075,1
508,0.9970602824256899,0.38586342051998007,4.029608428778099,1
509,0.9998501471281398,0.8038042881266603,0.3500792142638317,1
510,0.4298451888650141,0.4359819034232145,3.215035042133993,1
511,0.8051252496605811,0.4823380227579319,4.853063271934099,1
512,0.13379954691081458,0.3710899092631994,4.422073272325491,1
513,0.9530018205907288,0.982080853955306,0.8613222306813488,0
514,0.3078402055196675,0.7235059458020285,3.8413937475991284,1
515,0.9991101412214425,0.672988810609987,0.48559017984548614,0
516,0.0018340003670921435,0.39788473820818776,5.31287612451053,1
517,0.08854702541967645,0.9542909400743625,2.95685415255695,0
518,0.16697514064289629,0.4173110590709635,4.9195528795228105,1
519,0.17748284011744747,1.0,1.472113566738659,1
520,0.17852543915931968,0.5723394965840874,5.478580803969449,1
521,0.003976706838421763,0.47415767437610606,4.540660922627758,1
522,0.42312509692688394,0.22023000855321875,6.14611961188841,1
523,0.8893555189771193,8.338123044372257E-4,6.0597445541979145,1
524,0.9496852515240376,0.33621263313139593,4.538942729698534,1
525,2.839253780106395E-4,0.4988968144902332,2.2789915712674613,1
526,0.11021647064836035,0.21055354524946526,4.010687355773102,1
527,0.7992790121380857,0.7896975164578869,1.541481330248864,1
528,0.8023529024628693,0.8305200177233252,2.6623679733303263,1
529,0.015597648597210644,0.4119721783168398,2.153966716242744,1
530,0.9990118817172013,0.8239101939135954,0.798705237936135,0
531,0.753000064586465,0.37035086777658954,0.8561769241324297,1
532,0.09218330844410631,0.9546685811287294,2.412846742484134,1
533,0.5882968281757064,0.12297110661113743,1.2443702356199555,1
534,0.0010985460178016017,0.32085570385578105,2.4278559692315556,1
535,0.9199006411129036,0.2850630699433648,5.404228024972199,1
536,0.9448975043896302,0.5222775830305504,0.19645689869507965,1
537,1.0,0.9585970248725489,0.6398369623839117,0
538,0.17455797239483334,0.6156315368159936,2.9392777499374456,1
539,0.9929903083248368,0.5609785694516396,1.1840228986719712,1
540,0.0,0.09252984155313657,2.9578953285136644,1
541,0.2915186733358681,0.25496692682577154,1.6159390803453333,1
542,0.5457233722928739,0.4163532430540051,2.438133236453758,1
543,0.9287286732766825,0.9087662601474437,3.5042955359132244,1
544,0.051853213057109465,0.04264226898425428,4.200787220878853,0
545,0.8245868880184376,0.8926000636547252,3.352013208229594,1
546,0.5918553601264335,0.6474720635066755,2.471915733220455,1
547,0.9982735950740704,0.2218223958420804,5.359900176439121,1
548,0.006517068162324998,0.426944426704689,1.783396089260327,1
549,0.8101721729564763,0.2611322715871175,3.440666086168025,1
550,0.941291435153615,0.935543176341487,1.6607259193824948,1
551,0.6016338906805142,0.9553178700565133,1.3330374990063827,1
552,0.5089538333593303,0.5721119914515341,5.504184458667369,1
553,0.8067165827411636,0.3376444360148307,4.1620442191936124,1
554,0.6762252983071764,0.2965938804577067,2.3218119265840826,1
555,0.9991481615160527,0.8036989231319758,5.1419059409317835,1
556,0.4535495592605194,0.9776499243436828,0.5593276427175029,1
557,1.0,0.15144740547875798,0.28289335104278074,1
558,0.9876377073516476,0.253767892402017,0.7112162227516422,1
559,0.13461574542027954,1.0,0.5121618582901621,1
560,0.521251857351267,0.6720140838922891,4.570977854605266,1
561,0.10590586346112653,0.37378607022532245,0.8377881025571352,1
562,0.7002261747778257,0.842784537982235,1.6563667027164795,1
563,0.983352610842745,0.1714327382725577,2.346747650608851,1
564,0.003713516129324662,0.2874378350402283,1.502065728040801,1
565,0.2186746346183722,0.36261115034196756,2.838768088725639,1
566,0.1564433682609739,0.6409041568937187,0.14002868277168257,1
567,0.2644367054177635,0.896781531956533,5.474229153921224,1
568,0.7786393987883969,1.0,2.1133814446681236,1
569,0.3395049156731485,0.6329434361869221,5.361454173288384,1
570,0.36104129492473935,0.28829414509462775,2.1449455360163197,1
571,0.2755944046134026,0.7856547851492254,2.3678546034764487,1
572,1.0,0.38626234459582,0.13639091083828414,0
573,2.637487796071322E-4,0.7707631595496103,2.863289140426643,0
574,0.03318525967033314,0.922436353302262,1.7932308900412517,0
575,0.9983901076247208,0.8255583482654154,0.7994876189617243,1
576,0.0,0.37560181810916055,2.361863353033634,1
577,0.28285607027627463,0.4888030203675628,0.1680507372156322,1
578,0.6737947836788294,0.6267718650685309,4.162573009387843,1
579,0.21810501945389765,0.26285490882852186,6.071629739897254,1
580,0.0,0.1982276613244142,4.097782582390634,1
581,0.2287310679995708,0.20666225918565276,1.5907276245354296,1
582,0.12079794636083661,0.008286857127842953,0.559397731935181,1
583,0.6894763042619666,0.708496749083911,0.399238918510709,1
584,0.7838349897045893,0.44931100594146767,5.806785661507055,1
585,0.5684224513444044,0.5345249071630359,3.871985088360961,1
586,0.9900623559327254,0.45301828166187935,1.3529733619154556,1
587,0.473347477035376,0.0,4.536785028704865,1
588,0.661242291162982,1.0,2.2177497870206495,1
589,0.04883476534228571,0.9653476865095053,6.240874842762528,1
590,0.23325782050288205,1.0,1.5248424021460918,1
591,0.7418919250599497,0.9374783898517611,5.22434124893046,1
592,0.24118200033010487,0.3711201129075296,3.111223650570022,1
593,0.17685167373768979,0.6157415398460985,3.6536039474670354,1
594,0.5058278935453048,0.8111505314862878,0.6480221753793896,1
595,0.8428607094413038,0.8811594091590419,0.010035638248490325,1
596,0.5348701909679181,0.018730411671975346,1.3198184566467377,1
597,0.251507649628484,0.4525262538316991,1.8310836714794068,1
598,0.4558567288951066,0.23174178190080547,1.8831354433778311,1
599,0.28903263620893477,0.4230549388363092,5.5257083137913305,1
600,0.8447645190745448,0.3176804422860413,4.709183946379866,1
601,0.7710657389951073,0.8905948756398062,1.4667237219092768,1
602,0.41078486865021874,0.9711004205616439,5.925607319301552,1
603,0.6747938416582923,0.5711660904867036,1.8037486601467216,1
604,0.5906567115487943,0.366644855312428,4.415311557985729,1
605,0.0,0.6938558787742578,2.784784441090042,0
606,0.14864217638391392,0.2582755057667501,2.637155344568269,1
607,0.1696180858973981,0.652107944794168,4.669567247242023,1
608,0.49501560665290856,0.8885686194407995,4.366423511380297,1
609,0.997535338416944,0.15131651426397544,4.2306759237852765,1
610,0.9992231275485074,0.8909887567123614,1.1554621571197077,1
611,0.02529612658154204,0.8634550419110837,3.6044836969732605,1
612,0.9995761771274703,0.7430121701304792,0.19190126913612926,0
613,0.03434128221215896,0.16310467194570236,0.9467453805878088,1
614,0.3613447608458096,0.5649816712558838,1.6949355965235078,1
615,0.6703360189615911,0.23279493560174816,4.829959756048109,1
616,0.04851526334418171,0.2415699623673935,2.372836143330194,1
617,0.5663504496475529,0.8873817512055888,0.9620008191840788,1
618,0.5047545308492924,0.7655958685304209,0.2736748137770986,1
619,0.03382318308035188,0.5953007533956806,1.913501189761199,1
620,0.4925308581976493,0.3099261032795441,5.043306966252209,1
621,0.3134758445582777,0.0883823449421075,1.2698185809980915,1
622,0.2218776411389927,0.039923131372688596,3.9269924695229164,1
623,0.0,0.7472748828514247,3.68174285840527,1
624,0.30911618169683797,0.24940419240552497,1.3613461636921393,1
625,0.04537846797868767,0.0016115831946162396,4.857716327724335,0
626,0.7290470641029178,0.39985076781995804,0.7429121116711918,1
627,0.5757154793994653,0.4925723059853026,1.4401956552106707,1
628,1.0,0.8835124720238612,6.165064866565843,0
629,0.7969153394434518,0.6500117439095643,4.59905832536442,1
630,0.36919856294392317,0.15312102085330817,0.5640076630163348,1
631,0.4035055097083956,0.482646259135335,1.2575460359768509,1
632,0.7723387520939888,0.6021980127126914,3.0818117940547998,1
633,0.7558598137402582,6.795059197304259E-4,4.9925630687583835,1
634,0.8766158989921823,0.5787737178879889,1.66974270264318,1
635,0.3877963142499057,0.3055860647816952,2.6908309860015875,1
636,0.6509330713685636,0.49015771999334073,2.579210888907134,1
637,0.6028267968114833,0.029400167458368584,5.475414739634547,1
638,0.7125950198463973,0.9968612518656609,0.1686991959170313,1
639,0.0027109417180489455,0.7761122761479123,2.682530573920884,0
640,0.6896954415112133,0.7944378901091721,0.053583587282667544,1
641,0.4257902802937167,0.09524484526416056,3.758257708078979,1
642,0.788071256065012,0.5531845590879885,0.6204146139237358,1
643,9.815191480568679E-6,0.11307484460651579,4.724658277560861,1
644,0.9948584958398918,0.1289784397017668,5.008270826186659,0
645,0.5419270024598887,0.10092101155874361,4.166236249329643,1
646,0.557000031292104,0.40691012217158934,2.1643767946539847,1
647,1.0,0.15999292572256985,4.9127134219543525,1
648,0.07293349022271516,0.0,5.351595110679699,1
649,0.3798451268280249,0.010510144287272614,4.267385867474418,1
650,0.14095174938218116,0.7490743743856407,3.2026074718584745,1
651,0.7311135146904355,0.10378915997387583,3.5208175277460683,1
652,0.6376206781444821,0.38211804364697843,2.761191989652263,1
653,0.612075062855161,0.3179549866975011,2.2398352836693665,1
654,0.5889490872187421,0.7893836068203601,5.380052046398464,1
655,0.3112307727456652,0.2802115795484543,5.096309392938735,1
656,0.9978599787837802,0.7131854869859631,0.5146035581582975,0
657,0.3937503659390888,0.7189471885467045,2.861394837895787,1
658,0.9998001518904497,0.6663153967160578,5.619171739827769,1
659,0.17787257182486776,0.7729917928907613,5.300567792850478,1
660,0.6768872151596734,0.03147510318622417,1.9079905068771923,1
661,3.0443925685409007E-4,0.37504529890115557,2.530612996645194,1
662,0.9976406206938301,0.4924671406772289,5.145970819163401,1
663,0.9284629976086758,0.7632254512550637,1.3824421692899629,1
664,0.838555510330381,0.9515240452629393,5.007347490221626,1
665,0.6586086884974214,0.94390746436941,3.591435527090151,1
666,0.40462300980272836,0.30606827412872284,4.784174173678674,1
667,1.0,0.5312344960654118,6.199621813121177,1
668,0.5528544112565185,0.23934917537748326,2.0733054842817813,1
669,0.007298373691849799,0.25295753276338856,1.8070277653835787,1
670,0.05400891926564611,0.5149924008170781,6.101175942743727,1
671,0.6141846905775284,0.5015682942229737,3.3085272832818773,1
672,0.3402377429743862,0.620572123625339,3.087778062773169,1
673,0.34112898235663486,0.8358810983490582,3.278989907616355,1
674,0.0,0.2181272216459611,3.8030968549133335,1
675,0.9978215405339929,0.7783714850346132,4.825159557136314,1
676,0.1546994672722899,8.196734851429647E-4,3.3857287610142164,1
677,0.9324687881712502,0.4794638334258241,1.808336774141078,1
678,0.15619242620519402,0.8303873174491577,5.382976321746006,1
679,0.0719422850808866,0.12567868248619957,2.6727894212583525,1
680,0.2305702822709081,0.7377762687306444,0.989882178987183,1
681,0.7877378687206487,0.20139937074290545,4.51470066144449,1
682,0.7140783033067745,0.7129862591086054,0.3163259388456983,1
683,0.16581664012826938,0.289786871704696,0.670126319371638,1
684,0.7528088375177993,0.3856124649925456,4.41699425177209,1
685,0.2272479336875033,0.17292722072071243,0.9662592069412004,1
686,0.0806314882107597,0.4094175608702602,4.887327334144825,1
687,0.23266570061125574,1.0,1.75851771735232,0
688,0.6618483352761727,0.4544017664569035,3.8752684475836854,1
689,0.7432600056163878,0.0564174648757242,0.8832766845969867,1
690,0.3003414084941742,0.0927186067570658,4.529865298474462,1
691,0.0,0.6791786715771378,3.555061263242495,1
692,0.011577267741707925,0.012467785617061307,5.049278982551742,1
693,1.0,0.3172273193057637,6.019708394494171,1
694,0.8424645319106873,1.0,1.0210775412881454,0
695,0.47413080859381096,0.7092601043015616,5.051049063186573,1
696,0.7076080128151266,0.2051026898330156,4.589655711870107,1
697,0.8716343451870404,0.5715492621027658,2.7245878977956908,1
698,0.788197961177333,0.8369862213378766,5.729971644177565,1
699,0.17151788711072213,0.31181094290906264,0.31574418519615244,1
700,0.25762275686832675,0.7990409385840485,1.7752931982984896,1
701,0.7921060284370602,0.09313397201393364,4.029322074528009,1
702,0.5916090160311127,0.9990383114501589,2.674435637075196,1
703,0.37338854163310803,0.29279866460205006,3.181112945246353,1
704,0.3088720577913747,0.018867200812295436,5.016584109551412,1
705,0.003944545244258022,0.5325337145833217,1.0371145609295436,1
706,0.33452801057475146,0.9966883261232878,1.4681522321990212,0
707,0.25364758605394877,0.5571606685901931,5.223337938500047,1
708,0.5623656657711658,0.8734559145509627,4.674861722720305,1
709,0.5694751096404167,0.7229346513048872,3.363024408344342,1
710,0.9914147516809777,0.8945753792720955,3.984434141582111,1
711,0.7905338021950873,0.9950597969140783,3.3810588014556253,1
712,0.7682150985322902,1.0,2.6720609600759837,1
713,0.8314891803697356,0.18007026927800884,0.038503738460131665,1
714,0.17915627512048074,0.11903410506341804,2.1022710382740217,1
715,0.8001170881664148,0.11564469576138398,0.6621010410206591,1
716,1.0,0.486427709023017,5.289960759549853,1
717,0.7357529413643001,0.24590996606948332,3.5415346475878478,1
718,0.35832513425137535,0.9995897741259147,0.4912969565862024,1
719,0.5929295152975608,0.04661466247442124,2.6665341465888064,1
720,0.6352763279008097,0.4898360455641437,5.413600418744656,1
721,0.5405569173744051,0.9131795830967234,1.6808929156539458,1
722,0.10007252785150063,0.5836069499544055,1.723549145368989,1
723,0.22370167511701816,0.8820842373431208,1.8965247756347854,1
724,0.39819243009501615,0.8601465877572574,1.1056516980517346,1
725,0.33624497486125027,0.0,5.741171364862748,1
726,0.4403615734407126,0.8323525794324648,4.171081163884151,1
727,0.16208863247447808,8.511722716856563E-4,4.988282050312119,0
728,0.22092048005584097,0.4787273472753419,4.522689528175423,1
729,0.8151279097678389,1.0,0.7732652089409813,1
730,0.026135196732624023,0.37784201396820827,0.3458112617932488,1
731,0.6083351837456792,0.3437714442659464,0.8681031835997524,1
732,0.9572361691229795,0.12758261003318713,0.9216983245084684,1
733,0.5063169963911927,0.6739818998870802,3.091459169719626,1
734,0.602487087163473,0.0010930845318659834,3.5904442437053667,1
735,0.12913472876635285,0.5499418374713821,1.0849279591868781,1
736,0.3313373120339277,0.42427448673283485,2.0149491299894295,1
737,0.8574023228460221,0.18797629176163227,4.024946512512301,1
738,0.8077204706430295,0.0,4.796703698431373,0
739,0.7532829330662513,0.3563570786181448,4.8781879844060905,1
740,0.5804836751547068,0.7374852384581174,5.724094491244029,1
741,0.5902254868388688,0.25271872293241676,3.502082617521891,1
742,4.517605425101267E-4,0.2547966279942227,3.486963022556822,0
743,0.5285422944428808,0.04473634308457645,2.170808970242495,1
744,0.371465574604815,0.02155358432460048,2.1530030261907864,1
745,0.004929003612235534,0.18435316339486313,1.306283104592013,1
746,0.681118354081535,0.7662662640834442,5.103177658929261,1
747,0.8713385460924906,0.4590368144043561,3.396003048318076,1
748,0.536999417222589,0.03286811378463477,0.2320348475566169,1
749,0.5498660769529925,0.7162810968284057,0.6333473485485145,1
750,0.00792943834273746,0.8616690887636498,2.4424047472201518,0
751,0.5258284691512263,0.7574938795885401,5.857889943570331,1
752,1.0,0.5327047860398214,5.911469449343321,1
753,0.665677427819859,0.6853272463277438,3.1835631221032195,1
754,0.3761557777271636,0.2982058674734651,5.533384574409062,1
755,0.29976051934606573,0.6060997051523322,1.2802919838079254,1
756,0.2660320085969611,0.5865472396954108,3.126845721086995,1
757,0.28435544986597183,0.5717269332583866,2.503428655289555,1
758,0.19941168705413098,0.9995351902490658,0.07380714030234631,1
759,0.45888514714999074,0.5286894034914563,3.673934505025918,1
760,0.6955094871398871,0.8123690803841535,2.359953123657542,1
761,0.8054061571369355,0.2739946132682166,0.8432669328424699,1
762,0.09617295546075569,0.6569022023528329,1.8934200504410132,1
763,0.3562628746659571,0.14208678188509688,1.6867240706804234,1
764,0.32465998575831084,0.7246349501484679,4.8566643533221265,1
765,0.4034461946762527,0.11972983210776734,1.9137990439479249,1
766,0.6243945795918264,0.9935680313915026,1.2241051123380882,0
767,0.9973613856605864,0.8497241226510788,0.3858696565724436,0
768,0.14369051766849963,0.6859821039973278,1.89819344070212,1
769,0.1317500631782638,0.8352913337234258,1.6498791008198692,1
770,1.5092323039748393E-4,0.047019708664688624,2.3902890067810474,1
771,0.13714314578958586,0.4210238709478157,0.9717352816930631,1
772,0.31077676980384716,0.21878436712002053,5.530260873451956,1
773,0.9840114279123308,0.8285563844859485,5.969702846994607,1
774,0.5258287634102261,0.031767440860497376,3.3184436987376014,1
775,0.49662175613127385,0.9991396437770133,1.532936923746331,0
776,0.9425821901710892,0.9097697256120433,3.8346007744664363,1
777,0.12474745766816975,0.584848650342131,0.1904150082145068,1
778,0.9717374410897799,0.35877824189339047,3.5994334276761406,1
779,0.143469400357231,0.8764068850354337,4.240781192829254,1
780,0.2911470234252792,0.9908320940143422,5.4908121837575115,1
781,1.0,0.5059357704986542,0.3178217294702028,1
782,0.3804584003452166,0.46413077902101607,5.8711954701973035,1
783,0.6805859555832854,0.49407495036901566,5.726230050963134,1
784,0.6817760730021675,0.6374270589402156,4.662504784061639,1
785,0.08959185477220541,0.6427509579950617,5.982049413977835,1
786,0.5991844693477084,0.6050466640320605,6.204355998369279,1
787,0.2805913939961099,0.1572517521159401,6.073579234213026,1
788,0.8777323667439247,0.12440471394983081,1.8894052986337453,1
789,0.5053876745100883,0.3985969627411246,0.7689608476373788,1
790,0.2955039530881274,1.0,0.8570350127301708,1
791,0.0011427766305723173,0.12783909530053728,2.8781485645503184,1
792,0.33176774139317383,0.9837848610037798,0.322491308470379,1
793,0.24330038055023248,0.3245775475398752,2.4918260389889864,1
794,0.14313309126418128,0.8775403362111751,2.32661387219499,1
795,0.8742274661963538,0.9984100580285741,1.5396540850571305,1
796,0.6496380907462769,0.18050651573868098,0.4319473010783355,1
797,0.2728572121934723,0.8842652331619794,4.063198196128705,1
798,0.32275814724938806,0.8775188624547376,1.5527745960748467,1
799,0.6862466974437292,0.5564972747023238,4.729573912617669,1
800,0.23166064987681692,0.36932991963616957,0.7017805711136644,1
801,0.10405601862032192,0.03008922723123272,2.7151748030849463,1
802,0.6383913135354539,0.25725569795203374,4.524085772897868,1
803,0.3789538993587298,0.5738149620449196,1.1830181188078925,1
804,0.41016782324279916,0.7071594559183741,2.292486526067622,1
805,0.7239818458492613,0.8489354482034231,0.5250645226384074,1
806,0.18473798957197976,0.3224162888821844,1.0583124602616598,1
807,0.45953769306592845,0.8722281403896,0.9486541767415677,1
808,7.172698442318101E-4,0.37017660770953964,3.246789359936753,1
809,0.9202682333489112,0.1626910859777451,3.923000049751497,1
810,0.6234917762555021,0.43661645070642785,1.4247336429707294,1
811,0.025040315871785054,0.6830239091002146,0.9044182096636783,1
812,0.13631045932236666,0.05041480442317537,6.204881658770458,1
813,0.2767748660391746,0.1306053112698048,5.589562260432486,1
814,0.8159912095757179,0.2329832278181736,5.268622375622544,1
815,0.3346377121844906,0.7628631834574996,5.047077895967292,1
816,0.32665290497954425,0.8278155545062574,3.715515521862088,1
817,0.7591879335567241,0.9385851261543576,0.8437419818806066,1
818,0.7697960558172885,0.0392022510361324,0.8376160748864472,1
819,0.8132672637294516,0.9992405563095093,1.925300197924176,1
820,0.33672152701275854,0.1798504510343001,3.9937828551634174,1
821,0.4707803358715408,2.683060632812334E-4,5.148818285819198,1
822,0.18706213391820115,0.04689785081010219,4.84067236148764,1
823,0.3491576734457836,0.7791600329342263,0.2041262313451786,1
824,0.0031241556218307527,0.6991529704349249,2.362168423066442,1
825,0.22707868673682932,0.6806468350231019,2.937108884996589,1
826,0.8337156170954364,0.7866470464425844,0.05758246703948533,1
827,0.0,0.291736676173089,3.697703355034992,1
828,0.7075894067000918,0.42456045127474423,3.515885356491044,1
829,0.6918857562893104,0.9941431147424841,1.582778641370449,1
830,0.0,0.3531180463941151,3.254233470107082,1
831,0.13699480906914274,0.6080496106837724,1.8857718341796064,1
832,0.368502349965597,0.012873141015239434,1.7888343353536744,1
833,0.18691226157949686,0.08696058884626842,0.20566339341952833,1
834,0.6050756498058572,0.19173696689453237,2.4668671454618236,1
835,0.6211989403521647,0.8172777919089587,0.6980246858774977,1
836,0.6041939032678737,0.004599158344295496,3.426362542967731,1
837,0.7860606423857551,0.18000609683479485,5.910008489006097,1
838,0.1791560234621331,0.4194075373476943,2.4513227919994516,1
839,0.39642979513494314,0.7291132629176172,2.9376234990978993,1
840,0.594617560842219,0.9414593677714571,4.481971779503917,1
841,0.0,0.3391543996416939,1.8038036540890359,1
842,0.0011249370087498493,0.3326968599052029,3.0782884885595143,1
843,0.05011629533304441,0.05867552664702331,5.998914758038515,1
844,0.26905885021567405,1.0,1.5617738865917339,0
845,0.5493942690182803,0.5141065544785426,0.003819870103919487,1
846,0.04683688859046489,0.9509733153821495,3.14446756547586,0
847,0.167851677352333,0.9171911118707811,1.0396621239383166,1
848,0.9275111501632044,0.3330715822103873,3.3834951510184434,1
849,5.107558964617132E-4,0.14796811915130065,3.1824238561816687,1
850,0.8707849224169704,0.8075942197764141,5.112840825295589,1
851,0.7296774692685728,0.998661385836641,0.9682479768169195,1
852,0.15766971788507442,0.02799805910830714,0.5778442297051576,1
853,0.18429726093707535,0.0,5.413651737515829,1
854,0.4632307127312829,0.19338571730567303,3.549506129959603,1
855,0.9595888395846747,0.9881960981648171,2.9484802680503006,1
856,0.1397022695541171,0.43006457761207806,0.08348951733643606,1
857,0.5877822361319346,0.8474428140717126,0.1707243359219941,1
858,0.533111784480496,0.9996937957157408,1.8654828908251948,1
859,0.9625036560188335,0.9387532666764937,1.782536765269795,1
860,0.34750363921490907,0.5395279337403982,4.506774962253124,1
861,0.8888090242043695,0.0,5.8129154510181555,1
862,0.19010549389486536,0.13735821473237367,1.5038825083552472,1
863,0.7322236240149893,0.9496782709349992,0.9302143875190098,1
864,0.8722219168595371,0.6414230101085318,0.2072654192112433,1
865,0.9669747778851471,0.5756898413606054,1.5072673928007254,1
866,0.6615374770888436,0.8509338362797675,3.083317037693522,1
867,0.03367739177537315,0.8167043406062428,0.713625000473307,1
868,0.5997914556860522,0.6334581373631594,3.423508527061027,1
869,0.0076255064656688114,0.07686240407977685,4.002725954310635,0
870,0.1759230425924833,0.671919162613639,5.011785927946016,1
871,0.12099498913297259,0.27991425583835333,2.5687195111172416,1
872,0.5131159262362989,0.037148829985591394,0.214275868789587,1
873,5.271161139383384E-4,0.4088761541794699,3.9963442719087876,1
874,0.0,0.3392935914211669,3.742923857038693,1
875,3.6510229669063654E-4,0.6728465805354847,2.3595436741915212,1
876,0.3535391919855857,0.2899459274306114,3.546234065763253,1
877,0.7290123308092424,8.374656793769437E-5,3.5441856392841937,1
878,0.4490292765506155,1.0,0.8351743479700454,1
879,0.37707540064761685,0.5997831140720606,3.807976584520198,1
880,0.8063583982031841,0.5143814898911322,4.838396274064264,1
881,0.857105434558336,0.43914032485051435,0.0398554472667918,1
882,0.954826785724092,0.019617057144709148,0.1068596922722907,1
883,0.1702646159798189,0.9825137773109079,3.5086400169824676,1
884,0.07016316870978383,0.21862215733313958,0.9691963260949744,1
885,0.4005123353367407,0.48642250174573,3.9549158327120533,1
886,0.5689482247584386,0.5378615751399678,3.402304691081319,1
887,0.3433908248354759,0.004101144121825563,4.592900309236203,0
888,0.7585962568436279,0.7837695830234968,5.711964989397128,1
889,0.43643455542464493,0.7116566373708445,3.8939507543367755,1
890,0.7822753454098433,0.9956059445177302,3.321998368438532,1
891,0.4147076361197544,0.14456663021346053,2.662098152509899,1
892,0.5743605267622107,0.7539714504672603,1.6110669718065027,1
893,0.9957089451701207,0.8522877232294834,1.493303466445506,1
894,0.6302527644536424,0.960919476299253,2.3138967280723555,1
895,0.6738498567782366,0.5368338372306352,4.983488376668416,1
896,0.2610609525694192,0.9337315657070049,0.33992502423507787,1
897,0.5431865609234078,0.6003319353420572,0.5299512868833868,1
898,0.43483379903147507,0.37252108437381887,3.655251324332605,1
899,0.2813059572427019,0.665263839575318,3.2407136918399218,1
900,0.2983267452494576,0.5000352513331846,4.845557185262576,1
901,0.9968046727682602,0.9191998253614884,4.304106079916852,1
902,7.039882377582085E-4,0.8755607516085194,3.247812214731515,0
903,0.25688986386903645,0.6596311458917314,3.065057383117556,1
904,0.2951970281586334,0.0,5.999457995401483,1
905,0.7704031997012942,0.0019883011545259476,5.899821814472323,1
906,0.12629618709905865,0.03414969304832536,2.7645016173471406,1
907,0.28929871639866206,0.0031569413827798676,0.08105903041490099,1
908,0.7281107247578449,0.2560096689046615,5.022222568837097,1
909,0.6331491962790555,0.46453367449114075,0.6869057881026054,1
910,0.6021058755965617,0.6179145035392897,2.416057714973034,1
911,0.6735461646600224,0.7752789205158007,5.898925733360015,1
912,0.6607308880187864,0.4642732433463874,0.6267963539586029,1
913,0.13437138876049723,0.6035679993661016,0.851928820561924,1
914,0.36231148947452946,0.11994560857199553,2.270064744485858,1
915,0.42301157815515156,0.9084628262600758,5.672235593654295,1
916,0.6680537701097692,0.0012876945485288743,3.6591833178897493,1
917,0.13936162074251765,0.02144056777558502,2.4005244348900865,1
918,0.5726357651703049,1.0,2.3730521768694324,1
919,0.3380897525765908,0.11393045405590652,1.5733140598503303,1
920,0.9926900204048528,0.43021039057136284,4.409138063519529,1
921,0.7039550483349564,0.22298908297794262,5.2623120220062285,1
922,0.5513960801021615,1.0,1.1213987516908868,1
923,0.014952672201360812,0.18542766372496985,4.9301249014597515,1
924,0.07519410353699298,0.8540291859980357,3.7708474255782405,1
925,0.9709120112500873,0.014831802045626561,4.9958846162571,0
926,0.07135599806820923,0.2313759126267853,0.9267296644603218,1
927,0.9278973218412581,0.3778447868824374,3.718698563147739,1
928,0.4999196474583185,0.5029591592041357,1.0597991717219368,1
929,1.9651514418680754E-4,0.16241330102040805,3.6491365001509193,0
930,0.0,0.22393651291797337,3.7526509365572736,1
931,1.0,0.8170968538238093,5.259260980300426,1
932,0.46318596194349315,0.5731446794682029,1.767718957975824,1
933,0.12671421881623496,0.6271211959226735,1.4058213109696867,1
934,0.9719081587963786,0.13350623225985464,0.6736683818394043,1
935,0.8368341287510078,0.515186843637156,2.806055978572744,1
936,0.007569306734838793,0.35936316323597567,1.1547452774224283,1
937,0.0023093409765035525,0.07161694422742428,4.558693399957064,0
938,0.08843373727653948,0.005237692202046371,5.212666812862067,1
939,0.584161831232323,0.9112002490507108,6.042816647722299,1
940,0.999510188715351,0.534494120409346,1.5919484488388846,1
941,0.28208047695496,0.10092727411277842,1.5292605829441837,1
942,0.11323089814146847,0.9910737344694875,2.7631744856269416,0
943,0.22964227455932174,0.9982384629505701,3.242874562348504,1
944,0.08144752521687795,0.6841426523723423,3.656592430326178,1
945,0.3044135865192926,0.19344229120916587,1.822270814821511,1
946,0.787264971303689,1.0,1.3795411904519712,0
947,1.0,0.8945438636830284,0.7922849731249916,0
948,0.7339601730133616,1.0,2.5362303086428786,1
949,0.5890372617740518,1.0,2.5490862849001394,1
950,0.9206351021798681,0.4709335602867009,5.4270987666806585,1
951,0.7282073082429242,0.0,5.161488602824181,1
952,0.7549704299261042,0.08719584812830782,3.369384958340028,1
953,0.7120604826574929,0.24427996307757716,0.44240337333520086,1
954,0.6357335789091245,0.5229307950286026,4.373896554231651,1
955,0.34360740461197703,0.34030790552545337,2.4293830517380415,1
956,0.405001481612251,0.631885111712887,2.1555526052846257,1
957,0.9826636543676882,0.7331080701132459,0.3188060744671656,1
958,0.8030248880818662,0.9967803046824462,6.010394174364031,1
959,0.3701402065122062,0.6982940097051346,0.644530132948571,1
960,0.8298508467670762,0.4433131330349833,4.139144568878688,1
961,0.22957402848800207,0.4018029146263849,1.7942846175135982,1
962,0.7430309317893045,0.9993826595721382,1.3491419378430434,0
963,0.5848209653285288,0.5085674400063522,6.075709984503539,1
964,0.15149251810371853,0.0609667870015778,4.568893949781225,1
965,0.18392550756759532,0.5321905792145318,1.210534451839243,1
966,0.3257957374332044,0.4425315881236162,1.4968004007633873,1
967,0.0,0.08705282049951091,2.8980984057708454,1
968,0.8093058343929007,5.594758771358058E-4,5.18115482588549,0
969,0.34813460647982775,0.010034681785209196,0.31339350027141716,1
970,0.6682892527687149,0.4230497901263684,1.45706945110032,1
971,0.6598712568815043,0.5065901861534613,5.158145668710413,1
972,0.9894673355831691,0.15431742295575632,5.105179617166527,1
973,0.5871669856083359,0.939897725487753,0.8641167500389845,1
974,0.13615556090358247,0.9115846525396193,2.4014549253904685,1
975,0.4871195177673732,0.28807145101981474,3.885821525914729,1
976,0.5599147739384707,0.9066122833175493,1.7756298545753375,1
977,0.3473011966552018,0.36161121891461284,3.12640017817579,1
978,0.5343321621856915,0.093345883262244,0.6042793745919015,1
979,0.99481108950048,0.915521339563981,4.374790887114173,1
980,0.5260490025949519,0.0015049852328159002,0.1480558556441894,1
981,0.8614890822769236,0.5523308421225485,2.3592828023826327,1
982,0.0,0.7378280377439712,3.9719787686603096,1
983,0.7843478668010114,0.6282843272111378,5.079564230723029,1
984,0.9996797410038507,0.5319633413263499,1.9826664350600318,1
985,0.2435011246718457,0.5798723735158546,6.056157192956305,1
986,0.5606225842329003,0.0016006890349800937,2.6854149390470425,1
987,0.0985538665727371,0.39956861832811663,4.3070182738752365,1
988,0.4051546980433373,0.9682272641564212,6.27985274450857,1
989,0.37368044844314324,0.29634126995156573,3.8999398932565206,1
990,0.7648359311645638,0.2859048941414954,6.263309103694603,1
991,0.6726053633209526,0.1578669354067794,0.061211922616931425,1
992,0.26330730223719995,0.2503047746579522,4.980594664688604,1
993,0.29685722825787864,0.740850808354021,0.8554447325165535,1
994,0.0,0.11865003610869174,3.7243557778377374,1
995,0.9747909682884217,0.49999055350310423,0.28411661833263957,1
996,4.708244507402488E-4,0.6814481056483866,2.6640675929919846,0
997,0.8374032062945941,0.5310716882038795,1.3899224880157215,1
998,0.34572580155464655,0.47832819013595584,4.349256172307301,1
999,0.5248483061852586,0.1776785368068927,3.9593327629537525,1
1000,0.4900715133763314,0.34903360178312764,0.6024519125933372,1
