6000,789.817
1,0.7320822457340211,0.9991321803182857,0.25736934730772226,1
2,0.7182803850985618,0.8716410171913442,2.3787775946218104,1
3,0.5173054828623036,0.8495124177439826,2.550253624758247,1
4,0.999954376158707,0.5746967044256645,5.541477886326871,1
5,0.3999104832308935,0.1856608739922726,4.9858723050394085,1
6,0.6136915666308339,0.9730206632612003,4.6788360388406085,1
7,0.0014024156346051607,0.9255196164615258,2.347990250577287,1
8,0.720015799021034,0.33878176277575317,3.6494366823628615,1
9,0.834392342179179,0.46687864587263644,0.2878941321787013,1
10,0.6398466307422911,0.29874157746006963,5.8227347728040355,1
11,0.7901130293296459,0.3966348211451481,2.2363743611359297,1
12,0.9114962875907202,0.08731444973468014,2.2072130469548665,1
13,0.9858764788933193,0.2674471858452554,3.897081943179051,1
14,0.1761852266173002,0.7755627999271247,2.4059682765278563,1
15,0.10271308809957089,0.8862972371990305,0.3316982163067988,1
16,0.0061378068433468646,0.02668940478995152,3.910184705651573,1
17,0.3657857348267563,0.806205802487303,5.5130576676234435,1
18,0.17448603292583928,0.502589799606616,2.525194175778622,1
19,0.6637031562481086,0.6535628907901274,2.4137366254236525,1
20,0.02619118758196357,0.08783927392027124,2.355362277056613,1
21,0.8181099591429112,0.5926434844204939,5.796013650650628,1
22,0.2655051859607562,0.038209868036213006,3.6193016459810146,1
23,0.3829394154683638,0.868400930234874,2.9824063072014217,1
24,0.7204949178087915,0.05452187475305138,1.3533562004598225,1
25,0.5038057249087361,0.8170709029381068,5.851812691200319,1
26,0.9108505440495823,0.6459796105598202,5.447364273125336,1
27,0.4093650001009073,0.7238858557350696,0.024427685111556546,1
28,0.13617464009409355,0.666563981440359,1.4528405471443246,1
29,0.06008874532823149,0.17493682458428572,4.2603820947195645,1
30,0.040300096994706255,0.9973650176382395,3.153042847106292,1
31,0.0,0.01496422364352615,3.30529045187966,1
32,0.11526927545862346,0.9716908398250981,3.8822045212706677,1
33,0.2123414646979239,0.7639017790609225,0.7532217443142065,1
34,0.23235432855661048,0.9764775527091956,1.13209173839003,1
35,0.5645060761112785,0.1259597098510893,4.839115918763643,1
36,0.8918098268354673,0.7399873227578428,2.4010584286656504,1
37,0.43598803943712705,0.19964785865396023,5.252027692328187,1
38,0.6953283362575204,0.8484511720629058,4.257620521625347,1
39,0.7708216040468429,0.5073677234090286,1.6381200916046796,1
40,0.9959414433593542,0.04707958047102039,1.579484679729339,1
41,0.24705791727731385,0.141406819922589,2.3605501337330326,1
42,0.8227262532941055,0.0017953189607673905,5.6425018084474265,1
43,0.3893489051902582,0.8582469200613442,3.346465530172668,1
44,0.20408170310255178,0.2744446878157053,0.23690706481774187,1
45,0.7811164564767112,0.36332308457872636,2.6316493409605966,1
46,0.1122215826196777,0.9803922359477467,1.9743132678875,1
47,0.37213768049064283,0.17850577451562885,6.164000109668958,1
48,0.8381485218241508,0.32513229041641106,0.5070497935010495,1
49,0.09408280769240873,0.7176475831889195,4.48756495897935,1
50,0.8088877960998945,0.6384847746238997,4.730097260360387,1
51,0.3412142748347796,0.10712196489489174,1.0266595363630175,1
52,0.05123181965043075,0.3411119382157254,5.016944038444814,1
53,0.18943776284883346,0.5085677121172332,3.370387874776867,1
54,0.2033574996632749,0.38497929073594517,2.897267768452362,1
55,0.7468181456831068,0.9087689241642767,2.5341646480595084,1
56,0.7147353119481468,3.5374964586952615E-4,3.231657419419328,1
57,0.8393476499323235,2.773207222812843E-4,4.54172800731093,1
58,1.0,1.0,0.7780645142050368,0
59,0.19537756835974332,0.9420860567593684,2.8026111846326405,1
60,0.9716580477128276,0.24880035416408097,5.442370147245474,1
61,0.07583388011955972,0.9589792984948422,1.2845018977095297,1
62,0.19905692407755693,0.0,3.9168051529056154,1
63,0.0,0.23284764466576585,2.0293082403729956,1
64,0.38029851549954125,0.014055910090726449,2.899936243517291,1
65,0.8257911614697213,0.6534557445059177,4.014325576149327,1
66,0.49504664317457076,0.5369232533582757,0.11335889924395381,1
67,0.029121874510143104,0.9931521832156839,1.2914200854011593,1
68,0.6201925904878856,0.32642879771675404,0.22880390615883003,1
69,0.9640014965883947,0.9246512212308909,4.301491849501771,1
70,0.08483265872187336,0.07604394438496537,1.7269025579727253,1
71,0.08047104053666412,0.3649586713052739,0.10659667194285749,1
72,0.016265998235983816,0.5946423413802138,2.4255060888427744,1
73,0.5403432444593458,0.10022369920037667,5.8799955757767375,1
74,0.815781262839985,0.8633746219642604,3.217844019504538,1
75,0.021284541040954938,0.4304466271974529,3.958255167881078,1
76,0.4743647551930519,0.9490501984197384,3.3789757170143777,1
77,0.09573339683502177,0.40893077143661344,6.035717064109338,1
78,0.4108561725394145,0.006002096291668827,3.321385178713493,1
79,0.9294803575133055,0.8745541679329328,3.4824510813645615,1
80,0.7442761090416727,0.044616724896372216,2.2200717328533415,1
81,0.725464144440325,0.35037772012384094,2.365826452504511,1
82,0.6662676645837411,0.19532547678882883,0.6097172814789062,1
83,0.08632609623041743,0.3593348723426912,4.065368974031088,1
84,0.10292511162751025,0.11839261150652394,5.6232447957256655,1
85,4.4244222166320854E-5,0.3824705653417743,2.755919895643666,1
86,0.6599917732499737,0.9109558214005858,2.1118574841212436,1
87,0.4640292973999619,7.764521477600905E-5,4.762730296714643,0
88,0.0,0.11330643559169967,4.329842598962443,1
89,0.9984221406959506,0.4574802300345411,5.115121855658884,1
90,0.33132736217056613,0.22074249574670748,5.728662997433058,1
91,0.9990269193721978,0.4450145241437438,0.0273853540847373,1
92,0.14432440989416628,0.6568339518166658,6.265703906555903,1
93,0.05942310824399255,0.8947353823202825,4.1216087142110895,1
94,0.34610559142000386,0.1756363908463102,0.14601749355464988,1
95,0.6063003890915666,0.0866307058479453,0.9022216752987255,1
96,0.9999749896892266,0.6459823996897571,5.793481887695836,1
97,0.9764002629606882,0.4174186032920293,1.2065596608532625,1
98,0.17466812728073194,0.21078358469185668,5.4103382712963795,1
99,0.6291443234515661,0.7415598092710555,5.510158216451136,1
100,0.0882477557267484,0.0831576983421271,4.14330089008151,1
101,0.46946275459289366,0.653790336558833,2.3785162261336743,1
102,0.2565864368251378,0.9586985810702043,3.1880075470491445,1
103,0.5374230286563756,0.6946756875142499,5.381463317823628,1
104,0.6208697791726818,0.7607842836732029,4.201742799649243,1
105,0.9997713336684922,0.22399171720875194,6.250455122973249,0
106,0.36454640103511693,0.37539824192668386,2.218884201197857,1
107,0.2550575538057264,0.22882023584635675,2.2233172808074304,1
108,0.2900399368094935,0.0,4.994846277558238,1
109,0.1699333195955657,0.3262245990510199,3.257613903709179,1
110,0.42656177891347447,0.19618572185208144,0.03806144486124815,1
111,0.20597982749858648,0.30798515079056205,0.2502534549417115,1
112,0.2221459662166656,0.7617261973855433,3.2170418377634817,1
113,0.11252866610960305,0.09829487068413788,0.46020375114001005,1
114,0.17161793431946787,0.4521860950146958,2.708170245952598,1
115,0.3961813530462556,0.681485997679499,1.0196533205505662,1
116,0.11516731412244083,0.16789704713780507,5.816553453427414,1
117,0.363214913255819,0.36281410965566996,3.488100312680866,1
118,0.6521877835404881,0.4877515657014234,2.099621248952912,1
119,0.684868163876992,1.0,2.661970855819879,1
120,1.0,0.19293712649173295,0.3194231843358999,1
121,0.025154384954035783,5.394559430816043E-4,5.074297306222942,1
122,0.9821113452100517,0.3470247932775085,1.9892978959592906,1
123,1.0,0.37439554784246637,5.959985932814724,1
124,0.9894426970197575,0.347318587304748,0.1820141680698268,1
125,0.18473649438249237,0.4145487001220698,0.6955868632525226,1
126,0.5628957305544685,0.4955584941154086,4.443532967400308,1
127,0.7255884081857903,0.5896080962631969,2.2323827809679715,1
128,0.3885842151232136,0.2879012896556463,2.043216776937022,1
129,0.0032472225884108584,0.4098852886469595,2.5529132841071194,1
130,0.4544311544843381,0.21513901609431113,4.320683131944148,1
131,1.0,0.4084249088687698,0.7670668621274337,1
132,1.0,0.010407887892486497,5.708071045981085,1
133,0.21234372517932687,0.6721262317451694,1.3010271567577727,1
134,0.42828531877048825,0.7276262799685387,1.293005371859779,1
135,0.7493280549204464,0.2542615713259069,3.2234891345350367,1
136,0.5407501508129761,0.32730961842630285,6.1082696884713314,1
137,0.42785276153609686,0.8390377464159644,4.523370290467976,1
138,0.9241050856716854,3.400120932577699E-4,5.490845414307181,1
139,0.26387928524926907,0.4987649271655529,3.6345631878889053,1
140,0.45466126138319934,1.0,2.5730807298702265,1
141,0.30462026395705066,0.7827616127871225,3.415284434763967,1
142,0.12297298747943719,0.18962775928673956,4.8687594406366,1
143,0.7432011171694622,0.5486903784468783,1.017802627670081,1
144,0.043674527907551115,0.6365506198695233,6.157789535614061,1
145,0.24940903150141627,0.7751327774047334,3.8502865702400593,1
146,0.07805636454731686,0.4063415958729656,4.205765448015988,1
147,1.0,0.4640604161293142,0.3072206712206107,1
148,0.7327294651682126,0.057554913917751215,2.163774585909104,1
149,0.9995479774992166,0.44310751267804105,5.787440755038935,1
150,0.9930576826765316,0.6158498830925181,1.950004216371481,1
151,0.19527218215944514,0.3145107582382276,0.04874406315626967,1
152,0.5360608503760966,0.5791145888223184,3.3786255288401157,1
153,0.43117560437234903,0.23391799433138344,6.176197585541845,1
154,0.6287462318426434,0.13851810950599355,5.359186378822126,1
155,0.7754463188486748,0.8151125180562518,3.1503710284399995,1
156,0.34501549289970324,0.43731608449956966,1.5871741882440134,1
157,0.4354694220788725,0.49183757898221325,1.5335572989418638,1
158,0.9501717916512018,0.4840791394725018,2.08290024934034,1
159,0.9017202108056754,0.30457583797700327,5.789628134539104,1
160,0.22780809621594084,0.8546371243446665,2.7139639205570734,1
161,0.2909590143510986,0.7484214374510211,4.413527084353491,1
162,0.1439400892086884,0.39041354935207095,3.2447310057955505,1
163,0.4532565401964298,0.020240412181235016,2.004310771797673,1
164,0.34195926665559906,0.8768293210454605,5.4131978116499235,1
165,0.9183555966483608,0.7422462867079175,3.253151139189494,1
166,0.19969261434840546,0.846827378395981,4.229715881361763,1
167,0.021945667236517478,0.9029056119459747,0.5714576617550913,1
168,0.7582748713334485,0.7011012411881787,3.925809656008388,1
169,0.006915871565532049,0.33250530523953636,2.6841819946990455,1
170,0.5329386491281084,0.42837989966480283,0.12589633247957419,1
171,0.41272151485521585,0.2912058968325545,4.805516818396022,1
172,0.267047769445815,0.026608176063690626,3.668744122859271,1
173,0.044991466395130686,0.49425647150496244,4.037722471006137,1
174,1.6165740131191442E-4,0.9524111610704973,2.586984856293627,1
175,0.234618534299394,0.16644530952430733,1.0607191028449698,1
176,0.9968050173235133,0.041538356190417576,4.652707880342097,1
177,0.7152694873415124,0.38303044657153623,5.096698918441776,1
178,0.6444857051766361,0.5792450556804534,0.4941675772130961,1
179,0.5828539356503419,0.3822425291153792,4.284112272590834,1
180,0.13828772531431813,0.42635733535471537,5.782098769256825,1
181,0.04351730568881838,0.43487016318810784,4.409143482988714,1
182,0.3653425302282396,0.2831286283501377,5.484317587632867,1
183,0.6740061102071943,0.15999749226750035,2.5894732355628554,1
184,0.04703531890029337,0.7078142210225775,1.8484609737318922,1
185,0.3818301863992466,0.2915104919560966,3.6028184290287615,1
186,0.9698895115611943,0.5655391011934611,3.1827020025052963,1
187,0.2608763464824548,0.9349253965136849,1.433206552984092,1
188,0.12772630300579832,0.06357629725605377,4.171952085302019,1
189,0.43620488401074886,1.6432366841110204E-4,4.15395813440496,1
190,0.10809570628273103,0.4624298832607781,4.134555786704719,1
191,0.6610882326870587,0.9934698972072531,1.4043189343577347,1
192,0.2193610854315407,0.38197588481886313,5.650961612677894,1
193,0.44862719981549903,0.6997932948544505,5.042953117244639,1
194,0.9200155024217821,1.0,0.021910571848011318,1
195,0.8821225012160563,0.16583862549344006,2.4206369139702453,1
196,0.8566454310412249,0.13125514683044454,2.0793327796931083,1
197,0.010883361769147977,0.40379997587433997,4.273863920604238,1
198,0.0,0.3878165559806696,3.503916179594662,1
199,0.1901397094927832,0.14988618875049,5.244967349760046,1
200,0.6767586173880094,0.400210281331578,0.7812849666255829,1
201,0.9704114975149175,0.9966845344964602,3.678133651913015,1
202,0.4220528430442142,0.7361102556087774,5.930307719974043,1
203,0.42133450309232007,0.7565310780417236,1.6248981353031047,1
204,0.41270705327774426,0.6740517374563324,2.9966611471293496,1
205,0.5432984337341401,0.5808416489025151,2.2683876357774024,1
206,1.0,0.3428777851745032,0.5803861149824144,1
207,0.597169913289214,0.5757182267466946,2.1331078616474217,1
208,0.8350371714899028,0.7492045300445265,6.0029368277977815,1
209,0.9888719769592766,0.06948859919874968,3.630431301781866,1
210,0.8651197147351846,0.533825956315436,3.1049143941165136,1
211,0.6351542860185855,0.026390127910485315,3.6941368230405534,1
212,0.9999110483329922,0.9707988794760501,0.5821569024142461,1
213,0.8110245773876408,0.5265077793215216,1.3010701067322656,1
214,0.7300722550348309,0.5760817239297666,4.875494417524738,1
215,0.923259465984555,0.10384200488068866,6.114036860867123,1
216,0.5249142649720036,1.0,0.11009395674785186,1
217,0.5383218768876478,0.9331788132345331,1.7322547871736031,1
218,0.8395946212222637,0.6916328002981391,1.5636225682992042,1
219,0.0,0.0070702315015940395,3.247072887146795,1
220,0.30910859428145737,0.13804622891597668,5.518154120871207,1
221,0.10811634339140291,0.7986499043945159,5.34916819769678,1
222,0.17656974929902716,0.23862200060492667,3.7937141900277984,1
223,0.2605037734166088,0.8616818094350891,5.159064873714154,1
224,0.6349151393619259,0.1793877469202167,2.544800395906436,1
225,0.6141372042012936,0.610019344339041,0.37175240702805684,1
226,0.47498921627558377,0.8628340859782476,2.7404901959447363,1
227,0.9991936445653959,0.29035287485623495,1.5694255050327686,1
228,0.7941218803882057,0.9067202978493153,1.3850601316948778,1
229,0.08321432407589235,0.0,5.680222996430143,1
230,0.4949867867087507,0.00711877383069593,0.7102565409006386,1
231,0.0,0.9959725189274145,3.5118752736193,1
232,0.1452585506703242,0.30832399682080786,4.967527916344319,1
233,0.25435327151604686,0.9204362315432444,1.2683116969624362,1
234,0.8836816145716205,0.7620341800127554,3.5134125478825062,1
235,0.9115191545560143,0.4201818563256959,4.766353584945523,1
236,0.947168686847424,0.3419375442727814,3.6499521951073395,1
237,0.04593716486059868,0.12474387724161444,3.108453858710031,1
238,0.6440116797118891,0.0,4.879144662372785,1
239,0.6241212729263972,0.6292533456366608,0.10009714497051725,1
240,0.8859617522812779,0.056548605451022284,5.541955907988793,1
241,0.3167211656891111,0.10214348258850132,1.5417056502060351,1
242,0.887349486817235,0.6824570109029333,0.33831629476333525,1
243,0.8634298881959561,0.5623698407948108,4.836358813254019,1
244,0.9588091261179872,0.9431506764241246,3.8384429253228216,1
245,0.6479826397626436,0.382662368248368,2.340798467984008,1
246,0.19080627743776815,0.586623204490206,4.144151843046208,1
247,0.8433021520590492,0.42193588776266044,6.164004898166208,1
248,0.34035208826907803,0.024102259606106846,1.6638857326592926,1
249,0.2611942511521804,0.3293220780295809,4.591171824701285,1
250,1.0,0.9365352609071046,6.047186069197853,1
251,0.4188229260229723,0.9755448857569942,4.955216884308603,1
252,0.5504375389023262,0.8633091710243855,5.116609070006092,1
253,0.9826482593114678,0.5834325863934919,1.8504768788573986,1
254,0.018714415108564603,0.2710168294087134,3.070659555737633,1
255,0.8418841536491977,0.959917508353724,5.140497979907292,1
256,0.615738675717004,0.794386091076199,4.783009455480096,1
257,0.2938795619493109,0.9503876012098096,2.423211803807713,1
258,0.2859836397906771,1.0,2.5787710256247376,1
259,1.0,0.7395645487186262,1.4800844914995699,1
260,0.9939245821632214,0.12288677263337255,4.331645325406743,1
261,0.48335937242215077,0.0,5.107284088465186,1
262,0.0,0.5437792450360186,3.1435250753907424,1
263,0.0,0.00184135621045292,2.912686572944312,1
264,0.714362021556414,0.991701678167245,1.8000214721907328,1
265,0.3844592621847482,0.29686873312179984,5.398847066172444,1
266,0.37280511424155205,0.09207688056788516,5.818690113741341,1
267,1.0,0.4203398574254777,0.056619602223576315,1
268,0.8636979369109465,0.10487722399728168,0.8290587895249992,1
269,0.919639764950165,0.890963066052553,2.6662328350981204,1
270,0.7508667261698249,0.7660697327491548,4.87983802927859,1
271,0.011221313605505151,0.28301257999430035,1.3189910484265197,1
272,0.6655354998978842,0.45430334365527436,6.019201527325464,1
273,0.2987789060322855,0.6568315504200883,4.890681403635313,1
274,0.2314595206207098,0.060289001518836635,3.1234152758618188,1
275,0.08282292261368286,0.8592556295706044,2.147857160810871,1
276,0.8903811227421721,0.6804708271646204,4.3376812588859455,1
277,0.1952818571035161,0.29597674414987357,3.6621258128796907,1
278,0.0909447143103993,0.40005376658155917,2.2124088746759356,1
279,0.2709000923792468,0.3703343959920254,0.016438473399146503,1
280,0.02733626656896592,0.8510847134548265,0.9998774597117004,1
281,0.2854721053929563,0.45659686135633204,0.4700627477340307,1
282,0.6369250726249358,0.899493934268258,5.796778385089527,1
283,0.15551101749439095,0.21149902069570697,1.010068862512685,1
284,0.4791638950175938,0.9988361287669361,2.4713544469899418,1
285,0.9219085825391733,0.9146896020832098,5.736408087188088,1
286,0.8123058217323247,0.026998323876234315,0.6535026215528256,1
287,0.1990987927308737,0.7771791926615761,3.46529242845371,1
288,0.157556355010574,0.3062795592951882,3.359322098646573,1
289,0.9979374504734088,0.38777093844431054,2.0762602678305044,1
290,0.6844519349253776,0.0,5.495697938514162,1
291,0.2674567405934013,0.9998875268307719,1.899452025521542,1
292,0.555507150356907,0.9997284406553072,1.3535533631245853,1
293,0.0013727954921168395,0.8039902559068791,2.962660810748635,1
294,0.596815491798057,0.10652494205672816,6.025849080241793,1
295,0.10057875905772104,0.2572942561826863,2.423612883786626,1
296,1.0,0.9846461959445174,5.776663271656655,1
297,0.07491228899023977,0.3147144349994001,3.8261077806903803,1
298,0.8057791919343459,0.8481549505934944,1.6707291374581041,1
299,0.3154683080045653,0.7420418708616063,2.8613296410648847,1
300,0.06628628632647524,0.11420490660488984,5.524500486960187,1
301,0.8324740505189584,0.6860661290662732,5.082268179599271,1
302,0.49158198717253243,0.08801791652401991,4.016080913671251,1
303,0.5485641125118046,0.5091049138073482,6.159227376102664,1
304,0.3843060280466878,0.3793029130644783,3.796144771644202,1
305,0.4116521245401366,0.8476976345028033,5.147284734890773,1
306,0.6647776319856152,0.15151713840413158,3.4925072260865146,1
307,1.0,0.9482985039612875,0.1270852643974657,1
308,0.3838248494239022,0.44139375940925457,4.913774465530587,1
309,0.9358556428261796,0.6351741442387707,0.971592337069245,1
310,0.5125338751396685,0.31099409372381354,2.8268633950229005,1
311,0.14256869394547642,0.9934944733272709,5.4205944627091025,1
312,0.0,0.1484090612361842,2.9994986084995054,1
313,0.8159024601044295,0.38458185168442616,4.905702347489224,1
314,0.6135322732836972,0.597069575699542,2.4404109017489293,1
315,1.0,0.3668247817066503,0.2491019141865797,1
316,0.5840592045113442,0.22114938235975998,0.0628437003417342,1
317,0.5921422338156984,0.001449028709627513,0.24241426381265588,1
318,0.2937545271372041,0.9209018981394007,3.1302288072550786,1
319,0.6388424547404723,0.717488953889097,1.7339075196461118,1
320,0.3370086286823541,0.921031034964718,3.658027910726029,1
321,0.7644805499429099,0.6214105138297963,3.4982030605845735,1
322,0.4098156358457619,0.0,4.285382536013786,1
323,0.8651278105370734,0.9302368140166996,5.243486190444847,1
324,0.6900126160319311,1.0,0.7655686963659695,1
325,0.3625774273682596,0.0,3.8082912748250064,1
326,0.9993258256835347,0.6524431550215056,4.928958803828821,1
327,0.09932065433456976,0.9940814401479777,1.2544508246900088,1
328,0.8855066621292375,0.3708738390697764,3.819293999369395,1
329,0.7783832476530324,0.9817333010225257,2.6009072916211604,1
330,0.8890414542409741,0.42947688726756367,3.412819533867263,1
331,0.6014043847194002,0.6000770131742414,3.701639861773334,1
332,0.17026866977003072,0.380523689006515,1.314390213238337,1
333,0.2545594694022396,0.3850387457895801,0.5310499755187466,1
334,0.9322166811651069,0.2606314606496151,3.7088535760088943,1
335,0.7648534003081998,0.1294130629937498,0.5261135335814973,1
336,0.5034824056985822,0.4681368663282968,3.470895315513607,1
337,0.060329199549644205,0.0,5.245665294907426,1
338,0.4398365972268023,0.9102179610996982,5.32375413075602,1
339,0.3670848907537936,0.7173541505258348,1.3006134660945314,1
340,0.11329216012419524,0.9774994731741999,2.053119326590213,1
341,0.8678040260605141,0.02921583572408392,2.7618872815923847,1
342,0.946028018429732,0.002062395760118462,5.156330872339538,1
343,0.1670348802545139,0.866217422479042,6.080039495787573,1
344,0.8604443703917797,0.10096683021679459,0.8641295468254793,1
345,0.5444851837621126,0.8555318332597001,2.612377368320657,1
346,0.0016900179778589063,0.2767610249053212,1.8250664324465824,1
347,0.9868998805262077,0.9496602845820389,2.755540527937524,1
348,0.3488646771629185,0.4124702844470949,0.0013830972419675847,1
349,0.8071954628924723,0.7038279304026521,0.9026878799552714,1
350,0.9360159146264627,0.08062757440541823,6.075185740561078,1
351,0.8976020197881535,0.2877309270506509,1.4434958878896262,1
352,0.521102003241497,0.137207806581261,4.531301239564323,1
353,0.08449628990133828,0.433030771939549,3.5616429944817996,1
354,0.3568598551492029,0.8990019168769273,5.946143243073547,1
355,0.8186864407958795,0.2520851018139104,1.288137613997192,1
356,0.0,0.10579249717425038,3.3013122125894863,0
357,0.2574703772157018,0.7608861157653963,0.09809919741803075,1
358,1.0,0.5013416993584717,6.047290893965971,1
359,0.9810301502028667,0.747219546309293,4.146235158681563,1
360,0.3964254244219726,0.3798128716484047,1.9153593429377376,1
361,0.9243079144887436,0.7302751067875122,4.3046304912809505,1
362,0.46794086187036393,0.042646497664144405,3.045677791593249,1
363,0.7738811383448965,0.7967909208866258,2.199177904307358,1
364,0.13716946284865966,0.08336318551222076,3.8021488708183626,1
365,0.037038493649980436,0.5727459335676656,0.656705392002768,1
366,0.09550257956898127,0.13564384078492048,5.07258730232312,1
367,0.6778254926202089,0.5937424623015525,1.3452497328007693,1
368,1.0,0.6486825843939107,0.3893194173764444,1
369,0.7597190950556526,0.20639422626423823,3.945059405414087,1
370,0.07052620041515238,0.20019200090504766,4.247652468666664,1
371,0.610235782730211,0.6583649823400761,3.1661862130510103,1
372,0.5129723658040486,0.3569632162927645,3.3755053837548497,1
373,0.941018777522024,0.8012953514543014,3.429415690453308,1
374,0.7092738810208664,0.5882186172565341,3.853863231293546,1
375,0.19007614433145847,0.0,6.273508814824318,1
376,1.0,0.593640966507008,0.47567409044510706,1
377,0.1943209843292499,0.28676119207794754,2.11309075430656,1
378,0.699933951679946,0.41922789928234677,3.579073332529083,1
379,0.060595034638570584,0.9995181081605403,2.837155930878264,1
380,0.16468660003785576,0.9943980947377714,2.3563503847243137,1
381,0.7565137324930012,0.3604340317828127,3.9837471297369715,1
382,0.20908727712019293,0.04363407954372187,2.723500463524784,1
383,0.23326418246776195,0.6968265640623769,1.4233086235166204,1
384,0.013076619131791095,0.161342806378625,3.32864946656392,1
385,0.7217810048797432,0.4345987244331781,0.6761719288303688,1
386,0.1332026895376532,0.0,5.294703567955266,1
387,0.760184285118294,0.2607143139151706,4.712111465787669,1
388,1.0,0.6153923181458475,0.33204398578342686,1
389,0.6313269081085757,0.06958389325465154,1.5867396163037755,1
390,0.9992828152693961,0.2595768432471231,0.6345882758047496,1
391,0.9087162461800462,0.4107981305216487,2.4997861393115715,1
392,0.79716604593629,0.2923591414175647,3.1180096562315063,1
393,0.6732403038715596,0.31338606765048915,1.3431621389821988,1
394,0.39114807731080103,0.4309286302556586,0.7440964153584215,1
395,0.6179696920297207,0.3325390613958224,0.6157617586654408,1
396,0.7323617450695017,0.6202311591600591,5.215789780351849,1
397,1.0,0.47581787816888077,5.539009835717579,1
398,0.0,0.7034755408414894,1.713078002466486,1
399,0.25235965273877775,0.7393043380225313,2.221115959788859,1
400,0.016753002632732432,0.5047964113247367,3.6330475912797713,1
401,0.5816346814324717,0.9998634966490408,1.4023667317171398,1
402,0.19015090447476418,0.7956518975094122,2.0598564713766523,1
403,0.35862383029242306,0.5324924458758535,4.825786867536472,1
404,0.7979862957102947,0.16397358087079064,1.9676898633142639,1
405,0.9946739557700006,0.9622251887276915,4.715721624273228,1
406,0.7905216380871934,0.8663296660270022,1.391530571765387,1
407,0.33329608025507756,0.0,4.904020663343896,1
408,0.3705105138340015,0.6384515030379969,3.6249095626501275,1
409,0.7675785014991802,0.06244041238990004,2.0939724027616564,1
410,0.017812121440173193,0.9111960240910946,0.4370865532984626,1
411,0.4974611582275233,0.6937409877151112,4.534505940044447,1
412,0.002804174463758871,0.9672181911744051,5.18489729292983,1
413,0.6687242611723037,0.0,4.5428716571365975,1
414,1.0,0.4430708658410121,0.06707359441165028,1
415,0.8677105170679392,0.31172978583808764,5.261026430497748,1
416,0.5414371496809599,0.09148351852623499,4.813771063292533,1
417,0.6995129149486299,0.9643815107884213,3.5324623157058075,1
418,0.438022962473975,0.9338951489046786,3.268237119546812,1
419,0.8746300998091261,0.5003351990419492,3.623164609171793,1
420,0.2513729237898491,0.843533317712326,3.2350342815250688,1
421,0.11955404044487421,0.0710683294687242,2.840439535663743,1
422,0.9991255957718935,0.9639626829538751,4.775357427227136,1
423,0.5861009872392365,0.9992734795394054,0.4513105002005949,1
424,0.313990319681742,0.13449951454901438,3.2715888280605117,1
425,0.9432731714191943,0.18507144301152886,3.5725244473651414,1
426,0.0,0.40107457794594503,3.005706213501079,1
427,0.5225109372537386,0.7733949614422678,3.5805183406883376,1
428,0.37371797686456293,0.3168804735579578,5.948887245690084,1
429,0.47799453373005635,0.5033825553642649,2.456489351424155,1
430,0.199775292234989,0.5431216331358111,2.8973064078796096,1
431,0.8912348472572026,0.8592153165806007,5.1228680322598885,1
432,0.8471077092670535,0.6250982840643236,4.4124167715139855,1
433,0.04306123386691085,0.20105362943343558,3.2592896463263767,1
434,0.019429947138954583,0.7303389913972,3.6812025511790814,1
435,0.2405039562736835,0.3382075339593657,0.9807858757860215,1
436,7.621520471196185E-4,0.4888416537710942,3.5588492489608434,1
437,0.6109852766465603,0.9346103716845837,4.596395899169357,1
438,0.6990297906113945,0.3689395047917907,0.0820634141615087,1
439,0.10890659900293363,0.2299097461045101,1.3885486555287736,1
440,0.4012841620755414,0.5963589484664952,4.355083198993983,1
441,0.5002604333858301,0.07171671606570602,4.6489106265425955,1
442,0.9749239644567717,0.9405940605793284,5.810908856551651,1
443,1.0,1.0,0.9535989905315918,1
444,0.5568736617819533,0.6756475919847913,2.8478526802524704,1
445,0.0,0.8984198451291818,3.414622098032129,1
446,0.23906448034075115,0.5084001899570422,2.9195749261367103,1
447,0.6506102044031785,0.5802836644715014,6.2362525619764435,1
448,0.6323064378404171,0.5389231446881333,1.0323913946109036,1
449,0.0,0.1708978797711401,2.8270644707605834,1
450,1.0,0.8959885644467434,0.44103522950281776,0
451,0.7586259903391269,0.0,6.112246943368088,1
452,0.29150503315423937,0.4875888739014638,3.8985157370955577,1
453,0.0,0.18801331499074328,2.437043382666567,1
454,0.7292022430025343,0.5235688185563878,4.925561608674334,1
455,0.05848798177160188,0.7738395122102494,5.771030137019918,1
456,0.01730683155409261,0.7654191572601565,1.3311648823764743,1
457,0.283074707964659,0.0,5.0179925135652805,1
458,0.178482313072671,0.4702541545628903,4.581687264818451,1
459,0.6760795759843641,0.31039553916348184,5.348617545682968,1
460,0.25608731941761936,0.7974805948866837,0.014569018883164198,1
461,0.9967862636810346,0.20074082123323708,0.4746653907645237,1
462,0.6970687842251658,0.6149656539343936,4.2562540160862055,1
463,0.1375433691836855,0.1204990441139269,3.557508609664938,1
464,0.8904392148133591,0.5008884378229903,4.165369750215538,1
465,0.375689271417004,0.2746111753878762,3.243541619336948,1
466,0.7820110134054551,0.05728145880983525,1.0964602013795675,1
467,0.1042468411808492,0.19807358890177806,2.306005804647398,1
468,0.056750851072216446,1.0,2.1118595474834208,1
469,0.5433240398241433,0.5510783274189011,5.680081919468738,1
470,0.1884015778853839,0.22513018914305855,1.4568133609094949,1
471,0.012888971698364868,0.4329794642036951,1.4402331843531615,1
472,1.0,0.11922498205545917,1.0027314512284184,1
473,0.3645029504067602,0.08015450772698333,4.359271787066794,1
474,0.1824404120484406,0.2373043697676447,3.8914954429725492,1
475,0.39817023874272645,0.2749537766288684,0.24074309027468688,1
476,0.2813068441904959,0.0,4.801570301163299,1
477,0.27231726922564364,0.3772505489736713,5.754579686868235,1
478,0.001394774380965011,0.447388737324694,2.389499554279588,1
479,0.7621176488366406,0.20570905478461063,2.5149460764606903,1
480,0.9646498154302426,0.5073312863756301,3.6241119632200696,1
481,0.7857654025002143,0.3960224314024105,3.1060687625384658,1
482,0.5214863571468191,0.9560528858552854,1.1769855822663566,1
483,0.6094130764764654,0.3004017942720033,2.4641461175517287,1
484,0.044974137109157535,0.934362249706713,3.208258544099337,1
485,0.2715656593691566,0.6400374520953632,2.0843655043160636,1
486,0.11966914148602331,1.0,1.0852828782248687,1
487,0.10414886902225784,0.8745271471149544,3.73170879403877,1
488,0.43357719701727265,0.05076140473158859,5.533177045754842,1
489,0.743350933551147,0.954829206373343,3.895246386882785,1
490,0.8691446201714549,0.688084453555148,2.083189043999443,1
491,0.0,0.03811749878126106,2.726212089242463,1
492,0.0,0.9778374783439674,3.6794370152669384,1
493,0.3952389085158194,0.05181578576345269,5.444410166250866,1
494,0.9273852401615681,0.20633921844231456,0.44678023510771486,1
495,0.4713536326775118,0.08051598736568442,5.944437845340076,1
496,3.972926220749439E-4,0.9629399226700694,3.67402228912722,1
497,0.45326774102586187,1.0,1.5038427582750606,1
498,0.0015669988940905202,0.5028043291470377,3.59598394984714,1
499,0.8606127470407048,0.2561157446760625,0.004486263808938962,1
500,0.6191201485760305,0.36749830650755666,5.70075713055254,1
501,0.6023652043277804,0.7727807505563238,1.103423680275922,1
502,0.5328539449248123,0.22425446244842737,0.8348996110653409,1
503,0.882262011873606,0.014227305466504516,4.036314433894532,1
504,0.7030658796490887,0.378620007376238,3.6038421032760968,1
505,0.11122255844174113,0.07546732974640444,0.7639900928420067,1
506,0.9902502301065051,0.4402168829316698,1.3876851268110202,1
507,0.23510609955594,0.28937020009464165,1.6499109208807836,1
508,0.964502545777485,0.01952448341905122,3.207092952237069,1
509,0.22597346342307068,0.3600047546053864,1.6011347389809125,1
510,0.6004129439296115,0.3281346592984586,6.262481834943171,1
511,0.17739216946556152,0.4549512679305119,4.898454678487043,1
512,0.08498690914021619,0.7736648482608199,3.964559306731141,1
513,0.012301504271845603,0.6725221026428131,1.2503140425943988,1
514,0.7364329022905869,0.9993592405125127,2.8295323622878805,1
515,0.8716653591127378,0.3407577997376597,5.615664511307177,1
516,0.9739870399506522,0.9225468438315814,2.375921958020039,1
517,0.9682270588945044,0.8111406184267259,4.0687361994860645,1
518,1.0,0.8476817631014666,0.17340017376609307,1
519,0.4028440924873744,0.007254943722738343,3.2657354956903912,1
520,0.33533973092897246,0.32456531537597166,6.186068977794346,1
521,0.0,0.18407747789498566,3.8285223321271964,1
522,0.4880330301741565,0.5135171246994209,6.225425573456422,1
523,0.6422279439201207,0.7396536755753482,1.735967345036555,1
524,0.13934128496794296,0.0,4.777288533543602,1
525,0.35833147453210773,0.0656380240993946,5.546110611385472,1
526,0.5281239117866134,0.9277621254125208,4.376463269228047,1
527,0.09522782131627745,4.0044154304777143E-4,3.0009503570831755,1
528,0.6220722431185245,0.998547058395325,0.36805625467014796,1
529,0.014795398029154166,0.999643471555959,1.5618052384349026,1
530,0.5925194869267221,0.06292877393500179,2.950431461991018,1
531,0.5850666289579755,0.2882813240862626,1.3223731431384536,1
532,0.9602171852219187,0.4980187797583229,5.817024222525886,1
533,0.7585373603591836,0.0035538804866610523,2.970633134242502,1
534,0.4971442186510566,0.8438429314342019,4.828444747410063,1
535,0.9121887667133703,0.40103527054633253,5.644272579569134,1
536,0.5785061909874571,0.5015055040930998,0.08096606411166084,1
537,0.4579300339313591,0.021440622817631916,5.7089703929595075,1
538,0.5258386083393678,0.13552891189517072,4.530264111477501,1
539,0.5288734093246826,0.03128789421113702,0.5186805122195765,1
540,0.3073510281573433,0.9736200316021874,2.693985529185869,1
541,0.7091203354132884,4.657611398607548E-4,5.557065024230734,1
542,0.2813346404144495,0.8904260694397265,3.8700082888668206,1
543,0.3237860973837409,0.20577577034585712,5.009781738215924,1
544,0.03606288532017569,0.7759805579751704,4.4618382169331925,1
545,0.8136323535473554,0.7848988178341105,3.050470225655486,1
546,0.6404186578553186,0.22208278037565282,4.743553951950945,1
547,0.615079646658257,0.20797075107905644,5.146511073657154,1
548,0.5227211017564252,0.7231316966816322,1.5241701304986384,1
549,0.3464689646225019,0.49650646383379093,0.6075791598255699,1
550,0.9513041821683789,0.0832592843020923,3.802263094838443,1
551,0.6669648587384593,0.9078099635221525,5.003846311802476,1
552,0.5793466421938062,0.37309141903307524,2.217594381285431,1
553,0.40251478701769966,0.1074402706478962,5.308449776379177,1
554,0.2466624940905065,0.8543448184187568,3.682881081635078,1
555,0.8495242552495071,0.8123317498793637,0.532409947542636,1
556,0.7752936725113929,0.365828508779462,2.830225687841623,1
557,0.3052401689748434,0.9991407189066567,0.25079618927772324,1
558,0.9617288000040618,0.8778046534465176,2.572588180016863,1
559,0.8192484220404042,0.7646202444150819,3.6457712530136277,1
560,0.9458490249740991,0.35869051322860074,5.919752775412477,1
561,0.02821053718220129,0.5051480858864424,6.026216778468995,1
562,0.8626867004058334,0.3713201934553687,5.096085649618792,1
563,0.9250648617399765,0.7407464724730567,3.1846882731484674,1
564,2.1878905965251974E-4,1.0,2.036859746628359,0
565,0.5806238892587106,0.18939492984629697,2.2103840432873185,1
566,0.43781728957597965,0.2783521478406356,2.4307822939129164,1
567,0.8696894573957942,0.2776625777299163,0.2564860652370696,1
568,0.7752711894237723,0.0,4.520464732137304,1
569,0.034446265748338895,0.69111426019743,4.770390858393039,1
570,0.09121491621828036,0.8616078636858444,5.168682766926396,1
571,0.13011429345592532,0.7397659783280157,3.9316338017910404,1
572,0.7253636812009875,0.4161573296271938,2.932416575596093,1
573,0.9672668683423377,0.6935049941230592,3.0105662392014625,1
574,0.652162807685328,0.9986089224800241,2.604831295755572,1
575,0.31576553061521645,0.4287137757369829,0.6416187426765956,1
576,0.5986318144586753,0.04432747736799784,0.5879023431175033,1
577,0.07333402754095122,0.21894307684482978,4.6419875130435,1
578,0.3326563638201948,0.45742587968716397,4.954374887222856,1
579,0.5901027353467287,0.6908322776829475,5.151277600499903,1
580,0.1942418512994145,0.44425383731513285,4.429112093587095,1
581,0.38103833451156194,0.08330993983487164,0.9403955460680331,1
582,0.0012846155934150632,0.595076009011927,1.6614561076028629,1
583,0.8030789075334233,0.6130464582541769,3.8588210451994933,1
584,0.4772276423710122,0.636484194858489,3.3726146358424374,1
585,0.07677231404434968,0.9498792834767015,3.1582126801124386,1
586,0.7679677294831507,0.9103721530377604,1.7767606725667648,1
587,0.6635965395025679,0.791381571628134,0.28700835035598693,1
588,0.13111102971613642,0.3331038079574542,5.384530765310677,1
589,0.008673523867724455,0.9998247447819852,0.3627644430327752,1
590,0.5982595035173763,0.41218605721223966,6.146277634210702,1
591,0.1935386708166004,0.38663344702375513,2.0319658358638732,1
592,1.1797087389447134E-4,0.9727896219463931,2.993203145885061,1
593,0.6994635481163314,0.044559191233890856,0.2276005522723814,1
594,0.7918696282511429,0.13494797286570523,5.642348596174876,1
595,0.9953880915540179,0.05492691763888272,4.810754790818323,1
596,0.9997814471036691,0.47717917123227727,1.1434687717187721,1
597,0.13304699242381962,0.5623816441168062,5.645632591357711,1
598,0.31121428614827273,0.8684888215169382,6.212009332516641,1
599,0.9997254975060678,0.018514723118056096,5.71490906963214,1
600,0.6690498301567535,0.07922146031580311,3.6344238389647963,1
601,0.9952534884685184,0.0,4.815435576711984,1
602,0.19080530081277758,0.1843320260883869,1.3240495214702042,1
603,0.3333456808037464,0.9918178324321633,0.3053968118536575,1
604,0.2835891481748215,0.5280919238348971,3.5317217167593733,1
605,0.43853233723311263,0.04989998161643129,2.829343806113337,1
606,0.607378867256002,0.6083044399479921,5.1106585478214335,1
607,0.880764446337153,0.541428547430257,5.699374488913647,1
608,0.3288157256646223,0.3309835473021006,5.3596925881701365,1
609,0.6019541941605613,0.06932111821544579,1.8208095747361217,1
610,0.8028574511819777,0.9747934002372571,3.279790100097549,1
611,0.8231236995371863,0.7326197159411116,0.09073499390312129,1
612,0.8206916803834562,0.9353976395309378,5.054890301797351,1
613,0.3049503733949061,0.8033673857657362,0.7281777740599649,1
614,0.369585256577312,0.11391660064687739,2.4805310788733745,1
615,0.6598791557538912,0.1888189762104358,2.0418389208410375,1
616,0.7782683722786069,0.23862461342810348,1.2636179975000332,1
617,0.663626858911719,0.4655294174239638,2.28076808877904,1
618,0.7148320808305882,0.7286069779444166,5.520681036923017,1
619,0.5743811071823157,0.7182246898225998,2.3533957549993922,1
620,0.7739003802291415,0.6894705484698858,4.646482595435074,1
621,0.7768150420284937,0.0050362778282366195,0.26636602109596375,1
622,0.0,0.4944542640440838,4.610476979708204,1
623,0.9363278927091881,0.793468644010134,1.0060371147247003,1
624,0.395771809276215,0.2923295467915222,2.423213123310855,1
625,0.4060493375423732,0.012581321343700607,1.0277572563974533,1
626,0.17191817351360109,1.0,0.7159937342593461,1
627,0.08709183688139915,0.8743363478282367,0.8519370050667717,1
628,0.8741879245302134,0.35375191928797334,3.195305800111963,1
629,0.5098674264301453,0.30822571943885757,0.791429795457236,1
630,0.906309151295938,0.09228363514378377,3.937552017079299,1
631,0.8552639207920516,0.48446356537838364,5.1711176916422765,1
632,0.021569203596622896,0.335292646835387,3.3916594945181093,1
633,0.18302664617272635,0.5117379625597349,0.9818518362560775,1
634,0.793664632847471,0.2238377454440901,3.3839329612977695,1
635,0.6412049257385772,0.6047605759692438,6.14400008892362,1
636,0.9424801474412117,0.0,3.650017944937093,1
637,0.7198030696270454,0.27602966060146167,4.501215169682675,1
638,0.48966941660311275,0.8227657119397918,5.547235083343956,1
639,0.9991259227776182,0.024462349898678373,5.354789832031057,1
640,0.5041327805030059,0.621676118261865,3.2489375103582026,1
641,0.19282370761551068,0.9989993365435257,0.9542527669221963,1
642,0.6572291072045086,0.0011318670706418408,3.947257740113131,1
643,0.794038857209516,0.36038416082515967,3.779436908280369,1
644,0.22826362252777413,0.6561966927064522,2.877410762324118,1
645,0.6232497384031062,0.700509262114688,6.232132674391824,1
646,0.1354251967414306,0.8298250140115836,3.643221744685909,1
647,0.4709580676852832,0.8098134420879615,2.072569111204843,1
648,0.9124463155419077,0.1085448740614466,2.7082201147290164,1
649,0.1437406617313655,0.3819308678991468,1.10607796205985,1
650,0.8832577480070338,1.0,2.246635355642217,1
651,0.4248531642555827,0.47925041865015905,1.7070819332275993,1
652,0.8893817480581936,0.0379879521156297,2.538179015546006,1
653,0.28864852772973787,0.45933974453754517,2.2733491711238774,1
654,0.5987422004430336,0.19894039947596232,5.468548863282418,1
655,0.18253245895114978,0.035781307717949185,5.83922016406904,1
656,0.6207951315703323,1.0,1.6693537207077127,1
657,0.1536345074174485,0.5842918702844214,4.819886931779984,1
658,0.6919410795539254,0.45893015810510907,2.783679238807247,1
659,0.0,0.07115896046173495,3.4245835675426477,1
660,0.6715032217517434,0.0,3.272609953065568,1
661,0.5485551697664285,0.2579865443012547,0.8384609947403049,1
662,0.7179975979926989,0.9195253536368289,1.201328324085942,1
663,0.9894419694520163,1.0,1.3021416103468977,1
664,0.11337815817406222,0.5928378527420941,3.488929871859681,1
665,0.9146182722927889,0.34659680078694466,3.1143609984596816,1
666,0.22656787056698094,0.6641881263730934,1.9385422902803136,1
667,0.9166662967379265,0.7339374968805225,3.0984457629575077,1
668,0.7970111108142447,0.3957154556299186,3.620946339018077,1
669,0.5085137681923351,0.06341855459073596,5.34258303749775,1
670,0.994620047953249,0.5883426739884305,5.647165491512728,1
671,0.21206161962484277,0.9504764314598451,0.9009553754144052,1
672,1.0,0.0,4.885349304292597,0
673,0.48983502273083424,0.800355287331526,3.135179994602735,1
674,0.6438377598511434,0.8157714516591426,5.64246668823567,1
675,0.3351180711913992,0.37419878011858243,3.9750626917042484,1
676,0.6364237156005677,0.7810956063118262,5.407233326480643,1
677,0.26182236931014835,0.5454923137347194,2.1374834290164446,1
678,0.172032516935187,0.4292575266645439,4.586936363834774,1
679,0.6970121000732301,0.5659782065193293,2.3940196009599064,1
680,0.9039818988216418,0.391223003201282,1.0480610991582484,1
681,0.7933646666935379,0.8337769435241628,1.8316499897372316,1
682,0.4909383350856697,0.6475919034019778,5.153954994507998,1
683,0.03601002103620608,0.0,3.9565913698315827,1
684,0.29795703777841775,0.800329434637846,2.220979022226857,1
685,0.7922976462598926,0.07590055604798825,5.006799674198597,1
686,0.21669568050405746,0.711125474679823,5.416230530792902,1
687,0.9616535882550113,0.509088077040032,0.8708916092313906,1
688,0.5019020720117554,0.15253019831518913,3.8155243524111904,1
689,1.0,0.7081482990525019,5.995760363228354,1
690,0.5340394945874816,0.3091730618545424,1.5396274157129548,1
691,0.5071737794276651,1.0,1.4623873158516492,1
692,0.04862658054436375,0.015215736012461198,5.727892865300734,1
693,0.07924417176510329,0.40328640909771857,3.325088747630406,1
694,0.4715504544424522,0.1986301543392815,2.7821182119635757,1
695,0.0,0.3671223818820924,2.2524482355312925,1
696,1.0,0.10215174779960623,0.5127171513973277,1
697,0.8278662678717786,0.9994354692851868,1.6613947467418875,1
698,0.060953950455572774,0.5003027931886251,5.166958727893706,1
699,0.5373733965372132,0.5141137943862153,2.9822019938224003,1
700,0.8315433163852037,0.3675624884150889,0.9564654555025478,1
701,0.45977654325011186,0.15049864782672592,3.0613467810992847,1
702,0.7842301515181811,1.530329947725445E-4,3.977617711501537,1
703,0.14266174066141385,0.7380148617373131,3.449341259808328,1
704,0.5691232854103273,0.45085222313528756,0.6017982787197119,1
705,0.4463676170058683,0.08976778888301673,2.708826525223755,1
706,0.951538114693664,0.6734316384428025,3.861692887696876,1
707,0.9996143630635129,0.7323920782233722,4.20940034190647,1
708,8.349010905879287E-4,0.00462974976076213,4.775264679203253,1
709,0.8518026845634161,0.527171747501319,5.328975100559273,1
710,0.8100239929373472,1.0,0.12682536492141053,1
711,0.4230755222875827,0.8665532164063772,3.5240196457608755,1
712,0.00612638403076432,1.0,1.964583783865864,1
713,0.6221367583233428,0.4723294056815308,6.011664993982939,1
714,1.0,0.3322603888006896,5.681515893556193,1
715,0.9021151062824877,0.15477499578137094,4.084797696191171,1
716,0.36244109091999716,0.8752645071107455,4.014739491407468,1
717,0.5033632622534817,0.39084923018979906,5.00605434282119,1
718,1.0,0.8155670130328969,5.236984898001536,1
719,0.23065866309569763,0.7786181747403613,0.1180754135260571,1
720,0.002336628268082707,0.0012300917069638104,3.871987282960634,1
721,0.9223854500375848,5.327151525746098E-4,0.04572676433147368,1
722,0.03224632298072748,0.012421329513427818,4.193428730726867,1
723,0.7169400668380418,0.0011480612949653546,6.165717231888708,1
724,0.41965138581112843,0.11175812273897197,5.84729306569066,1
725,0.1558683205752643,0.5147631985268439,0.1752449998482804,1
726,0.464863292172717,0.11862074780446552,0.44749522414385423,1
727,0.18134759461201902,0.10424620537029408,0.7309142766010439,1
728,0.19000929531194258,0.9987064565423746,0.7435026907283592,1
729,0.9999764453989325,0.9605601583868899,5.764051458679352,1
730,0.877883482438221,0.595323953315189,3.5676339618799258,1
731,0.7385053297292564,0.9975425893066434,0.6145597255832889,1
732,0.44364215365977133,0.8905451809192376,6.274455722165285,1
733,0.055677683101268007,0.06343005095880785,4.213233813281838,1
734,0.06015117433592161,0.7614264191531437,0.06435287753477809,1
735,0.38161156630646625,0.6889796347473105,0.11200692658767666,1
736,0.0,0.006306304399194463,2.4824228187834105,1
737,0.4591636793755959,0.39350927882149705,2.480292454304113,1
738,0.9344110255540001,0.1906345628934331,0.8825531697312297,1
739,0.7049347132046705,0.42214207217807853,4.784968691585315,1
740,0.5177122361373696,0.7815036403075237,0.15576672681719345,1
741,0.36215433309993017,0.07066184580912123,1.664862763845966,1
742,0.18942373205139573,0.7564838988018716,1.3848627248026868,1
743,0.6300319681067275,0.9328779274067937,2.3077022498467796,1
744,0.8595451128591635,0.5197748704861442,1.2645034272272144,1
745,0.4453014475062878,0.09396183064892842,1.3182510289151264,1
746,0.04314248009129418,0.12470002677738762,1.8127326990987414,1
747,0.9981401661096718,0.1933947622438238,0.6461915289138433,1
748,0.9126181516888134,0.9624474863488922,1.5296605158544847,1
749,0.4714191459019731,0.7571325077345789,4.089743008029828,1
750,0.6881738637456313,0.152399585856463,1.3904756935089597,1
751,0.45299565791572016,0.5915955741790012,3.5751412879093016,1
752,0.7779274478992059,0.3503052542518331,4.498318004241322,1
753,0.9889681393875326,0.21446927985105066,4.37403738489601,1
754,0.809963674700708,0.7607378512342798,6.017700495886523,1
755,0.6213612153756551,0.9260485855918523,3.8824437082239514,1
756,0.5681844714664992,0.266361305403566,6.176860824916012,1
757,0.18096325984112135,0.9218775932856059,0.9010452806912187,1
758,0.7518334611705806,0.4535171836320009,5.908912868153188,1
759,0.06495292697194925,0.9223170493781988,1.820086166379127,1
760,0.028256074077615358,0.5459885187114426,5.7689096878382795,1
761,0.8027554516969193,1.5663182706370405E-4,5.9358187264704245,1
762,0.8624969501255902,0.7967512021145947,5.076221222057597,1
763,0.1717225748089414,0.2626372640343033,4.979145833974943,1
764,0.1251531410879232,0.061834830259566056,3.8433726156700527,1
765,0.5045047374452991,0.41850138971729434,6.120737666866534,1
766,0.8963111956735488,0.1964471416858755,3.3938180405827274,1
767,0.7526409167263609,0.1717534347157424,2.069923837539207,1
768,0.8504534851914021,0.06380810551635831,6.260538987932693,1
769,0.34949369364865096,0.5611573630747463,0.10620499631554019,1
770,0.16960470555868717,0.29101446730930125,1.4172810514843512,1
771,0.27265122319341994,0.14970846484053738,3.74163294107946,1
772,0.48616235608785857,0.7276291257781998,3.499160733009977,1
773,0.9711558430791843,0.015998535494769026,0.8046570073330463,1
774,0.21032763115776743,0.4053442844046252,2.392916600602142,1
775,0.2219767128843317,0.4345298639303287,2.5779586680932813,1
776,0.6676375195497503,0.32736637261072854,0.5340007071484674,1
777,0.7681459922232947,0.4193615678065821,0.45901557636658946,1
778,0.8571201975802465,0.7172415763550845,6.21791101746441,1
779,4.882979117128584E-4,0.6760929863724879,4.0657739309331316,1
780,0.38405626694167033,0.5882893953698793,6.0897162479029605,1
781,0.13901266208037216,0.06998320807582538,4.852407370650452,1
782,0.29258855590628857,0.182506206742276,4.722414592840157,1
783,0.8621350936874939,0.23999052803614085,1.2523736121104947,1
784,0.13939570891035435,0.0010135628528286575,4.863777358125379,1
785,1.0,0.28730970811637446,6.132552133718879,1
786,0.1658081203687836,0.0,4.913808411209946,1
787,0.8895912394617131,0.7716960215729385,2.1791524715373076,1
788,0.8986635486557618,0.4785495416721273,1.523369352157164,1
789,0.35880774216977834,0.5334307899526314,2.7860539744128863,1
790,0.35159659591103065,0.016396613298188815,4.744725903062693,1
791,0.09757531767602022,0.9999091488134801,3.2554021659519554,1
792,0.5412560433060801,7.44715802776462E-4,5.664542569295192,1
793,0.296223495587927,0.3757085448655765,3.0948734696699836,1
794,0.6261618583696492,0.14476321678865897,0.5762210044976307,1
795,0.07831754606081075,0.5216411965961891,2.408649222910591,1
796,0.999017269969385,0.8436499608310419,5.020717400414383,1
797,0.99996420272507,0.6857555780414156,5.392956882062837,1
798,0.9827418106955048,0.1952875883848418,1.853130844173868,1
799,0.7627008692518624,0.5949225205263443,1.8065562246957052,1
800,0.3142200843928961,0.8174775765295155,5.3301298461177495,1
801,0.9997705644537032,0.014918939122284439,5.069771236692384,1
802,0.6099919163903176,0.789120383147431,2.4249208897163275,1
803,0.5105226039596714,0.1471864765388366,2.561481858492766,1
804,0.0,0.7134842351872415,4.582927015859614,1
805,1.0,0.5450301071267759,5.33851323510906,1
806,0.6683932388211968,0.5388272339814821,3.19063347250179,1
807,0.42415236911623583,0.23264810723031523,4.227834979476512,1
808,0.6023345731787489,6.531589627707653E-4,5.725430376662112,1
809,0.8833685184387317,0.8997728504599509,5.040271705356973,1
810,1.0,0.5261911637395797,0.16985514383903247,1
811,0.6539591317716822,0.9997473558440322,1.7927238954505524,1
812,0.36752160470383355,0.22977288344397945,3.187578169468412,1
813,0.20143530355613115,0.10226555782433194,2.7751053328856576,1
814,0.7105663103346403,0.9408015928222047,2.9392013160664145,1
815,1.0,0.8421239793007922,0.539977265555201,1
816,0.3031468453099709,1.0,1.8174171942171706,1
817,0.10556542451349182,0.10263090237256016,3.4104432914933662,1
818,0.08940588274068402,0.8406573256433638,4.57130036287622,1
819,0.2959201904687232,0.9650029853156646,4.043738982672869,1
820,0.5140319994241969,0.01523565248620171,0.49230217121927583,1
821,0.9992864792398287,0.23117035984066214,5.467317007676482,1
822,0.6547357406453981,0.0,5.299790573037649,1
823,0.44362805878834055,0.6016021694789693,0.3023587064631457,1
824,0.9670434593770026,0.5481400749625549,4.349363236962597,1
825,0.5761559167783004,0.8802377044064198,3.833186604934528,1
826,0.12005540890996683,0.5991562347088786,0.23229347393150573,1
827,0.023117270293315374,0.5741683905566992,2.1741852900194933,1
828,0.400833241836254,0.4633505711082665,2.111370403367879,1
829,0.9252963230391998,0.5985628984664364,2.0056670954540334,1
830,0.5393048265258825,0.2675453757369547,0.18289429800744728,1
831,0.45085129432304183,0.6732977427657982,2.0992153540803336,1
832,0.16833539176598927,1.0,1.864052605148603,1
833,0.4714445471089969,0.8927379835682709,0.8991384019151587,1
834,0.8848830812623555,0.836608183613698,0.3817713447516651,1
835,3.605169778538291E-6,0.1691992954622227,3.4254818876198967,1
836,0.6634970291290886,0.7875110450989573,4.926727690750016,1
837,0.446303386952578,0.808567484304046,0.07593979943775508,1
838,0.03838209707584455,0.6634551997844311,0.32655144320818197,1
839,0.8162510508200118,0.40359337676876594,4.926854996830574,1
840,0.9852207326411379,0.7063084657614372,0.651122655648759,1
841,0.16201907082951486,0.6567458170994314,2.0030175374834394,1
842,0.8773870896664688,0.08859340074146307,3.6221903974606926,1
843,0.25939066314700265,0.30596176556341714,0.2908498643742501,1
844,0.7898138938114921,0.9981856169753903,5.9505165843068335,1
845,0.5873943422383148,0.8432121507519837,3.5237761625871964,1
846,0.8243415859088401,0.6133654210529773,3.2733497035701036,1
847,1.0,0.5824914082066872,0.028884771464951164,1
848,0.32876039807074503,0.21380402775800936,6.0444826619524274,1
849,0.47813843964852404,0.4667094708135852,4.406348968676248,1
850,0.26607588490897227,1.0,1.2598689082369048,1
851,1.0,0.5218367774302023,1.3791778926784866,1
852,8.051809543175894E-6,0.4445985638202983,4.722453912247185,1
853,0.7848480738720633,0.39132781072167794,0.5204851870074995,1
854,0.42709492772505836,0.8046197820621728,0.05365591593053725,1
855,0.7824301111769245,0.9993020209963179,0.18437330928579537,1
856,0.6933763720947015,0.5222338775282186,2.014489136402546,1
857,0.9710121466304832,0.5756809098706623,3.742688959600508,1
858,0.38754445394282944,0.05443335766795899,3.302234889734849,1
859,0.9730611140580303,0.429858489699516,1.9410999923650514,1
860,0.77461994308305,0.010917902745505286,4.352742901691838,1
861,0.851958305663777,1.582684469234089E-4,5.232333780692448,1
862,0.6328320660318553,0.23077181225468035,0.09455257382260694,1
863,0.2795009175992329,0.02268850791932346,1.7573994892716418,1
864,0.7125167755016484,0.13018710085578714,1.4428103028390031,1
865,0.8200128928803015,0.21264372289560093,0.03656014194963131,1
866,0.8579783406564369,0.36862724251644224,3.33006366419374,1
867,0.5470306179722654,0.5192625258466933,2.6524160270980577,1
868,0.6101390320381231,0.436777054480131,2.4032137324502485,1
869,0.33072232382209404,0.7412585814919901,1.8827033571085765,1
870,0.9373966235562022,0.9121583863027748,5.887836457896449,1
871,0.5983612048523631,0.37710933789554,0.6181982298086415,1
872,0.5337531931569666,0.9901631835840079,3.56605269710599,1
873,0.43799081597943307,0.8688764418094895,3.162082144778901,1
874,0.40793557334928043,0.724788957778592,5.367187852087642,1
875,0.6926206095177281,0.8333309155288636,1.3751163911109767,1
876,0.4049871224164987,0.0,4.959038507639913,1
877,0.22952025859326172,0.10865463274302255,2.8273605777596735,1
878,0.9150103335587486,0.20048949979255248,0.22184695234844626,1
879,0.0015471781642563418,0.9215167631618048,4.364272177066037,1
880,0.9944530258612925,0.3459973666746379,4.632786356492904,1
881,0.86676668883079,0.38669274850397345,1.355534514777598,1
882,0.5301532838634051,0.5901999063596676,2.4899738931218875,1
883,0.052440460437574,0.9413670580905491,6.113876542433306,1
884,0.6911702182119099,0.9099274274368818,5.029936391172364,1
885,0.4095864795073939,0.36240241099462606,4.232816854605843,1
886,0.07208335621528934,0.0,5.454630200622237,1
887,0.3906514810478977,0.34240325821599804,3.3532272290692933,1
888,0.1023888579141845,0.0016065242542450497,2.7571068246713124,1
889,0.1840520102606001,0.07939245178066154,3.2452726247183197,1
890,0.7046051572580991,0.7558386533151036,1.0693411895992626,1
891,0.8430398998973987,0.16602260122945628,4.029056196557538,1
892,0.7681479753086736,0.2393081869710007,4.822569556445181,1
893,0.510390017489105,1.0,1.9349091622324217,1
894,0.6272936496989306,1.0,2.9304963580463417,1
895,0.9995189586670599,0.785880842495856,4.477460185826482,1
896,0.7787169461329063,0.2420266040461169,1.7978229613831938,1
897,0.6811517470548121,0.3486202917296248,2.897923299397845,1
898,0.7819262112750897,0.07652477637404694,2.3732940546775865,1
899,0.11034539524438794,0.7189951160712656,4.536995585387203,1
900,0.8858819748870164,0.3139149760144074,1.691975043218532,1
901,0.9032749879239597,0.0,3.773151114751748,1
902,0.0867298351863584,0.8776847242378258,3.7106842531231865,1
903,0.39548105124587785,0.10154929913622522,0.0016338731079028612,1
904,0.48507345691989,1.0,2.113575037654534,1
905,0.5414885405209792,1.0,0.3831514271365081,1
906,0.44605488947573235,0.6604281759605529,0.6849142198581629,1
907,0.6719288504957885,0.12994648103324383,4.126121124920047,1
908,0.04073148310636453,0.833207728452443,1.0887504856996777,1
909,0.0,0.2136037139665941,2.3979246045372955,1
910,0.7766148497075201,0.8501290067012498,4.099756188240591,1
911,0.9698535311007404,0.916810394314898,5.979599486473991,1
912,0.3889372420527764,0.4168026877054838,4.147472347031704,1
913,0.33673929346582276,0.6598886351891463,2.2205576069283635,1
914,0.9450589444052905,0.05570171527371539,0.16658617407918191,1
915,0.07177393869209037,0.6384053759813765,4.183320786239633,1
916,0.1721019185463412,0.601182748807678,0.5527840977765285,1
917,0.9482462110412196,0.22571228824914547,5.910973474873975,1
918,0.37294720249411906,0.9971258796511927,0.2259429653167,1
919,0.8135835881249182,0.17598841679533825,2.6481566420168585,1
920,0.2533391827467853,0.0,5.540066579374691,1
921,0.5230461960418856,0.1938031049309721,3.8612986341704905,1
922,0.023830717562949126,0.8559982405569531,4.904710145811744,1
923,0.8675342048983088,0.6003626705085137,0.294699189633414,1
924,0.6507077305013313,0.7295529434051066,2.821733731632578,1
925,0.9248536065188594,0.7335662079075558,5.860472884486795,1
926,3.065842842495017E-5,0.9717513446793319,3.821115716863,1
927,0.5575599441022719,0.01936009912318527,1.3074663843841599,1
928,0.474967453352908,0.44171590913156755,4.0621360539085725,1
929,0.3685396115092246,0.9995863634816801,0.71478382562573,1
930,0.09822147266695877,0.2519988316229576,4.865561178236132,1
931,0.05408616731980198,0.5548548711328437,5.901253812089391,1
932,1.0,0.9994660820534449,1.1813700344506068,1
933,4.2757492973857704E-4,0.26211979278495684,1.6260023440464064,1
934,0.11804208422628369,0.3696025323014472,5.324406779598691,1
935,0.48434707570369584,0.22627109798612519,3.65402624298062,1
936,0.10285168163093203,0.9930535775078305,0.05320817311750011,1
937,0.9217569690678015,0.7677554664499721,0.2780830739042436,1
938,0.73329397723515,0.13306516904262575,2.244286192140964,1
939,0.7525032421275263,0.11201615658998665,5.158579595345444,1
940,0.1297815865975798,0.675017928322187,1.772146015820281,1
941,0.9001630017344914,0.2864168623888979,3.7064997228756877,1
942,0.9725283019469897,0.0,4.315710942323592,1
943,0.5344336285822043,0.9986291335415632,0.22936968493785279,1
944,0.996952159345009,0.6583490760981932,0.9927842391545667,1
945,0.6479526611754,0.5460722483751691,4.714267325332739,1
946,0.5485448927402461,0.37807622741272756,2.722405481533394,1
947,0.0,0.9450836050451248,3.2374236626974007,1
948,0.43163281097299816,0.9312345554315107,1.9016496630132518,1
949,0.8689583991271952,0.7532614352849478,2.2715603354172313,1
950,0.09612564467785664,0.7134618525036088,3.3003574935232027,1
951,0.33203388472253226,0.6964977048560592,6.23508595383488,1
952,0.6104091908719478,0.0016556699214850684,3.196108036342306,1
953,0.8169863558715613,0.7975989109754391,6.16313814831808,1
954,0.9598967144063717,0.5549584482858237,3.950904592856189,1
955,0.24268825026540913,0.3101235855404474,4.242041423056484,1
956,0.7033555068347507,0.8778506275839727,4.232306238010841,1
957,0.8831332883864401,0.5998397253730677,2.9710903773036668,1
958,0.9304795994725179,0.8648480527034391,6.20486497802977,1
959,0.0,0.4897440898239306,3.6367771236841406,1
960,0.8640447649119324,0.6936196953991846,2.4597763525689857,1
961,0.8105069972278509,0.9997809152712733,1.555860549484402,1
962,0.795071489633861,0.7167544742138681,5.8192422853435435,1
963,0.7646010871763685,0.952329527114304,2.8401670242338635,1
964,0.197754015384216,6.265764623147754E-5,4.5452441089926445,1
965,0.019602364876020437,0.9019346345631072,4.735924958052726,1
966,0.22067082881481975,0.15961731972227036,0.2914285499822525,1
967,0.11477953320637391,0.5067473402523325,5.193943916937996,1
968,0.182149731338126,0.08781905902260995,6.0164623499108405,1
969,0.1821615370398765,0.24675814958685374,2.654396047615162,1
970,0.4099420910291117,0.8051840248883396,2.402273440690628,1
971,0.876709856344309,0.9796872931362892,5.173454231408433,1
972,0.9372746704327783,0.8987508717636807,3.2566942668112824,1
973,0.370174842928847,0.5289227959790885,5.427135327261499,1
974,1.0,0.3476642335340244,1.0959653948892012,1
975,0.6446474713026615,0.9986367464789848,0.19386435250088924,1
976,0.19817055827836075,0.8675403148771408,5.85068008527216,1
977,0.8086996500866767,0.3662831352864904,3.7257654508056106,1
978,1.0,0.7095413855027413,0.3604663735242703,1
979,0.11336885455798167,0.41174809247428984,0.332009453515531,1
980,0.09401316641805989,0.47244605602425954,4.316756888764857,1
981,0.6509078094841663,0.9155447890102147,3.494309901885405,1
982,0.8336448461153937,0.9587989340861672,0.220269490489582,1
983,0.588074347049229,0.782349723188008,3.125419006979645,1
984,0.04881834790190989,0.7067162152316651,4.807924504867034,1
985,0.37081349624203447,0.6563119857780433,1.6690192457978488,1
986,0.1910633612678989,0.02020789692441237,4.729317415354079,1
987,0.8307356365046175,0.20934439239537225,6.1391279911640115,1
988,0.7742531846619184,0.9815226954772516,4.20881942057702,1
989,0.9704156400289089,0.14890380908641035,0.42219920130597377,1
990,0.9492104087837651,0.3162554445013662,5.34363372479019,1
991,0.7921289803334948,0.5525613394693009,2.96224407230858,1
992,0.9999544600287386,0.671112363094116,4.655433227626006,1
993,0.20898309294351888,0.07719911780094246,0.49183189808460687,1
994,1.0,0.9914135933058522,6.248877850984982,1
995,0.14348878580458804,1.0,2.3988311745383455,1
996,0.15839188322070802,0.854739272099859,3.4849673638770713,1
997,0.8782606011192275,0.8447655694146208,4.243822020405907,1
998,0.8249146247869584,0.6056972784012583,2.967939227244105,1
999,0.27867292832978147,0.16120364924438318,5.305265518360064,1
1000,0.14279297079016565,0.004285126405057624,0.27978761241570665,1
1001,0.6629965978210807,0.6224921557871796,3.503298760652217,1
1002,0.18876698791510857,0.9744028583454283,5.527854847041114,1
1003,0.5057190608247802,0.42064740704486353,5.47647634635432,1
1004,0.45609464130728533,0.15355416296686222,1.1185593147677648,1
1005,0.7536954682880607,0.8494532700724219,4.749787981112157,1
1006,0.7147465285039527,0.5723136949210754,1.6155817073651304,1
1007,0.9990774489750937,6.307690261126912E-4,5.9541199508867,1
1008,0.6137449986340636,0.9908665864177474,5.972879342959123,1
1009,0.08265847566907361,0.3699043335803496,2.8549319166911826,1
1010,0.5919554355659756,0.22430693562086265,3.319179679854557,1
1011,0.15585755981665766,0.09425263853300626,0.816049798684071,1
1012,0.6948453480483522,0.057994911932133485,0.5737050109844402,1
1013,0.9337127167651674,0.0,4.865764175218669,1
1014,0.7196176210193765,0.9560956358004151,2.2125282463291986,1
1015,0.2334633866392998,0.19118091647979196,0.5253014886157731,1
1016,0.24288302640924644,0.04834478388449532,0.9118624196487601,1
1017,0.8094266043117692,0.9764694153853374,3.533178305793686,1
1018,0.6235950562796068,0.09695332361797478,1.764869718286836,1
1019,0.11938964003689768,0.36275153807805843,6.142454430658921,1
1020,0.030387579479249735,0.8379977937018078,2.595648954171185,1
1021,0.951073078877414,0.7122575315740841,4.909616106472004,1
1022,0.6261565836940376,0.7420645830152197,5.1356126646636415,1
1023,0.6388188425031939,0.4310977876605392,2.7680243212965987,1
1024,0.19641874980109963,0.7241162923900819,2.3628538200945273,1
1025,0.03691688857796218,0.005601165907311958,0.12725185013647358,1
1026,0.18335347947899797,0.40702407767979226,4.593705418261469,1
1027,0.5159926140113298,0.5424335039841541,4.601773097356566,1
1028,0.6221712506345453,0.4285139671925734,4.476977961143411,1
1029,0.8856059088522332,0.8095818219580606,6.122233458032619,1
1030,0.8177865283493341,0.14639770569469224,2.03420670233272,1
1031,0.5849458937332663,0.8006030682976883,1.475412986706209,1
1032,0.1438985314401821,0.6035770220585958,5.548235119563886,1
1033,0.23412674351333695,0.10615538919613246,1.4054164912317273,1
1034,0.14661007427107678,0.6625863497750288,0.15229810666400298,1
1035,1.0,0.7547428144828114,5.561291166269453,1
1036,0.6902037736611577,0.37601759378896304,0.2874569641436807,1
1037,0.7425207352899874,0.9997597228980489,2.7327530300897123,1
1038,0.15919413148837425,0.9161775635566317,4.424110987502955,1
1039,0.1905264330489599,0.24504913443554902,1.015534701359669,1
1040,0.9469968247947863,0.0,5.0994993684363905,1
1041,0.24129037029288997,0.2647995003161333,1.0480258102455697,1
1042,1.0,0.41340239940362944,6.109967905949849,1
1043,0.026580201131808746,0.5216243465157459,3.0252545348028446,1
1044,0.4377005492965801,0.0010996303344356843,6.138033018318827,1
1045,0.0,0.21266437624397838,2.1694629510939696,1
1046,0.505494459882808,0.2428288470395433,0.7276725157103188,1
1047,0.629178106922262,0.03656423338092053,4.925297341421819,1
1048,0.5004824956570305,0.3726828363363946,0.6948457291785544,1
1049,0.04756124480497085,0.30978620826949166,1.7846315007991247,1
1050,1.0,0.8766546958368439,5.265933228448705,1
1051,0.7435775313369759,0.4533374813901581,3.6774083757381497,1
1052,0.030634858672079223,0.02698324354357385,0.9705209780029388,1
1053,0.44677812352807994,0.682336724905485,0.7468328825122597,1
1054,0.2099024940108872,0.8277907363891304,5.885649901603111,1
1055,0.6514591633523769,0.24950496503697017,4.416667131251607,1
1056,0.047409089492943535,0.34089260222851586,3.5276804671191493,1
1057,0.4217607744770012,0.7345272085201655,2.310872033751925,1
1058,0.02260649151042758,0.5697129832970903,5.518206120336264,1
1059,0.9399585886603703,0.2970464190384202,6.2776990440081,1
1060,1.0,0.02027020781371903,6.139214600294704,1
1061,0.01940368240823398,0.3364712757457883,2.356773047956957,1
1062,0.9993986928889993,0.21611035325478611,0.8785481592629938,1
1063,0.23995951195889567,0.9092887177264115,1.7749672698815964,1
1064,0.6191755434288911,0.4492612387124335,2.521957391175322,1
1065,0.24989081353211656,0.3831162703398655,1.201147586550091,1
1066,0.2644683585965476,0.9880665784003699,3.9049052595922094,1
1067,1.4962245856063797E-4,1.0,1.7752060776491536,1
1068,0.2498395458018869,0.6011188583877294,1.3036267672296873,1
1069,0.5163894101922372,0.01611573712119355,0.16836080029267672,1
1070,0.03602407032196857,0.17269217263127656,3.0992226179963125,1
1071,0.0,0.5418321382602633,3.9194525128555324,1
1072,0.4533378464640743,0.0,4.679082649397206,0
1073,0.3970113834353601,0.9297390567575395,1.7142939960053971,1
1074,0.9530327297952667,1.0,0.779417507086112,1
1075,0.9352447800912355,0.0,5.00906090166887,1
1076,0.4317942247916866,0.9882501930024102,2.9070403284700994,1
1077,0.5330746764184849,0.2607628797163916,0.3162140360152085,1
1078,0.44356857363487684,0.10098454099354529,1.0010331001180692,1
1079,0.40079027594598826,0.5149783941477251,3.355830877941204,1
1080,0.33765278324060854,0.19094758617556812,4.100587681965511,1
1081,0.032977828426603205,1.0,2.399649605723383,1
1082,0.23969058081216454,0.4265925632921332,3.3169491490544907,1
1083,0.2096222295493239,0.3958902828505602,1.5932330556647785,1
1084,0.6045975671969481,0.7358888979529141,1.3960337113654542,1
1085,0.7268996796472301,0.6386694315968131,1.568918915840036,1
1086,0.6935977818439134,0.9990573222482974,0.6014007470264087,1
1087,0.8523263656468744,0.2565496087521213,3.5964968591866784,1
1088,0.3155134842586228,0.722879417394756,0.28253055352862233,1
1089,0.10866403558642114,0.0,4.469594110121196,1
1090,9.453350750462009E-4,0.9489192355790446,4.069245897025985,1
1091,0.6533485742998255,0.10857421327812504,5.9563401205396,1
1092,0.5245921400441069,0.7251026657426547,0.9405954088350853,1
1093,0.09054254442612755,0.7004176716331594,0.8914530917687808,1
1094,0.7333524566905083,0.0033020366483343844,3.514652787685263,1
1095,0.18296386658566724,0.9533255353979766,2.2963880650764783,1
1096,0.7501686379648578,0.6128115294386951,1.14954402678406,1
1097,0.7139538145466177,0.7254624018307564,1.243516729065894,1
1098,0.22385754795203133,0.558434817926644,2.575313716699494,1
1099,0.055940458954126776,0.9807998054179741,5.109308277702107,1
1100,0.9384507372305197,0.03439411961167713,0.3815858516134639,1
1101,0.11853733177537902,0.8353840729613584,4.721576705790569,1
1102,0.27229814346135023,0.025509081107757292,4.634244688060266,1
1103,0.2673914491545847,0.7403101303635611,3.590032333966878,1
1104,0.995724328178589,0.32674850247720544,1.1746830154986847,1
1105,0.016830696528939485,0.6460861939951235,4.212553295882661,1
1106,0.005652947576689905,0.7243685139166829,4.915419473283074,1
1107,0.3625374119309663,0.061740292009116064,0.7605604408651299,1
1108,0.9016998278887235,0.8015609771068014,5.951944096244529,1
1109,0.003268678748831905,0.11590843094019382,2.179609441272516,1
1110,0.9908665323953378,0.5492387611385147,1.5340113858193587,1
1111,0.6243462061217927,0.6571681673600949,5.615316512453327,1
1112,0.12609645406511974,0.7464888530095205,5.929945944372784,1
1113,0.24888735726105635,0.0,5.144214269870311,1
1114,0.3323405411803995,0.0,4.799767986781178,1
1115,0.19492447707776028,0.7952022992165693,0.1974366793755392,1
1116,0.9544372815539632,0.8314549329216461,5.933439143671289,1
1117,0.2578052152556397,0.0012177803149576957,4.087959100642343,1
1118,0.6984482937663209,0.049872907459096054,0.9551056276135538,1
1119,0.6509467400021431,0.7581661531888281,2.102484967118084,1
1120,0.704867706989474,0.1504120895753813,1.0111815213425928,1
1121,0.9940627201770135,0.6957207028911144,4.247096780191159,1
1122,0.21387586425299757,0.22916832121297848,6.01619331609762,1
1123,0.041618209809526054,0.550997618643262,1.2715348895421628,1
1124,0.5586779730407887,0.10809594907632528,4.667566738221242,1
1125,0.13293015879822564,0.48495231060972366,4.113034653709851,1
1126,0.9843907238667631,0.8601350354226208,5.818620562992648,1
1127,0.2891410773028405,0.11389562712229408,2.572829707127453,1
1128,0.3682378433220861,0.28780316034936493,3.614553520923946,1
1129,0.021992884451188844,0.5421966412082461,0.4348947570042323,1
1130,0.4704827359359012,0.736709967171314,2.9706642146243594,1
1131,0.4772642447906353,0.3650363965172062,0.06112112147495544,1
1132,0.6815117758655689,0.6268505253541157,3.354387435081281,1
1133,0.9902498019327146,0.5621327050597595,0.5980166753599516,1
1134,0.5832897258687607,0.12580510677266363,4.594797891711259,1
1135,0.963259647763271,0.37416137471206096,3.55327657528408,1
1136,1.0,0.08799843231711901,0.6255761319865505,1
1137,0.2142215178267875,0.41953898353494373,2.396345604350066,1
1138,0.19643079784696843,0.8710883301921952,0.5898429883942395,1
1139,0.9194156280359275,0.3889845184981182,1.37262470546481,1
1140,0.4749151839993585,0.691953775222654,3.686808876246818,1
1141,0.856962699001474,0.5753684400586383,1.0776333652281977,1
1142,0.06612296838259624,0.6217358739061565,3.731530660384558,1
1143,1.0,0.20216498527472665,5.24349767843088,1
1144,0.9999396646332006,0.018150064552943747,0.8042737231701343,1
1145,0.27475417323091456,0.5043483043999368,6.020172701521522,1
1146,0.0,0.8293715300878095,4.102027942263197,1
1147,1.0,0.2528676042855903,0.15343905300251992,1
1148,0.3510826318964855,0.06985081354710423,3.192891270969911,1
1149,0.4461732318179559,0.49328774842433565,5.73477576230234,1
1150,0.24967578437747542,0.0272964473414888,2.1490157449118397,1
1151,8.732834996796825E-5,0.026687498716147392,3.242048058454865,1
1152,0.43770138341325393,0.22001569998306103,5.514736793781058,1
1153,0.0,0.3805482888036895,2.2822136321157633,1
1154,0.8910846880366726,0.4593228494316668,0.12961829171343117,1
1155,0.45237937448675547,0.04412318213958445,3.3465348113984588,1
1156,0.49561490347085296,1.0,0.8875397995335715,1
1157,0.48086853526610884,0.3403640357741888,3.2965046289365425,1
1158,0.745557567748221,1.0,1.0683025455967887,1
1159,0.4749902950772494,0.13172790396385256,3.7040905932189716,1
1160,0.5209470866002539,0.8742756451392141,0.19660951006451582,1
1161,0.15846760820478648,0.7164004412219352,1.5338309277619202,1
1162,0.9086453151267608,0.358468957373316,1.3553832186795731,1
1163,1.0,0.09122528724510306,5.327222165503679,1
1164,0.11789407110625887,0.8783051084765685,1.7963621261769867,1
1165,0.14991501047584865,0.3376991757187311,4.9193938421599785,1
1166,0.27674236837730054,0.13104738448459208,3.091895393225663,1
1167,0.3015519386926574,0.09945152784507422,4.270924421848913,1
1168,0.46208938047860354,0.5877933112447384,2.163798982994836,1
1169,0.5188012316966301,0.015508606552278932,1.6037413115327435,1
1170,0.5280090068226443,0.3898252973299347,5.115689430755781,1
1171,0.5265847122441536,0.16024802761263557,0.9608562076112375,1
1172,0.9163231626403223,0.7219632490752127,0.024125467803605194,1
1173,0.2770558608418176,0.6139301894983034,4.352353468031843,1
1174,0.3805431656020959,0.9539120924944234,2.4234111440657067,1
1175,0.07745475260876726,0.5264531649163067,4.58419676317046,1
1176,0.12205698103602787,0.3916573383833712,4.388395847194996,1
1177,0.8708297990749052,0.9986307739501075,2.6169988645410154,1
1178,0.7973685368885728,0.25329171158762553,0.30890427860761377,1
1179,0.2742526797804584,0.7108145564518413,1.6585220710433566,1
1180,0.46119096379235647,0.9929698813385198,3.191779222476742,1
1181,0.1578852060188737,0.9752216287900822,3.715126286911564,1
1182,0.22660517376292572,0.5420726329219715,3.2922881401069,1
1183,0.575226628388087,0.611922328061997,5.122177010331894,1
1184,0.11828090944107483,0.888740705610661,1.14874383749269,1
1185,0.0,0.19297994451660858,3.159733341997449,1
1186,0.0896136433822238,0.0,4.384806371401718,1
1187,0.2329961349531778,0.8000445888808478,2.5293817143890807,1
1188,0.34030177064090744,0.18555286018937311,0.696814445085837,1
1189,0.21312629539996267,0.9487334839257286,2.850869543488603,1
1190,0.9040933128241905,0.7778549631350795,5.995991797032866,1
1191,0.9128511475981317,0.0033526275225010237,2.5055269574743737,1
1192,1.0,0.6757788398802018,1.3661472192832018,1
1193,0.4701401024367549,0.45330012629400523,4.7604076084946,1
1194,1.0,0.8465222433437151,0.4737310656651667,1
1195,0.5049680947986617,0.7333630060962012,3.6593892216352875,1
1196,0.14772084455333603,1.0,0.7994981745617946,1
1197,0.41552352788575586,0.9863761396761398,5.827863078909985,1
1198,0.32272933607018217,0.9975485976320603,3.3805900863367646,1
1199,0.340664274475927,0.0,3.7835427021216654,1
1200,0.5706891137723649,0.5767361034508837,3.034112187936747,1
1201,0.0,0.7476936683917211,3.8544662957817315,1
1202,0.7437115902641012,0.8589690174068729,0.16416162607705032,1
1203,0.7922763014302887,8.772163282702251E-4,2.6172470535134558,1
1204,0.0,0.13303141261545479,3.083243423297254,1
1205,0.6587345407083053,0.1649996874600641,1.5949103827265503,1
1206,0.0014616246719604494,0.663001626332394,1.650079077771037,1
1207,1.0,0.5277489015806917,5.9377086789022675,1
1208,0.037927098375282985,0.7413337198055364,5.143900789927024,1
1209,0.7333309101445693,0.6781021982261348,5.7731091397635454,1
1210,0.5448805261328638,0.03817876044789888,3.778893642945201,1
1211,0.02538156725105681,0.11084463627978118,2.462454853561988,1
1212,0.1421617816020672,0.45338943059513354,4.745175138695919,1
1213,0.5854704591787726,0.39149680999912495,4.870910412446619,1
1214,0.38679394676425644,0.0,5.657075258541676,1
1215,0.4992777081371622,0.02581107842970834,5.402587509506653,1
1216,0.22480693972568708,3.261270174507656E-4,4.249442534934074,1
1217,0.374401700205139,0.658047214099024,0.3522277721119031,1
1218,0.8858881385827533,2.8752951885633845E-5,4.950901586833704,1
1219,1.0,0.15682597832534242,5.101870122413063,1
1220,0.09037429140608995,0.8544603820939907,1.2672162389956059,1
1221,0.8907009754494012,0.9388299744464194,6.261604721506617,1
1222,0.3998917799251821,0.134726542764056,0.9223901599042116,1
1223,0.2664744395911329,0.9815647218654193,3.7385247838987268,1
1224,0.8714804836149646,9.133495748145337E-4,4.129361672186731,1
1225,0.9993693885942486,0.9991666467723926,1.1393061691386674,1
1226,0.9997573624725784,0.5497470792605801,1.3640998782688318,1
1227,0.1490806486588114,0.7059964040669032,1.0823838585031478,1
1228,0.697361781156118,0.4167929388333331,1.7281037837009015,1
1229,0.4412179732966912,0.22917096448837823,2.5362744073289,1
1230,0.41015869803858235,0.48971197071996087,4.958552226983138,1
1231,0.8766408456733259,0.13641717510123588,4.479011232965312,1
1232,0.9854036223705983,0.2598701286911277,1.9031801737574734,1
1233,0.9779400979062443,0.5148278025505003,1.023875975565806,1
1234,7.431554198027995E-4,0.8164954869152137,2.6856932158702147,0
1235,0.27386278009550913,2.9116830639007343E-4,5.8581152005537875,1
1236,0.6216294549610698,0.6019558480643891,3.365071189668858,1
1237,0.6720901786993431,0.37543454728086756,0.9478999896679905,1
1238,0.6016685548039651,0.294233920333852,0.3353390353840405,1
1239,0.8616510984492775,0.1042524687628176,5.954708895162237,1
1240,0.7162777723506498,0.45584976959617546,2.6920588781106964,1
1241,0.21562172556645684,0.980280660562365,4.076008971760308,1
1242,0.650116284907615,0.7219010211402083,4.884972792376622,1
1243,0.3921540297381694,0.6203920489272335,0.6113576065362959,1
1244,0.9414585837656878,0.15040938541333382,3.8193179000185653,1
1245,0.7400322238289856,0.3715832712913394,0.45609670945727243,1
1246,0.8676354863949952,3.4440100755212265E-4,6.190910540849473,1
1247,1.0,0.008092086335246974,0.06822985091205534,1
1248,0.5273567743585721,0.6833927660192918,4.4711955008586415,1
1249,0.9997541420755942,0.3585563086396137,5.4551575642333585,1
1250,0.3548363501573474,0.6752527738744987,0.9130165259338024,1
1251,0.7937138469013589,0.8626577260900554,5.965708450883939,1
1252,0.8718562803228783,0.2520677637679194,1.802855275859057,1
1253,0.5635623653807905,0.5512687237287781,0.34921427827075757,1
1254,0.5363905804278677,0.5034642812838008,5.0521327154464055,1
1255,0.690873502160018,0.44159676070240356,5.2913745243718875,1
1256,0.9839510298562921,0.20955971313310678,0.4343031277023369,1
1257,0.7271906036016186,0.6587982599238841,3.905015507294557,1
1258,0.8210833642276146,0.31250259711034806,3.5606600161674393,1
1259,0.9451080865192869,0.12017828241665353,0.685740838227944,1
1260,0.9153320273829652,0.9774374463338463,2.6606920790473825,1
1261,0.6896057588786197,0.0,3.5384280763293474,1
1262,0.35305717647650886,0.0,5.0765992881087065,1
1263,0.19424636519880015,0.8224418923302739,0.43885252775508143,1
1264,0.01350012151759579,0.0,4.1391854720916745,1
1265,0.4591090780422286,0.6003534335909436,4.151248140384016,1
1266,0.6518985376885064,0.5099065447167369,2.8742998029386873,1
1267,0.9006585422594079,0.9992723219921106,1.8438665990947316,1
1268,0.8700946979866507,0.22333653798626785,2.5119696069528086,1
1269,0.9976736622210565,0.8028424831716431,0.8229770673549848,1
1270,0.5348547303608363,0.19283193290302753,5.246981388302193,1
1271,2.869196089826481E-4,0.20486421672726127,3.4335727453248444,1
1272,0.0,0.061453882520114377,2.6105300873447375,1
1273,0.004819694368969741,0.8084684605270015,5.029329278962762,1
1274,0.9475345774262383,0.2694433366060695,5.024335887121927,1
1275,0.3695159244241681,0.6918802755073239,3.2265410318239787,1
1276,0.15346697886846034,0.6638964856636593,2.5289310797364,1
1277,0.9998163710788037,0.8002772681745902,1.5144458798685199,1
1278,0.21002519183692708,0.9545390681615727,2.9461034043958643,1
1279,0.005006001441994076,0.2304700156889769,5.201066502790266,1
1280,0.32507256038537413,0.9381152592068004,5.977825608401411,1
1281,0.708435365298162,0.8026401332720409,4.3258546171517835,1
1282,0.9375326019657323,0.6003506267545667,0.7902006250975271,1
1283,0.3366042711246659,0.47113031291502877,1.2093135553033165,1
1284,0.5935530896857185,0.9509828077724067,2.082939947212477,1
1285,0.411048646801522,0.07106916353516711,6.106149363392128,1
1286,0.42524078101009766,0.07722820380054235,3.5878486454796152,1
1287,0.294727212933169,0.9196926745618237,4.040849615098404,1
1288,0.801588994397107,0.7170583175855585,5.517445315893201,1
1289,0.12118593288651892,0.48652897847695725,5.793600262757333,1
1290,0.9857635241183383,0.18357787142905227,1.696642616531454,1
1291,0.09477678799225739,0.0,3.8032073219288405,1
1292,0.1751111131563082,0.0,5.335777565074391,1
1293,0.9995581024925139,0.23854074713693033,0.686523167977594,1
1294,0.5172961895972863,0.382162522830225,2.0063580412339808,1
1295,0.8905406125519515,0.26950682065069304,2.419580861305744,1
1296,1.0,0.1331108192378119,5.703822550977891,1
1297,0.09981668145328118,0.4945411840970092,3.7002642891089566,1
1298,0.7172334109822766,0.6850557110773382,5.880857818280072,1
1299,1.2303450354851577E-4,0.010187138285833898,4.408163564324084,1
1300,0.8383082837570531,0.4622141815870877,2.189826889713645,1
1301,0.30387505039690355,0.45292993625277755,3.465137301265742,1
1302,0.9998731272982427,0.1958800032259405,1.7300596309366578,1
1303,0.8930847811431576,0.6197260256545016,2.085657408198273,1
1304,0.7881242459835258,0.32145622536275065,3.9892167914618795,1
1305,0.44668359441067307,0.2553652154991854,2.5511206252262633,1
1306,0.7512679437630362,0.24818365804521372,5.134746519610093,1
1307,0.9860538668383939,0.6930635023400231,0.7750173429194853,1
1308,0.1941136724548759,0.017625904425383317,1.2382704670356133,1
1309,0.9984027350399931,0.8295350610013993,4.56614485334056,1
1310,0.49396352574867103,0.9999832279981243,2.370124895051389,1
1311,0.7963771846567037,0.5543724044658895,2.569751772668342,1
1312,0.5296473026626451,0.9787293235418918,6.19267665740638,1
1313,0.041197763364331064,0.5486284995899836,5.43260602497082,1
1314,0.7595218408377488,0.9274733678296525,0.5520633961387917,1
1315,0.7978206530840927,0.07627605007274313,3.2921454042953244,1
1316,0.2841544315566536,0.3933612162802082,5.908052416719938,1
1317,0.407359323428474,0.6132368621403371,0.21749917207997893,1
1318,0.5126550261982618,0.6271259663253769,0.41463654288110907,1
1319,0.47798872561486505,0.30404629932813426,1.5912251160542619,1
1320,0.42737984027763964,0.0,4.469635992161542,1
1321,0.4830192309610489,0.4473219659828107,1.8192398698144308,1
1322,0.1645661621173032,1.0,3.0109046651672946,1
1323,0.3757297414334184,0.6035733908031558,4.963073172949339,1
1324,0.7161456330480193,0.4723770786749164,2.576465705900222,1
1325,0.40739194042111493,0.7763876405093243,5.749573837053933,1
1326,1.0,0.16846941203955196,6.113310518364473,1
1327,0.9142176382594284,0.9902399167854735,3.6816626414250746,1
1328,0.2821918550242705,0.8168051125507098,0.1846265727620212,1
1329,0.9380844253044764,0.018458678544534264,1.5974656653894963,1
1330,0.5054875931166868,0.23549033193699584,0.355067679813702,1
1331,0.8765965299810998,0.7861738138811245,0.5010055351608291,1
1332,0.4797203447289126,0.7793111047665278,5.2230845817152876,1
1333,0.3171128121279278,0.03310579303977065,0.09451664162103306,1
1334,0.33216111965744555,0.31935510626315117,4.9306685949610225,1
1335,0.46417379874198184,1.0,0.781986538411078,1
1336,0.5413394263556078,0.15910853732493024,5.258909899816953,1
1337,0.8475270457631554,0.6769882712045335,1.1386565376779088,1
1338,0.17741295806893587,0.9772027759553017,1.0960883642454393,1
1339,0.0935562976565131,0.0038409207315958827,3.4052908320285695,1
1340,0.9621623638793494,0.2788237475054096,4.893097945259952,1
1341,0.0,0.3632048908755869,3.1368268597484645,1
1342,0.9105854952240698,0.8045481449292773,4.696926200882332,1
1343,0.6897656191459306,0.0,4.675687067698926,1
1344,0.0032448419551232704,0.31285566675910126,0.7988495502588433,1
1345,0.664078283299421,1.0,1.3234590070605576,1
1346,0.9576428167539721,0.14557255414389716,2.2887003053525925,1
1347,0.19803313477104958,0.02226061224879826,3.416617320230082,1
1348,0.1387167855913743,0.14022973592098717,4.553349633659067,1
1349,0.964838476470432,0.04628747380568215,3.7988262827089234,1
1350,0.0,0.798677340620419,3.8940328514773204,1
1351,0.5321502222649904,0.026975054044758785,2.7392309302588123,1
1352,0.988219894099064,0.402393729390545,0.898399741804692,1
1353,0.5890666552714324,0.3365699741477234,5.278627716161657,1
1354,0.19438673862787248,5.415292569028739E-4,3.3955149539523997,1
1355,0.8198419779491032,0.4777645529673067,5.6402552115171805,1
1356,0.7559953771502097,0.9613469977773207,3.1146046912765857,1
1357,0.25220768789268083,0.5913991800745778,4.4488759704563074,1
1358,0.23635105323957517,0.19278074400511705,4.693223281631786,1
1359,0.6086177304575583,0.5906089201608073,2.903278670134432,1
1360,0.44342683951121414,0.41729577093454195,4.335517958776586,1
1361,0.688366336187221,0.12386717726882984,5.048584038590891,1
1362,0.21333316816919673,0.998781809925356,2.465566827560931,1
1363,0.3745944748105443,0.3983066486753453,1.986279168355553,1
1364,0.21269017272105895,0.5087334881298393,2.7252866283532287,1
1365,0.07150377269296197,0.478160083534128,5.876898233597602,1
1366,0.9743837042548079,0.651317914138481,4.057803753974924,1
1367,0.3982407389145702,0.33114392628894085,0.7371363079466843,1
1368,0.6477311328448975,1.0,2.4082722351750356,1
1369,0.0,0.05419667197937247,1.757713008867202,1
1370,0.90485676199801,1.9000600661947195E-4,3.3460477218270923,1
1371,0.9964176669894896,0.06420254101895505,4.4268123817320735,1
1372,0.9521343120382393,0.3877537851550673,3.0523457674520498,1
1373,0.6551562389689505,0.911738047648327,2.542358099710951,1
1374,0.11592582780366974,0.9945060411068513,6.111294943982849,1
1375,0.6812587173735581,0.3584586805996849,1.6763630330559642,1
1376,0.40534929266581377,0.027156083951906634,3.443929997514492,1
1377,0.014159745597017808,0.17742051148284682,1.9506779842304875,1
1378,0.8931746971628745,0.9135322048540161,0.5220984712457867,1
1379,0.7806768165660122,0.14694358146680256,5.826559573483939,1
1380,0.023125381235105658,0.39718527880450555,2.047717837973743,1
1381,0.31357083002818253,0.25800558227245596,2.5129918082521487,1
1382,0.4163675153428876,0.14784356561721632,5.833392812602373,1
1383,0.1699256082038814,0.30939375993583335,1.6277039239004192,1
1384,0.10370204956373784,0.7717792792346877,0.7662579377355192,1
1385,0.493080737442295,0.8728950093180861,2.5315818026964383,1
1386,0.6682789924399691,1.0,2.3355338265488115,1
1387,0.5204369934491803,0.07257015431551711,0.3364930791856425,1
1388,0.22823273230942265,0.28451369950918104,5.072990602827801,1
1389,0.8572387041992894,0.7744778858982291,1.0713102582121146,1
1390,0.7288460441074889,0.8827176631615765,5.042400501564685,1
1391,0.050180428932217226,0.9742568046036213,2.656972865391949,1
1392,0.0,0.05758875293591237,2.6888932666691154,1
1393,0.10185473423995202,3.1490869066702984E-4,3.5695325449439532,1
1394,0.16663041309509924,0.8501542842468931,5.389930526018434,1
1395,0.9835710580555238,0.06024608835139539,5.817573742281156,1
1396,0.633836207349044,0.18327600166979507,0.3591370480618676,1
1397,0.7157175539298593,0.02126470156597104,4.768805509379837,1
1398,0.8523419543907177,0.30988618860442135,6.250772286987982,1
1399,0.9371382601296282,0.9410433705505914,3.305154223511066,1
1400,0.09022113070761081,0.478100314015793,1.6455369467627072,1
1401,1.0126373870492656E-4,0.5546356553505742,1.5670771838158426,1
1402,0.6744888167952492,0.2196772680112957,6.085579128052376,1
1403,0.9346443942186202,0.5094640398021311,5.280758833188626,1
1404,0.534807970908123,0.0,5.74616590268603,1
1405,0.633320103649754,0.7898575760880847,2.794156292576272,1
1406,1.0,0.7896102117155083,0.4584726293181273,1
1407,0.9004579974658794,0.652462747108453,5.358156162658229,1
1408,0.9598592718937963,0.9199977368329392,3.976509517128495,1
1409,0.38805660032175254,0.46871661222582245,3.750861100516504,1
1410,0.3968135213167667,0.8752974910315212,2.7169879462038082,1
1411,0.2103378523456145,0.3950968916967475,0.025015218399505844,1
1412,0.15170360315750842,0.896085445053034,4.143909801399414,1
1413,0.3044100930849756,0.19577939672710182,2.6433833624938523,1
1414,1.0,0.25202957149415356,5.373333306371704,1
1415,0.0,0.31725517754324895,3.4597189078542927,1
1416,0.9077050888821354,0.8078894651406106,1.2559942003989613,1
1417,0.7260466768448955,0.4483032863196935,0.18790876720868582,1
1418,0.21171338132715128,0.3453786894721043,3.8324829249684695,1
1419,0.928188271726557,0.06756865763644579,3.9189107080805807,1
1420,0.37897075609196307,0.3602151735458455,2.082499266086583,1
1421,0.08643790730255578,0.8476279840471285,1.3791741008812524,1
1422,0.9216148116101663,0.9154417080573557,4.425908424613074,1
1423,0.30977706576407504,0.9980826439379674,0.3702654488291032,1
1424,0.37153746196032944,0.29736929058740935,3.018859056316865,1
1425,0.6618912629464015,0.48645380193159354,2.3013439826462,1
1426,0.30537281705217206,0.43766248276961073,1.028689730250488,1
1427,0.878135031608476,0.42270063501661703,3.2768638752451613,1
1428,0.9673356410925458,0.0,5.076357586017097,1
1429,0.162443063580278,0.461094655581784,0.8991878565761191,1
1430,0.7949970660724063,0.9632754079720014,4.783713159467,1
1431,0.4654946885747575,0.10308006882192407,1.4741251955082866,1
1432,0.9557277747736769,0.2189668086479678,3.6763446066019094,1
1433,0.5042919922976898,0.48856611571889424,6.0765419620502845,1
1434,0.2670337856695325,0.5535111207468866,4.467132546464122,1
1435,1.0,1.0,0.6163714466196913,1
1436,0.03105964726055244,0.1412001210150105,5.295493851881718,1
1437,0.0,0.7074815280814439,4.2045422746949095,1
1438,0.6857397166092427,0.094282599908825,4.434379253646158,1
1439,0.4650845024928762,0.9865226005969515,6.0807920609976565,1
1440,0.0606046219598176,0.0,4.473216432718415,1
1441,0.6768135797878213,0.7243913601228453,0.9834128811889835,1
1442,1.0,0.8708708308155112,5.687070595465035,1
1443,0.6619399057297846,0.6376991674178434,4.322045687671867,1
1444,0.0260026456925006,1.0,2.5095595835635347,1
1445,0.19120810376796568,0.66201155546964,3.1462916809716033,1
1446,0.99980223036864,0.9408537237373591,5.806479885990363,1
1447,0.09127154282511185,0.8537281009435043,5.181259557071926,1
1448,0.0029656393205160394,0.49285088210286143,1.453914918198821,1
1449,0.9353736264422209,0.8537505226137759,2.791517261744764,1
1450,0.024479581689383474,0.16003032760796618,2.1895253464960773,1
1451,0.8187021754680994,0.05072379526039771,5.450060050949718,1
1452,0.5524735543247923,0.24488877917758997,1.7608223110083998,1
1453,0.10034630110426464,0.9385669424708033,4.647601563603949,1
1454,0.9974048074471972,0.8972888988270789,4.706495247934251,1
1455,0.8340781496411559,0.8490569976332816,3.9503968557847036,1
1456,0.23755468676005512,0.7844592131918204,6.143798769237131,1
1457,0.0,0.9811228003496928,4.37243750481991,1
1458,0.03896643879692946,0.7634045578036887,1.1947011073465574,1
1459,0.3898640569462498,0.03830024733966548,3.6877708170491497,1
1460,0.003423493410297979,0.2936819465054861,2.399463659882998,1
1461,0.9223314857560536,0.8289057270166156,3.021548777275411,1
1462,0.4524806101827854,0.07378245342836001,4.44790452758521,1
1463,0.13637868895683003,0.8990275520120434,0.16104656870106626,1
1464,0.7396412511107388,0.45659063461285043,1.5003065340544666,1
1465,0.8151971376313085,0.141397990151711,0.19932624867486978,1
1466,1.0,0.6209578899769278,0.2882940637663305,1
1467,0.7772056788082539,0.4538512062120095,0.4172319206630637,1
1468,0.0,0.402929708498332,1.5763312593249004,1
1469,0.7595024398414523,0.20642749555132284,0.307003419973968,1
1470,0.7795602829351508,0.38114091233839664,4.169969265422647,1
1471,0.7469814815906087,0.4563998155928119,4.267028790119523,1
1472,0.9512867376610927,0.7364804644815298,4.788278479806078,1
1473,0.16216284461989017,0.8870038957308078,0.6700516930343403,1
1474,0.7123622419680844,0.042127966047943395,0.1500231438017666,1
1475,0.9562338436182816,0.6055694304760849,0.11033340618031845,1
1476,0.14580468544642042,0.979139598195667,5.199987644980548,1
1477,0.01165271854542363,0.7457611903057986,2.7573458874907213,1
1478,0.7154903441255531,8.560356213022661E-4,5.85693347540407,1
1479,0.19297287370973545,0.40981718957602875,3.510641778124047,1
1480,0.4233411751073435,0.8632973903546326,5.651758207242619,1
1481,0.11517185964920477,0.7098853667812404,3.9184886231277085,1
1482,0.2061526998619459,3.2774320226777753E-4,4.430660111657536,1
1483,0.5378362371597109,0.01155972414353865,4.945419062225178,1
1484,0.005587147745341306,0.5487429849154725,4.385115175671594,1
1485,0.4978958053563889,0.12190389642854883,0.6898892131743056,1
1486,0.943387239826458,0.267173739352259,0.1499327346329567,1
1487,0.756158244649385,0.7873765807476999,4.549199981907503,1
1488,0.8424464166027823,0.4674898707529182,1.6075334933576138,1
1489,0.6776915380939689,0.25058695970318556,4.198973626586644,1
1490,0.23756423314550051,1.0,1.9422310006536387,1
1491,0.8284305052266957,0.019811961955267365,5.196620241065871,1
1492,0.35144137078896864,0.907194003669839,0.019788711547708893,1
1493,0.0962210329803856,0.16565588862498654,0.8647286840462068,1
1494,0.007910387867574671,0.2834560359690931,5.465336876831103,1
1495,0.3664929514525041,0.8367877019566566,3.5883448988296456,1
1496,0.7456096163819623,0.6340656621738607,3.535604201058264,1
1497,4.979924952043815E-4,0.4479802304234599,1.198917326124171,1
1498,0.4523792927213665,0.823074549186037,1.8558347763220258,1
1499,0.6345801128171034,0.5561941602471655,0.5819628193145614,1
1500,0.6332291195738827,1.0,1.872142507597806,1
1501,0.33567271465147036,0.155362118577451,1.8132251405755073,1
1502,0.0,0.31262131954443384,3.804672581416627,1
1503,0.7321658617415504,0.5139664194627347,2.39772172960998,1
1504,0.7571934157051385,0.2282648699098499,3.461985774563668,1
1505,0.9962668173357859,0.0,5.1069619159199915,1
1506,0.2856183283141827,0.9986599573376027,0.5681217422304082,1
1507,0.5822265426195506,0.4591222915656042,1.5487269133139694,1
1508,0.13793210341042678,0.9828542270385734,3.08924736224991,1
1509,0.177056165052363,0.3615056950286257,2.9734290808154658,1
1510,0.7548903866562565,0.8372278807329729,2.7866831686431914,1
1511,1.0,0.3490315114402511,1.3108974011299475,1
1512,0.1666534519332413,0.5953454419451036,4.224127365697646,1
1513,0.6847455287730942,0.8874711264605791,2.7361831887055477,1
1514,0.09924296213186327,0.6134922706210455,2.505900706711294,1
1515,0.9225159807931411,0.5463454356599899,4.27309450767811,1
1516,1.0,0.7309373913577656,0.6202593949536502,1
1517,0.3725119157377591,0.5922845347184277,1.5245388273612073,1
1518,0.0012588278610770295,0.5455357888704085,3.855892542698468,1
1519,0.12081808617324993,0.4202519650555569,4.00593607405902,1
1520,0.23802408656556753,0.8578684338949053,5.627880479865469,1
1521,0.7840090400699236,0.42492137270877034,5.779945884643151,1
1522,0.7484794515322332,0.885064511005201,1.3395304281264213,1
1523,0.6976542570353769,0.9463842766525181,4.184841343236801,1
1524,0.32884478703889497,0.15916991791045249,6.220048359315594,1
1525,0.37541184769012015,0.9017808446600347,0.7986684240601131,1
1526,3.5070323965198555E-4,0.35417504790768667,4.209795097983094,1
1527,0.38290121972521834,0.03129493408017353,1.095981538066779,1
1528,0.579411842078998,0.5103246084169873,1.1060714109034764,1
1529,0.7888931217084058,0.39174044149647597,2.464461897487104,1
1530,0.0,0.12090466816921168,3.694369809287671,1
1531,0.0,0.0,3.5518572555009795,0
1532,0.7021418273524204,0.35194659358820735,0.7154394145630373,1
1533,0.7847343618141546,0.04498773352381684,4.154383441694639,1
1534,0.920850194848272,0.9049168301926999,1.5087960880450046,1
1535,0.013196204393516504,0.5769722344795857,5.190498234313511,1
1536,0.4601205881067517,8.74258617712827E-4,5.915070715862529,1
1537,0.7417100113753068,0.022726437397991513,4.974359671709234,1
1538,0.904500254080799,0.8982500791560346,1.6369421511910438,1
1539,0.517246000386271,0.4308017596449583,4.247898800607754,1
1540,0.3447632599085872,0.37720636916493516,5.493553443360417,1
1541,0.8125145653355456,0.3764872335361641,4.066496354465008,1
1542,0.9477465204302292,0.4114556965867477,3.9717912172866168,1
1543,0.04859633208070189,0.2572842564119263,4.897872030751856,1
1544,0.3269915837071075,0.9074915591124131,2.0340528607117254,1
1545,0.7719543520932453,0.6220929835026631,2.646690647602726,1
1546,0.6368278397100233,0.4463448825695099,4.96277609043927,1
1547,0.10361612648389484,0.9146044053106951,1.5914167692070917,1
1548,0.22220654201157733,0.474227427565758,0.058929815853225126,1
1549,0.6140473194689399,0.8017732719708587,3.4310950040104973,1
1550,0.41563960031086744,0.08352716136301117,6.222912603289718,1
1551,0.5917204292219769,0.8717344168147805,1.0552912356137316,1
1552,0.03509681945878442,0.0894055697667167,5.563083021080498,1
1553,0.2825586857756784,0.9408031933353158,4.586840971494999,1
1554,0.7386345378673225,0.6982954044659562,4.960651173390805,1
1555,0.21175249862037795,0.08097765647134761,5.153996007788565,1
1556,0.228728560695833,0.4976285535385792,1.4153026465012752,1
1557,0.8626536982562801,0.1265786220057806,5.514931469854561,1
1558,0.6111484817157257,0.03714680675966366,5.935653146587189,1
1559,0.3938172622408312,0.3595667613863826,2.1419726714501346,1
1560,0.4399615263665517,0.06735507206153879,2.032627490143575,1
1561,0.4077828455810763,0.10297886734861986,5.441146290093118,1
1562,0.007982569128547464,0.03858367661393167,5.411268764045723,1
1563,0.0,0.5893872316388457,2.2551772074767613,1
1564,0.8092703326916305,0.05651075014640592,4.205952792724964,1
1565,0.39967183956846963,1.0,1.2135118999529888,1
1566,0.10806388875800922,0.4413353818495997,0.597558171954296,1
1567,0.4724900524831375,0.6570559795289259,1.6637129778254358,1
1568,0.6912243211473552,0.1142839294623919,1.905205573137722,1
1569,0.9823576277579548,0.3976803414465795,2.6644238832263243,1
1570,0.6931108744117083,1.0,0.3477128318905064,1
1571,0.933394260228905,0.6299673316567613,3.0746910175916087,1
1572,0.5142375989220734,0.9858824721142724,6.10326244669907,1
1573,0.660602491851725,0.8693866654692468,4.063085314034511,1
1574,0.890326143831772,0.09410896676543076,3.1734053743739956,1
1575,0.001409501993708385,0.9991912449337996,1.3261117870892805,1
1576,0.9094040768883038,0.41267287354823634,6.064912116030257,1
1577,0.5300973040562393,0.4021119630309805,1.8330680528580086,1
1578,0.44372539087294843,0.8667413739224328,4.306934962774281,1
1579,0.6613150908551823,0.30170233695509213,4.1984077157966935,1
1580,0.6889261111826609,0.23840350690238313,5.5629023416928325,1
1581,0.7550493374028268,0.6988471622803508,2.200845244692082,1
1582,0.0,0.4249228389932027,3.3174452225539572,1
1583,0.00814512239041875,0.0,3.5373282943486526,1
1584,0.36822427314096623,0.16159573785551407,3.98886774139375,1
1585,0.2533911657100451,0.7809727890167386,4.96031829742869,1
1586,0.6968532606585954,0.5044050715115065,4.8259518438399684,1
1587,0.6462817737531501,0.9104670079865435,2.287435789960243,1
1588,0.9005176472990909,0.6648892518165389,2.5960727350236854,1
1589,0.0,0.2287020752377674,2.370903050028193,1
1590,0.24953083679274982,0.7284835923891037,2.2721435816380584,1
1591,0.6551205163498718,0.9684109491564892,3.0320873245798814,1
1592,0.9998572846760704,0.7526110122488623,0.6054434695059236,1
1593,1.0,0.9916220063390365,5.846081448252949,1
1594,0.01966694538076771,0.20642469086476414,4.819626838724509,1
1595,9.02233198643351E-4,0.993805269956618,3.3687970507535216,1
1596,0.4369680843801982,0.008380005053248183,2.148217235469389,1
1597,0.3195855585002395,0.9997895190992387,2.589690101280304,1
1598,0.16096133515330044,0.9413694535287978,3.4675534724558856,1
1599,0.8068461321554692,0.9091581659003455,5.2539339113266355,1
1600,0.0,0.22718460817090774,3.522576787640875,1
1601,0.7563552536835132,0.1499988090587449,0.09282730588570334,1
1602,0.23043803941697028,0.930521385927375,0.32617267526219,1
1603,0.9117420330984026,0.3555744517509509,1.5754686347471247,1
1604,0.7012581463885968,0.0017877150237217484,6.094855158273603,1
1605,0.053121574102484546,0.0,3.781345532246295,1
1606,0.5011216935193743,0.8984977641099527,5.1519093252124195,1
1607,0.14421996212757268,0.6915786989035703,2.3770801091130798,1
1608,0.49680958369944705,0.4519997637669735,0.326887691271001,1
1609,0.055576716949557695,0.6462135282400228,4.851000067239133,1
1610,0.9279593823132312,0.6790787078907777,4.375876375521386,1
1611,0.8129486205952792,0.12546029480277882,1.7939995673851512,1
1612,0.39253298369657635,0.9106560117740334,1.8068255694624185,1
1613,0.12012408994074432,0.2965570262157522,2.9226828141559187,1
1614,0.30652801717827644,0.7415875742966883,2.2841399503157143,1
1615,0.9887173374590037,0.10181634589061313,2.5711078828061122,1
1616,0.6176923153348933,0.8620134605569867,0.526760311374274,1
1617,0.14674306799991402,1.0,1.195918558883653,1
1618,0.34626190736029705,0.0,4.339801978282608,1
1619,0.0,0.9988907178834385,1.6565443484806062,1
1620,0.04483909534660253,0.6607650390003889,5.576919635092873,1
1621,0.3720200044713936,0.1113579483980365,4.823296525760726,1
1622,0.9440777631419774,0.07134022916354055,3.8965176093425464,1
1623,1.0,0.6427128869418941,6.26586496740185,1
1624,0.35725172302100594,0.47150170315427126,0.5643830722526714,1
1625,0.7446828569857402,0.27689390011432546,2.637174286248649,1
1626,0.578879107081192,0.5318236606215063,3.9903389928190545,1
1627,0.6151452435431712,0.00457306277098988,6.1164224420523805,1
1628,0.7802798051289492,0.313814464205196,2.0030461717663632,1
1629,0.8671030228411986,0.003532226592216187,5.7132519679725435,1
1630,0.26205756249846635,0.5096001994001751,2.537876136124621,1
1631,0.4629953488953803,1.0,1.2607469769613213,1
1632,0.26350204642766745,0.8962196388176978,1.8888892732094982,1
1633,0.6698382239301591,0.5214738178222833,3.728422152794674,1
1634,0.8268367024477946,0.1994184387917344,1.7568564324928069,1
1635,0.6447310512812586,0.7340984958074455,3.9636642398509725,1
1636,0.47159665364947284,0.2330110865164302,1.608938135814464,1
1637,0.571899963015888,0.0,4.194403768663141,1
1638,0.9423090458957968,0.3007446063479881,3.8116349570258703,1
1639,0.7624712865237391,0.9286439975235392,1.8102611153348767,1
1640,0.5003965455545241,0.9196077711743609,1.0840296700532692,1
1641,0.8877576819612868,0.585399349721707,5.469345883303341,1
1642,0.34856197781298914,1.0,0.5561143461651854,1
1643,0.05909213701940521,0.20509644786656828,2.2473977067355446,1
1644,0.9917790263049651,0.47532280549682887,4.219116275287017,1
1645,0.5041172009729448,0.2079296149373453,6.089542478160887,1
1646,0.28975578635335986,0.18584365915064568,3.443403321797031,1
1647,0.3009311665448616,0.41881719938161666,5.145748985206662,1
1648,0.5272112667057516,0.02564321513552657,6.244853768788602,1
1649,2.395097941341076E-4,4.1605901770404486E-4,3.162479397656129,1
1650,0.18419755728302942,0.7289204079860845,4.408831693538437,1
1651,0.15389215828491046,0.8804688480727884,2.2683737142372067,1
1652,0.5109982639645061,0.9641717968856097,5.3918419070814245,1
1653,0.2551358107541662,0.8721920051746775,6.139528708626188,1
1654,0.564968798978316,0.018709763971477677,4.199807309520368,1
1655,0.7898337332073058,0.47201207591119876,3.1732261481160435,1
1656,0.6968508194221327,0.8702117096648868,1.1576151956353302,1
1657,0.13643382950621247,0.0011617914435656605,6.000147135875595,1
1658,0.9492108933012517,1.0,2.1506156866628943,1
1659,0.0055108305903225335,0.47421230886317967,4.993373584641998,1
1660,0.17612242570672929,0.013455156936193258,2.5520480465157407,1
1661,0.2614372940485182,0.028189705304619787,2.948442807881585,1
1662,0.8749643014886638,0.025476129151347233,6.220424524292762,1
1663,0.4000389268387086,0.9961529392700103,0.8111219026498309,1
1664,0.008659503039490382,0.5546833582013905,1.9577278259380335,1
1665,0.9923855344178778,0.0,3.966221502229273,1
1666,0.832606880338341,0.03654722947903816,1.3122089578038922,1
1667,0.15391079744958833,0.6052884328247419,2.1515537376587712,1
1668,0.48397445114581933,0.7341590387139035,3.688063794297336,1
1669,0.9994451901310684,0.10865443528826961,1.494453163324719,1
1670,0.9076390969054251,0.31858809442606484,1.281576797900043,1
1671,0.6549069876931738,0.5939191575025836,4.962048497862517,1
1672,0.21417243637388414,0.9997571117770613,2.809557028973374,1
1673,0.456154475512875,0.33621203303934,3.4555040886631994,1
1674,0.9809440032817986,1.0,1.5258629037127152,1
1675,0.13029348328291068,0.5736457204633425,1.7488309920719425,1
1676,0.9363701014125263,0.6736939575778322,0.015600146373179413,1
1677,0.3958049060888121,0.5029408921481768,2.6161261678827965,1
1678,0.9311338128686155,0.49559234845958633,0.40445795388639105,1
1679,1.0,0.5414623376818448,6.232965412780743,1
1680,0.7933096693066379,0.3827986808909958,3.982256466430714,1
1681,0.3636517273578515,0.5820941566276302,3.5334318815112793,1
1682,0.8967074372004736,0.9837538784363005,2.5400346271355634,1
1683,0.04126605691800556,0.3729222013429129,0.46035118876785264,1
1684,0.3769349197145691,0.9992782184805297,1.3616204342249656,1
1685,0.22436387184040477,0.9237793986423883,6.054151567958115,1
1686,0.4328780898725786,0.9238071832423347,4.926522638391289,1
1687,0.6229574827880826,0.5642695042284193,4.944829267318744,1
1688,0.9262339223323943,0.10631373757337308,3.0668225337200044,1
1689,0.6129723204715302,0.1763978862974699,5.807787582549062,1
1690,0.36464628162112434,0.9986178711056772,0.13072443668930186,1
1691,0.18587427594209804,0.9120582410012825,3.370792757026965,1
1692,0.31066531721401863,0.8820957990953545,4.452040895378208,1
1693,0.911759682165651,0.8683096159944268,0.1189629948094541,1
1694,0.5332662915472215,0.08126502314875854,2.0426535044566174,1
1695,0.16102961942853566,0.6127945637354557,3.3229284206678384,1
1696,0.5862387557719978,0.1258858160424147,4.996674072056192,1
1697,0.6752852439447921,0.6697709285098853,0.017333366529386218,1
1698,0.002203792848841479,0.16985037060975114,1.572861658956114,1
1699,0.24040695774669776,0.6832274743643302,0.5165469633427798,1
1700,0.24229209835091076,0.5730494282314188,5.782578920838094,1
1701,0.8680452884216066,0.4387580871060326,6.193978678223103,1
1702,0.07478303388568147,0.9995281508126624,0.8881506225065797,1
1703,0.6608643597088301,0.9713877399923188,0.2218867111401763,1
1704,0.9686703645577022,0.4854499198898021,4.550775395807068,1
1705,0.8272730859543652,0.7305907030735176,5.989657946817362,1
1706,0.7380462486814195,0.09733832475911085,4.2618875826381855,1
1707,0.5225680839853604,0.3198755660867916,0.025860075756043197,1
1708,0.9756007138140631,0.7259667925079145,1.6831193581790824,1
1709,0.32217155289464317,8.034436989731781E-4,3.4731836436287944,1
1710,0.9043253816484064,0.0,5.188461981931378,1
1711,0.9451595092546642,0.5028895268833964,0.4584526110244399,1
1712,0.9621266757262553,0.4909293923680108,0.7965896773048389,1
1713,0.9874506397929751,0.08612782803819871,6.264662218886428,1
1714,0.9974995059950795,0.48974079225945066,1.3042095377962073,1
1715,0.970972607133415,0.3490489116827854,2.9288149301193536,1
1716,0.8087873527813235,0.3017127427193224,0.007824077122395134,1
1717,0.286451346929501,0.19896603419754208,2.45499630823281,1
1718,0.5182252556966495,0.3756318451820125,1.615807035214801,1
1719,0.8300518453525487,0.30646673175232914,0.7047246318263465,1
1720,0.06763769542662278,0.6225457298917192,2.288498674063749,1
1721,0.7109031795568483,0.5098629850752552,0.6351000934049197,1
1722,0.2734349098193339,0.9940041171761907,2.8260471613572644,1
1723,0.803601888522426,0.8033185593033295,2.0644401711578912,1
1724,0.5317179188320735,0.0,4.338922592087229,1
1725,0.5675122256689703,5.969832639278556E-4,4.540318400869422,1
1726,0.019114933773697336,0.31312937558740767,5.915261134969764,1
1727,0.9246647455211425,0.03581629672912667,3.0387533155844473,1
1728,0.5370487435650217,0.298552574853032,4.65681643243147,1
1729,0.10937377905402468,0.2537747146260351,4.664038898411724,1
1730,0.007094647260500685,0.9052245132482422,3.7404825138489004,1
1731,0.6985447485257774,0.7396125967155843,5.688058435253375,1
1732,8.744262806135057E-4,0.19849491070131448,2.523913748611652,1
1733,0.42422743989383743,0.3796080291903147,1.8693621679601016,1
1734,0.22903406291606207,0.34077641458653846,5.467397421958925,1
1735,0.7812321589657126,0.9992979647682071,1.3969698378052997,1
1736,0.48964233545786867,0.33591318878139215,1.6113004763161067,1
1737,0.5456669301926571,0.4218182354266221,1.187312430299956,1
1738,0.022325314753159426,0.8543701495449354,4.128191170647219,1
1739,0.8873773918634531,0.001682624305570971,0.3055569174752461,1
1740,0.5435438125473954,0.5588113121914593,5.473001017251489,1
1741,0.7276854472542624,0.35845291035135063,4.007351375330629,1
1742,0.6494991943401881,0.2013003960319574,4.818214538283444,1
1743,0.38020107923468527,0.039338667244336545,0.358800085873855,1
1744,0.12435507389335373,0.518217806856849,0.2456407719830753,1
1745,0.9206555937874445,0.3293840748557552,3.493281623489732,1
1746,0.6576325243614316,0.4346003172082046,6.0312584941626115,1
1747,0.35281585062864523,0.432486827607416,2.049447765411333,1
1748,0.9356157319101643,0.25029720154283946,3.102857119564594,1
1749,0.35079736861791294,0.22793116323952234,2.785494690238298,1
1750,0.997938643850844,0.05956397072091852,1.4341816655750765,1
1751,0.12275625802856863,0.6131260699365009,5.671641009180362,1
1752,0.3346538107113077,0.21567353136369635,2.3294264297745273,1
1753,0.20977347285669826,0.5011468247655617,0.4136710876219883,1
1754,0.5737657516305082,0.857191301828265,3.5932574952532503,1
1755,0.7883897562231897,0.8659961240411487,3.610549411723003,1
1756,0.6932641821107841,0.6449620154728323,0.5821206387281227,1
1757,0.8119195036547344,0.5303426843572817,0.31602304200400383,1
1758,0.9062802863043186,0.5855964408252419,2.2747183430946194,1
1759,0.7725183053001929,0.04441705546175692,4.565442421421748,1
1760,0.002390544718458808,0.7160891415961183,4.722116773455058,1
1761,0.10158068393515358,0.8254460618709754,3.6353348868770565,1
1762,8.577122366798096E-4,0.6408718245511318,3.293531104723632,1
1763,0.48718109205538473,0.5361953237947509,0.9686432101083557,1
1764,0.4257838786361339,0.6501062616745007,5.595651697556319,1
1765,0.0,0.2256881995990554,3.303641044136005,1
1766,0.8186098683197824,0.3428903577504038,3.4850158514008958,1
1767,0.3964653738477116,0.17782632425516876,2.1861407636523587,1
1768,0.8191055980049647,0.3427045516882461,1.4486987416038462,1
1769,0.0429435475244568,0.9144736778523395,5.68408587126786,1
1770,0.2892818441435007,0.8131596650784321,3.192899375972368,1
1771,0.0,0.11137389244137569,4.053860947340411,1
1772,0.33811668521694443,0.9890603919890967,6.144045604823832,1
1773,0.3108554877568302,0.28710789053661473,2.6886307755597842,1
1774,0.24177084591901604,6.316099561554203E-4,3.6583234533682485,1
1775,0.9691182105590251,0.19052247758404892,0.26395292055190134,1
1776,0.4426207186331041,0.33610104967215065,6.259031771012209,1
1777,0.5361864455546694,0.8296242043867523,5.243603406342796,1
1778,0.1903439776716143,0.8276445046962405,0.40450213970715876,1
1779,0.0,0.6755507022295663,3.9289864649324313,1
1780,0.6616730505944111,0.683305226711489,1.106578867213825,1
1781,0.3555550713119928,0.5121880781756576,4.548493402974713,1
1782,0.05523445996361583,0.07227849217429473,3.36229017950592,1
1783,0.7210625124929394,0.0012136697028432746,3.6298667456790628,1
1784,0.7555279721469574,0.06286537271844217,3.4657552778835825,1
1785,0.8093027728959168,0.9822670928594034,1.5317049355728465,1
1786,0.3280928470575796,0.01546574701985067,0.9018852173238296,1
1787,0.12049210021882033,0.09583033464805427,1.1289572326324293,1
1788,0.370292204056849,0.9564557553779098,6.094977944558348,1
1789,0.6559242611135826,0.4827345524419802,1.628748518402247,1
1790,0.24296505126153145,0.8023137146070091,0.04244332534315731,1
1791,0.08962500947141752,0.28291133198819135,4.67719782667959,1
1792,0.6943245252213845,0.45510118840166164,6.074222951217661,1
1793,0.7315624100525562,0.8348085353733875,2.7595007445385624,1
1794,0.2543727785894425,0.030799731035353516,4.2059916706156235,1
1795,0.17340256152554842,0.01786822086833707,3.4006439021419457,1
1796,0.7982049418120939,0.5338091259775605,1.8752960401366225,1
1797,0.4428678009528192,0.11412228570521699,2.2867753523387746,1
1798,0.0,0.6987043508101821,2.6167773959054115,1
1799,0.6093689955511369,0.7009568463881987,3.222622709410644,1
1800,0.45449186921598106,0.8432290943559492,2.0851077687690607,1
1801,0.3739278282874844,0.0,4.298676419200802,1
1802,0.7789777810711711,0.9090212124277877,3.1988938365513535,1
1803,0.9425174345308034,0.45978593000761114,6.283137447047615,1
1804,0.9217346632021368,0.3307059284310611,0.2671036659152552,1
1805,0.06648418423485754,0.6706600292823126,5.72738927083644,1
1806,0.32319254165224165,0.17444021754217826,2.619416986393125,1
1807,0.8477247411222459,0.1488704150032856,0.2878802161339309,1
1808,0.6750470892157676,1.0,1.6397068639840944,1
1809,0.8464771191875802,0.04016380335512086,3.9405970739555976,1
1810,0.6123810440823574,0.16610298358996484,3.568546756025378,1
1811,0.4318539232531944,1.0,2.0993668526250375,1
1812,0.47759808372197127,0.2428636181285655,5.328613029342702,1
1813,0.223720535583885,0.5752618931841749,2.2443275252915,1
1814,0.363362019267264,0.45300830105683787,3.8801096387382894,1
1815,0.850873398938017,0.805003892790351,1.564818548578131,1
1816,0.926804790324612,0.36831611465382347,5.742959668859554,1
1817,0.545241232794946,0.4051793552375727,5.223489762992647,1
1818,0.6100085686904012,0.9997223520697986,1.5237188802111499,1
1819,0.28811465007150994,0.9673662604624972,4.9130428852152415,1
1820,0.606718155900933,0.7923614663573741,1.2891693384887082,1
1821,0.9298973925348177,0.44568674118620843,0.5969567113846861,1
1822,0.9831492987289613,1.0,2.185101667661466,1
1823,0.19605840037600789,1.0,1.9914695205207644,1
1824,0.936491230633639,0.16131831631667296,6.177132772271312,1
1825,0.07969712645907916,0.528549886192208,1.172061357203457,1
1826,0.0,0.031934025403630065,3.5582495440223525,1
1827,0.28989541631876853,0.9435163649886046,5.624392394653316,1
1828,0.44414828841121823,0.7252443016276444,0.057470364556203954,1
1829,0.23202974607563964,1.0,0.8914879215049004,1
1830,0.5972130497028496,0.00876595995308442,6.139263929693063,1
1831,1.0,0.045765061964692634,0.6909687527119315,1
1832,0.6052567607990879,0.04714366326157446,4.755551199797424,1
1833,0.3473838960861241,0.17738253215412242,5.379801117655349,1
1834,0.9466910459321122,0.0,4.256192173976213,1
1835,0.12876805623956092,0.7382740975333324,0.07140091265414611,1
1836,0.0,0.4608836653703036,4.652099998377247,1
1837,0.5343237513811692,0.45801235510851096,3.4107078415271705,1
1838,0.6536629760181157,0.5984631275156258,0.854425613359169,1
1839,0.5743109202881204,1.0,1.6590941333494074,1
1840,0.8555283367010152,0.9219986006998121,0.9033772127417588,1
1841,0.9895044335988665,0.6777864126926219,4.4453136869361725,1
1842,0.7083531541736862,0.9982047183530183,2.853032463260382,1
1843,0.13483370961684515,0.6522230592541204,0.1825994592214808,1
1844,0.3573471930797908,0.08427950588877046,2.954526621297359,1
1845,0.8744882031835559,1.8517987467502625E-4,3.3567440477118975,1
1846,0.38695057787846365,0.2870093474335044,0.25960045038501167,1
1847,0.7746047475744791,0.5472442503474882,4.922636933253157,1
1848,0.645088897203188,0.6412624498406373,1.6593017020542065,1
1849,0.3214005666280175,0.5308974880510198,6.076215736441055,1
1850,0.9573699576254191,0.5036128751714473,3.401516448845321,1
1851,0.2805101887749655,0.7788940999396712,2.075325320681464,1
1852,0.9378776942256408,0.20807515363130033,0.353718226853011,1
1853,0.7494035299613246,0.8705288423891585,0.6332033534767074,1
1854,0.10345896446083337,0.18521168736770632,4.93855654498402,1
1855,0.7027077569861497,0.534668085102133,3.35551852352211,1
1856,0.15271362784609555,0.04657292374058959,5.483392331434969,1
1857,0.26413045896623744,0.41365831840127987,3.1019788595058806,1
1858,0.1831221652891184,0.9186270768904692,2.6725246390927575,1
1859,0.7596556720736887,0.8386488687028217,4.1140255739416185,1
1860,0.7998183251843425,0.33630260036132165,4.431156055243579,1
1861,0.7833149017122136,0.002276060866951483,5.889980975000064,1
1862,0.0017580751113809622,0.9430223626538827,1.7202407062435991,1
1863,0.28174545930503364,0.07862088112203124,3.9809896703086043,1
1864,0.23429996796795616,0.41815192002026436,4.725281875552945,1
1865,0.24484112417390944,0.923719924031407,4.481284545144825,1
1866,0.46244055679910934,0.07449572967652375,5.304934431090443,1
1867,0.42170507911909627,0.836073497270641,2.111283036529378,1
1868,0.8510402996703486,0.006439536466008049,0.049007977761102564,1
1869,0.9999811375067028,0.3042174938957336,0.4984064560793296,1
1870,0.4153308296242382,0.48608267466333055,0.6675925471343767,1
1871,0.3733310188189409,0.8648319352056352,2.319838093901977,1
1872,0.9268113404758247,0.6448256920060528,5.3806973998619245,1
1873,0.4601781471722814,0.023343739813681395,0.3635895352204285,1
1874,0.8234774920099418,0.32809864094194036,3.829364087292227,1
1875,0.4897727165254582,0.5924180030824243,2.92957065265787,1
1876,0.02058534704637419,0.4840074284110523,0.9982819671676528,1
1877,0.008871555022341913,0.8566080449151001,5.334561000890228,1
1878,0.19275149942042372,1.0,3.019817099224098,1
1879,0.7650522583817089,0.5035574979958377,2.241620461375733,1
1880,0.20081771622006464,0.44464814337737624,2.3957627960219914,1
1881,0.49545833789891736,0.22904036012879206,3.535035280438928,1
1882,0.39439284194902685,0.9635320361483267,5.338097866707074,1
1883,0.14140217710507694,0.784406419648554,4.5039754297053385,1
1884,0.12664879141067048,0.9915809108053671,0.9471965499956632,1
1885,0.4797943861390543,0.5519010356028928,5.274584767267314,1
1886,1.0,0.0,4.884664833374869,1
1887,0.3240977253088813,0.030316665008123682,4.847250415732561,1
1888,0.683652018738664,0.0,3.602651839145019,1
1889,0.026446388404193354,0.193577595244317,5.108828660139212,1
1890,0.5851511664444142,0.9153762850091692,4.492715819433832,1
1891,0.10138575278859722,0.6167662895699944,3.109153415331715,1
1892,0.134117781563375,0.0,5.396614497066457,1
1893,0.06317080571033716,0.15500532834824102,1.5735108762648384,1
1894,0.0,0.7780981587001995,3.1233670031432976,0
1895,0.4688984385303019,0.6487234081358345,2.9883821533974375,1
1896,1.0,0.4113799231490982,6.143814607829958,1
1897,0.22071821585899307,0.9704245103366145,5.514674923111149,1
1898,0.7841799837033909,0.016569046550479027,3.088209376893953,1
1899,0.07125571320834995,0.6197339993873937,5.8939065329140945,1
1900,0.3177654754159242,0.0,5.279659575086275,1
1901,0.021650885163220904,0.1541603024145304,2.0306121791787817,1
1902,1.0,0.0,5.2103208234961285,0
1903,0.9996981102979305,0.963290047725803,1.1620026070083063,1
1904,0.7888206726227505,0.4902798579596353,1.4604820258271594,1
1905,0.40760834302012183,0.47947031791583716,1.6620736970379724,1
1906,0.9024768283837205,0.11297321658740818,4.233216021135336,1
1907,0.5666412583468166,0.9988724689907384,2.584243521162847,1
1908,0.28085733174803595,0.6920179999867667,1.647610991918215,1
1909,0.9999360615117607,0.07696595705417357,5.680306317152097,1
1910,0.0014930075641175276,0.13964190360973114,2.3782438495444485,1
1911,0.99899443219766,0.7768720861422707,5.018162700222235,1
1912,0.1917669494426356,0.6250232076989782,2.973709586829289,1
1913,0.3227956339006669,0.0013621107815367049,5.330502377374397,1
1914,0.8751543332892057,0.3936912716568593,5.623053118035141,1
1915,0.49784529290673607,0.2497684394788701,1.4098454696850717,1
1916,0.3417437062014506,0.5348997615867684,1.0152978121766212,1
1917,0.29032154648411856,0.49652165019523253,3.3619664330072268,1
1918,0.9997305419309759,0.9991896384959816,0.4457610091203559,1
1919,0.9592770243767389,0.9975337141323346,3.612524303229093,1
1920,0.224458325949563,0.11035149887269642,3.6742426858908135,1
1921,0.9967474862579191,0.7117020890069251,4.386760757733869,1
1922,0.6133980146609204,0.9721977659440024,3.195927556755595,1
1923,0.7888656103048185,0.9094186329401031,2.4685877943010435,1
1924,0.6579553843848612,0.998841383565857,0.1334639723476334,1
1925,0.7864640797372374,0.09919809993511444,1.5448459738109783,1
1926,0.1850692453853881,0.8718518898981712,5.5275854823883215,1
1927,0.5801679400374272,0.8133611469302874,1.5796126902503913,1
1928,0.015287079678082871,0.8083767927017471,3.5360115953509395,1
1929,0.5564981450887643,0.7959165894979161,6.203435602823539,1
1930,0.5520105784958325,0.3278979749403297,6.224069682854576,1
1931,0.0011132679008241818,0.4521721103147428,4.238792843635971,1
1932,1.0,0.5527499172367171,6.113867084611181,1
1933,0.9623173594456533,0.9787966880513225,2.027862587994812,1
1934,0.8892544864152699,0.15002436734469654,2.479688341843753,1
1935,0.3799599345022448,0.9074706734374617,4.063181496581796,1
1936,0.42715887423571114,0.15077976126235315,4.316489996083164,1
1937,0.5835227536503338,0.4299716738011767,5.400103518869297,1
1938,0.7421675029937655,0.0038742351906225062,0.07732310886506433,1
1939,0.24998843123080444,0.4645791233613743,4.048822989962845,1
1940,0.11627292434995691,0.4936515462791145,3.2357009604459077,1
1941,0.8598968202481833,0.6006334177388379,4.641101945334466,1
1942,0.3376374128657402,0.2730606941020093,4.940181154605332,1
1943,0.1665484276781394,0.1512578634454273,0.9189420568032532,1
1944,0.9270592598516489,0.09228081165501517,5.0570786294233105,1
1945,0.6512887676094742,0.5440483634290673,1.0370111150529668,1
1946,0.6302978720101308,0.28179912600076734,5.105364923241571,1
1947,0.48371638833200226,0.5029364251089659,3.2618473456085297,1
1948,0.613206954139337,0.7463698191986919,4.584401555361038,1
1949,0.07205793502753809,1.0,1.783887526683946,0
1950,0.4587412325016081,0.7038535862047354,4.774149884548951,1
1951,0.1296014848428428,0.4529348953090991,0.4829607878364601,1
1952,0.7838473062174273,0.6770524067470525,6.161435385653811,1
1953,0.7513669511456139,0.6139064262171955,1.3812911121336413,1
1954,0.9305497548059828,0.7045182444469923,0.6679659652477544,1
1955,0.0,0.005087871708859922,3.8348192600496014,1
1956,0.27306242627102273,1.0,1.4800813266801334,1
1957,0.4075794402540165,0.3821803089948085,0.4876080465781212,1
1958,0.520000941934166,0.9621468401911502,6.128220470581365,1
1959,0.9494995434260464,0.1465828753287977,4.126600725564671,1
1960,0.3273297998229535,0.8512588957494513,1.2353133289522713,1
1961,0.8940066987681605,0.2857626317387047,4.5224069454383145,1
1962,0.9532999670114983,1.0,1.5509925823796298,1
1963,0.40528959885250027,0.35588021087607385,1.1107340528296032,1
1964,0.4961189276074094,0.3897522122614705,2.999160863628606,1
1965,0.20475249143491617,0.4877834909910188,4.599088931784357,1
1966,0.5555291676650465,0.43802699476786683,6.065329224008413,1
1967,0.6539862540950986,0.4122566187769539,3.825641559362126,1
1968,0.0,0.2880366530678537,4.402173728171841,1
1969,0.5245668341854326,0.9959394224014648,1.0637727084227395,1
1970,0.26145761146257496,0.5095665126585728,4.485579906092282,1
1971,0.3273575311521831,0.25235314669288944,2.9265619230357056,1
1972,0.1620162853393128,0.9125816639911961,2.1884493034873986,1
1973,0.3823394340602948,0.38915204374206996,0.44955429031740096,1
1974,0.35415093549397236,0.0,5.3284563983362485,1
1975,1.0,0.3283223656016127,0.45391102153526053,1
1976,0.2528155261810254,0.7155818929483746,2.9675823421925407,1
1977,0.44483711941491605,0.4127158313913425,5.3427214964542316,1
1978,0.6120754975304926,0.6878701381025295,2.1415188556783247,1
1979,0.794427783641064,3.364797818418725E-4,4.716442393842303,0
1980,0.04680562081762884,0.9575918221146658,0.7998426634377929,1
1981,0.6609180466980956,0.36730138496796816,5.55377930898354,1
1982,1.0,0.34972881596597666,0.5930223153121454,1
1983,0.8742719348698426,0.3903679195238384,4.2020328260378506,1
1984,0.08726321881319501,0.8355951473244265,3.409527339918855,1
1985,0.906109746857814,0.20897305415475573,4.160621178643569,1
1986,0.986542032513605,0.0,5.587506873807292,1
1987,0.3961318732283183,0.28095372391093065,0.2401765716651732,1
1988,1.0,0.05677574466196779,5.687110694286191,1
1989,0.9364117148637903,0.3449956616256367,5.686263714771876,1
1990,0.0,0.042447522845969345,4.160283929128392,1
1991,0.9979210342644532,0.022070151735024995,4.578511303120784,1
1992,5.662164259160739E-5,0.8922023085549281,3.9830461526471526,1
1993,0.37099438952503816,0.2725325754631464,0.9588276403280942,1
1994,0.138942503418221,0.7023932978762196,5.357135701940816,1
1995,0.5495329568249165,0.8762569727975262,5.761790126154259,1
1996,0.32616250298964844,0.977336161854674,2.9381108444278787,1
1997,0.9543586917618053,1.0,1.3558060321810548,0
1998,0.8508685032758643,0.8277964483611295,0.601155853976185,1
1999,0.9988617317344156,0.4734097733958702,1.4407847439988193,1
2000,0.9951417478055765,0.4938890496123543,1.8120886956106184,1
